pop,method,rep,idx1,idx2,idx3,idx4,idx5,idx6,idx7,idx8,idx9,idx10,idx11,idx12,idx13,idx14,idx15,idx16
grid_eq,wave,1,13,16,19,21,34,37,40,51,53,56,70,75,78,82,96,98
grid_eq,wave,2,12,15,17,29,31,44,47,49,55,63,67,70,81,84,90,96
grid_eq,wave,3,2,6,9,14,32,38,40,45,54,61,67,70,73,81,85,88
grid_eq,wave,4,2,4,17,24,30,32,38,44,47,52,65,69,72,85,88,92
grid_eq,wave,5,2,7,10,14,28,32,36,40,58,61,64,70,73,77,93,96
grid_eq,wave,6,4,6,19,22,25,37,41,50,55,58,63,71,76,79,84,88
grid_eq,wave,7,10,13,16,21,29,34,48,51,53,56,64,70,78,82,95,99
grid_eq,wave,8,2,9,24,27,32,44,47,49,52,74,77,79,81,95,97,100
grid_eq,wave,9,12,15,18,30,32,36,45,49,53,65,68,70,71,86,94,100
grid_eq,wave,10,4,12,17,20,33,35,37,50,59,62,64,67,81,83,86,89
grid_eq,wave,11,1,7,9,14,32,36,38,40,45,52,65,68,70,82,85,88
grid_eq,wave,12,3,19,22,26,34,37,46,53,58,60,61,64,77,83,96,99
grid_eq,wave,13,4,11,17,20,23,31,35,37,49,62,65,77,80,85,93,97
grid_eq,wave,14,3,19,22,27,33,45,48,51,60,63,66,78,82,84,97,100
grid_eq,wave,15,5,7,12,25,29,37,45,51,53,60,68,72,74,87,90,94
grid_eq,wave,16,1,4,6,9,23,26,35,38,50,53,65,68,82,86,90,94
grid_eq,wave,17,6,10,22,24,28,36,43,50,55,58,61,73,76,88,91,95
grid_eq,wave,18,1,5,8,24,26,29,31,45,48,59,66,72,74,80,87,93
grid_eq,wave,19,3,6,19,21,25,39,43,46,57,61,64,79,83,86,91,99
grid_eq,wave,20,10,12,15,18,35,38,40,42,57,64,70,72,76,89,93,97
grid_eq,wave,21,3,6,18,21,24,27,39,46,51,54,58,74,80,88,92,95
grid_eq,wave,22,3,6,18,22,24,26,30,47,55,59,62,75,78,91,96,100
grid_eq,wave,23,2,5,18,25,31,33,40,46,48,53,65,78,80,82,85,99
grid_eq,wave,24,4,12,18,25,27,42,48,54,60,62,66,68,85,89,92,97
grid_eq,wave,25,13,16,19,31,33,46,48,50,51,54,71,74,76,79,94,100
grid_eq,wave,26,6,9,13,21,26,28,30,44,51,56,58,64,79,82,86,99
grid_eq,wave,27,14,21,28,30,33,35,50,56,58,62,64,76,79,81,83,98
grid_eq,wave,28,10,13,16,21,28,34,48,50,51,53,66,75,78,82,90,97
grid_eq,wave,29,12,15,17,18,20,35,42,48,50,55,72,77,80,85,92,97
grid_eq,wave,30,3,6,19,22,25,37,45,51,57,59,71,74,79,93,97,100
grid_eq,wave,31,11,13,16,20,28,33,40,46,52,57,60,74,77,82,95,99
grid_eq,wave,32,3,10,17,22,25,39,43,46,62,64,70,77,83,86,89,91
grid_eq,wave,33,6,8,11,24,26,36,39,41,54,62,67,70,85,88,92,100
grid_eq,wave,34,7,13,20,25,33,36,38,41,45,50,57,63,75,78,82,97
grid_eq,wave,35,7,14,21,28,30,35,43,56,59,61,63,76,80,84,88,91
grid_eq,wave,36,2,16,28,31,34,46,50,51,54,58,73,76,79,91,95,97
grid_eq,wave,37,4,10,11,17,24,38,40,41,44,63,67,69,71,74,93,98
grid_eq,wave,38,3,7,10,11,25,28,39,44,52,67,69,71,74,94,97,100
grid_eq,wave,39,5,9,13,21,27,33,40,45,48,51,63,67,70,85,88,91
grid_eq,wave,40,1,4,8,26,30,32,34,38,56,58,70,77,81,83,89,97
grid_eq,wave,41,1,7,10,22,24,28,36,44,49,52,66,69,81,85,87,100
grid_eq,wave,42,3,6,11,19,24,36,42,50,55,58,63,71,76,80,94,98
grid_eq,wave,43,12,15,18,30,34,37,41,43,60,65,68,71,73,85,87,90
grid_eq,wave,44,5,8,13,25,31,37,40,43,57,61,64,79,83,86,91,98
grid_eq,wave,45,5,10,12,18,25,34,41,48,50,53,66,71,78,84,90,97
grid_eq,wave,46,3,7,10,28,31,35,50,53,66,68,71,74,80,83,95,98
grid_eq,wave,47,13,15,20,28,31,34,46,50,53,58,61,66,74,89,92,96
grid_eq,wave,48,10,13,16,28,32,40,46,51,54,58,60,66,79,82,85,88
grid_eq,wave,49,4,15,18,21,30,33,37,44,62,65,70,78,86,92,94,100
grid_eq,wave,50,1,10,16,23,28,36,40,41,55,57,71,73,79,84,87,91
grid_eq,wave,51,3,7,21,25,30,37,43,51,56,59,73,75,78,80,81,96
grid_eq,wave,52,7,9,13,25,33,37,39,51,56,60,63,68,76,82,95,99
grid_eq,wave,53,9,13,16,21,28,33,36,40,51,54,59,73,85,88,90,92
grid_eq,wave,54,9,11,13,14,27,35,39,41,53,56,64,69,72,87,94,98
grid_eq,wave,55,2,16,28,30,31,33,36,45,51,59,63,65,81,84,89,97
grid_eq,wave,56,3,6,18,23,39,41,45,53,57,59,71,74,80,85,93,98
grid_eq,wave,57,1,4,16,20,22,34,38,51,53,59,66,78,82,85,97,100
grid_eq,wave,58,3,6,12,19,24,41,43,47,49,55,68,70,72,86,88,93
grid_eq,wave,59,10,11,14,17,33,39,41,46,48,54,63,69,71,84,87,90
grid_eq,wave,60,12,14,18,20,26,34,38,41,52,60,65,68,83,86,89,91
grid_eq,wave,61,1,4,6,10,22,25,28,43,46,50,57,61,76,80,82,88
grid_eq,wave,62,3,6,19,22,24,27,45,49,52,57,73,79,81,87,95,100
grid_eq,wave,63,3,7,10,21,26,29,34,47,52,59,64,67,71,86,89,93
grid_eq,wave,64,4,12,17,24,30,34,36,42,49,55,68,72,74,86,89,93
grid_eq,wave,65,7,13,19,21,25,33,37,50,51,59,63,68,76,82,84,89
grid_eq,wave,66,1,5,9,23,27,35,40,41,47,53,67,73,80,88,92,96
grid_eq,wave,67,4,6,19,22,26,34,49,52,54,57,73,76,79,91,95,97
grid_eq,wave,68,11,14,17,20,38,40,42,54,56,69,72,78,85,93,97,100
grid_eq,wave,69,11,17,20,24,37,39,44,50,52,66,68,71,74,90,93,96
grid_eq,wave,70,4,7,11,20,24,27,42,45,49,57,65,69,72,86,92,98
grid_eq,wave,71,11,13,16,19,32,38,45,58,60,61,64,67,83,86,89,91
grid_eq,wave,72,2,14,17,30,31,33,36,38,44,56,59,63,72,78,86,94
grid_eq,wave,73,3,6,8,23,26,29,31,38,45,53,57,69,75,82,88,94
grid_eq,wave,74,4,10,16,23,29,43,46,48,51,60,65,68,73,82,96,99
grid_eq,wave,75,13,16,19,21,26,34,37,50,51,63,65,68,81,85,87,90
grid_eq,wave,76,10,13,21,27,29,35,43,51,58,60,66,71,74,88,93,96
grid_eq,wave,77,2,5,8,24,27,32,39,45,57,62,65,69,74,87,92,95
grid_eq,wave,78,3,7,10,21,25,28,33,46,51,53,58,73,76,88,91,95
grid_eq,wave,79,4,6,22,28,36,40,46,52,55,58,73,75,80,88,91,94
grid_eq,wave,80,1,8,13,19,26,33,39,41,54,56,61,76,79,83,95,98
grid_eq,wave,81,4,6,8,11,24,28,32,39,46,52,69,75,77,82,90,95
grid_eq,wave,82,3,4,17,21,23,29,35,42,47,62,65,69,84,87,89,91
grid_eq,wave,83,8,12,15,30,36,38,41,43,57,60,61,64,67,83,86,89
grid_eq,wave,84,3,9,11,16,23,42,45,49,57,66,69,72,74,87,90,92
grid_eq,wave,85,8,14,20,22,28,47,49,52,55,61,73,77,79,91,94,98
grid_eq,wave,86,6,9,11,22,24,27,36,49,52,54,57,71,76,79,83,98
grid_eq,wave,87,3,5,19,24,26,32,45,47,49,62,75,78,91,94,97,100
grid_eq,wave,88,9,14,16,21,30,33,35,38,53,57,65,69,83,86,91,98
grid_eq,wave,89,4,9,16,21,23,35,38,40,52,56,64,69,81,83,87,90
grid_eq,wave,90,5,10,13,17,21,33,39,46,51,53,58,70,75,78,82,96
grid_eq,wave,91,2,5,7,25,28,32,40,46,54,58,61,74,76,79,92,96
grid_eq,wave,92,5,10,12,18,25,37,41,43,60,61,64,67,79,82,95,100
grid_eq,wave,93,7,11,14,19,27,33,41,49,54,57,69,72,77,85,93,98
grid_eq,wave,94,1,16,23,28,30,31,36,43,59,62,65,71,77,89,92,96
grid_eq,wave,95,2,15,18,20,33,45,48,50,61,63,67,80,83,86,88,91
grid_eq,wave,96,1,7,9,13,24,36,38,43,52,56,58,75,77,80,83,96
grid_eq,wave,97,13,16,20,21,28,36,43,50,58,65,71,73,76,80,84,88
grid_eq,wave,98,1,13,18,25,26,40,42,44,47,63,66,69,75,81,87,90
grid_eq,wave,99,6,9,11,14,27,39,42,44,52,57,69,74,76,81,89,96
grid_eq,wave,100,4,6,19,22,25,37,40,43,52,58,64,75,78,80,82,95
grid_eq,wave,101,1,4,17,20,32,36,48,52,54,60,67,72,75,79,93,97
grid_eq,wave,102,2,4,6,19,22,24,36,38,52,55,58,74,87,92,95,99
grid_eq,wave,103,3,9,17,22,24,40,54,59,62,66,73,77,85,90,92,97
grid_eq,wave,104,1,7,19,26,31,33,48,51,56,60,73,78,81,84,96,100
grid_eq,wave,105,3,6,8,22,29,34,41,43,47,59,64,72,76,80,94,97
grid_eq,wave,106,10,11,16,18,23,35,37,41,56,63,69,71,77,93,96,99
grid_eq,wave,107,2,5,9,21,27,33,39,44,56,58,62,65,70,87,92,95
grid_eq,wave,108,3,6,28,30,32,34,36,49,63,65,67,70,78,82,85,99
grid_eq,wave,109,13,16,19,32,37,40,51,55,58,63,72,76,79,84,92,96
grid_eq,wave,110,3,9,16,21,29,36,41,45,48,60,63,66,84,87,92,100
grid_eq,wave,111,9,11,14,17,30,32,35,48,53,60,66,71,79,83,86,98
grid_eq,wave,112,2,15,17,28,30,32,44,47,59,62,67,74,80,81,87,95
grid_eq,wave,113,5,11,18,20,23,42,44,47,49,65,72,78,85,90,92,97
grid_eq,wave,114,3,6,19,24,32,37,44,49,62,67,70,75,88,93,96,100
grid_eq,wave,115,6,8,14,21,27,39,42,44,48,63,66,69,82,84,87,100
grid_eq,wave,116,3,18,20,22,25,48,52,54,56,60,64,71,78,84,86,100
grid_eq,wave,117,4,18,20,22,25,38,43,47,60,61,66,68,74,83,89,95
grid_eq,wave,118,11,18,26,30,33,41,45,48,60,63,66,79,82,84,87,100
grid_eq,wave,119,3,7,10,22,25,28,44,46,52,57,60,72,75,87,95,99
grid_eq,wave,120,1,5,8,20,23,27,41,44,48,55,59,63,78,81,86,100
grid_eq,wave,121,6,11,14,28,30,36,42,45,58,61,73,76,78,91,96,99
grid_eq,wave,122,2,5,9,23,27,35,39,43,57,61,65,70,83,88,96,100
grid_eq,wave,123,7,13,21,25,29,37,50,52,55,58,71,73,77,84,90,96
grid_eq,wave,124,3,16,20,28,35,41,43,47,55,62,69,77,81,84,97,100
grid_eq,wave,125,3,4,6,19,26,32,34,48,56,65,69,71,72,77,93,99
grid_eq,wave,126,4,11,17,20,24,32,36,39,54,57,59,72,74,87,94,100
grid_eq,wave,127,1,7,10,24,27,32,39,52,55,57,69,73,77,92,96,100
grid_eq,wave,128,2,8,14,26,30,31,38,43,55,61,68,73,74,80,88,91
grid_eq,wave,129,2,15,18,24,30,32,35,38,56,62,64,70,77,92,95,98
grid_eq,wave,130,3,6,20,21,24,28,40,44,47,61,63,69,76,83,96,98
grid_eq,wave,131,9,12,17,25,29,34,42,47,54,59,71,73,76,80,95,98
grid_eq,wave,132,4,9,11,16,24,39,43,57,62,64,69,77,90,91,94,97
grid_eq,wave,133,2,15,18,30,31,45,48,52,60,66,74,79,82,94,97,100
grid_eq,wave,134,6,11,13,20,28,33,36,52,55,58,60,66,80,82,85,88
grid_eq,wave,135,1,4,9,23,27,35,39,42,47,64,68,70,71,76,83,99
grid_eq,wave,136,1,4,8,22,26,34,39,42,57,65,70,71,78,83,86,100
grid_eq,wave,137,12,15,18,21,27,30,43,45,48,57,65,69,71,83,86,98
grid_eq,wave,138,4,9,11,17,23,29,35,42,57,64,70,72,77,93,96,100
grid_eq,wave,139,13,16,19,21,28,43,47,50,51,55,68,73,85,87,90,92
grid_eq,wave,140,1,3,8,24,27,42,45,49,57,61,75,76,79,82,95,98
grid_eq,wave,141,7,13,21,26,29,33,48,51,56,60,73,75,78,80,93,96
grid_eq,wave,142,4,6,9,11,24,27,39,42,45,47,65,69,72,84,97,100
grid_eq,wave,143,2,5,9,27,30,32,35,48,61,64,70,77,83,91,95,97
grid_eq,wave,144,6,11,13,19,26,41,48,50,53,55,61,69,76,83,89,97
grid_eq,wave,145,3,6,18,20,24,32,37,39,44,63,67,71,80,85,88,93
grid_eq,wave,146,2,7,25,29,31,37,49,55,61,63,67,70,83,85,88,100
grid_eq,wave,147,2,5,14,26,28,32,40,46,54,61,69,74,77,92,95,99
grid_eq,wave,148,6,14,18,22,24,30,36,49,54,67,69,71,74,87,93,99
grid_eq,wave,149,2,5,8,23,26,38,41,43,45,59,61,65,78,83,90,95
grid_eq,wave,150,2,5,9,17,24,32,35,39,53,58,61,67,70,83,85,98
grid_eq,wave,151,8,12,13,19,25,37,39,43,60,64,66,68,72,90,93,96
grid_eq,wave,152,8,13,15,30,32,38,44,46,56,62,69,74,77,90,92,96
grid_eq,wave,153,5,10,12,18,25,42,45,49,57,71,75,78,90,94,96,98
grid_eq,wave,154,5,17,20,21,33,38,44,49,51,57,63,65,69,83,87,100
grid_eq,wave,155,1,4,17,23,30,36,42,44,59,72,75,78,91,94,97,100
grid_eq,wave,156,1,4,7,23,29,45,47,50,53,61,65,69,81,87,95,99
grid_eq,wave,157,2,6,18,21,25,30,33,37,50,58,61,64,79,83,86,98
grid_eq,wave,158,1,6,13,19,25,33,37,51,54,68,70,73,76,91,95,98
grid_eq,wave,159,5,8,21,24,26,39,43,51,64,68,72,76,89,91,94,96
grid_eq,wave,160,4,6,10,22,24,28,36,40,44,61,69,76,80,81,84,96
grid_eq,wave,161,3,17,20,22,24,29,44,48,52,65,68,72,86,90,93,98
grid_eq,wave,162,4,8,11,26,28,30,32,45,51,57,73,76,80,91,95,97
grid_eq,wave,163,10,12,15,17,32,36,41,49,55,63,68,71,76,83,90,96
grid_eq,wave,164,4,9,11,17,24,36,40,42,55,59,63,67,83,85,88,90
grid_eq,wave,165,1,13,16,18,30,31,33,49,55,57,61,73,76,79,92,95
grid_eq,wave,166,3,5,8,25,27,32,40,46,51,53,58,74,80,82,87,96
grid_eq,wave,167,2,9,14,17,32,35,40,48,51,54,63,69,77,81,84,99
grid_eq,wave,168,3,15,19,21,26,34,37,51,55,57,60,68,71,87,95,99
grid_eq,wave,169,4,8,10,12,25,29,31,43,47,65,68,72,85,87,90,92
grid_eq,wave,170,4,6,19,22,24,27,46,52,54,59,72,77,83,85,89,91
grid_eq,wave,171,5,8,12,25,34,37,40,41,59,63,65,66,78,82,84,90
grid_eq,wave,172,2,4,20,24,27,42,45,50,58,61,66,74,88,91,95,100
grid_eq,wave,173,2,5,8,23,26,30,38,42,45,57,69,73,78,86,92,99
grid_eq,wave,174,6,9,13,24,26,31,38,53,56,60,68,74,75,82,86,89
grid_eq,wave,175,9,13,17,21,25,34,38,40,51,53,65,69,77,81,83,90
grid_eq,wave,176,11,14,16,19,33,46,49,51,54,58,73,76,79,91,94,96
grid_eq,wave,177,4,12,16,19,27,35,40,41,59,66,70,75,77,83,96,99
grid_eq,wave,178,1,4,6,28,30,36,41,43,55,58,63,76,80,88,92,95
grid_eq,wave,179,4,8,22,25,30,37,41,44,57,61,70,75,82,88,96,100
grid_eq,wave,180,1,14,17,19,22,39,42,44,47,69,73,77,90,92,94,98
grid_eq,wave,181,3,6,9,22,24,27,39,47,52,55,69,73,80,81,87,94
grid_eq,wave,182,7,10,11,14,36,38,40,45,51,53,65,68,71,83,86,90
grid_eq,wave,183,1,8,15,23,29,31,36,38,44,62,67,69,74,93,97,100
grid_eq,wave,184,4,8,11,23,27,30,35,42,48,60,63,65,78,81,83,96
grid_eq,wave,185,13,16,20,21,28,34,50,51,53,56,58,73,76,91,95,98
grid_eq,wave,186,3,15,17,22,29,34,37,42,56,59,72,75,78,80,93,97
grid_eq,wave,187,1,7,20,24,27,32,46,49,54,61,67,74,79,93,95,98
grid_eq,wave,188,4,6,8,11,20,24,42,44,48,60,67,72,74,89,93,96
grid_eq,wave,189,14,16,19,21,34,48,51,53,56,60,64,78,83,86,98,100
grid_eq,wave,190,1,4,9,22,27,34,39,42,47,59,65,71,77,83,89,96
grid_eq,wave,191,1,4,10,22,26,29,34,41,47,53,59,65,71,78,93,96
grid_eq,wave,192,5,9,12,28,40,42,45,47,59,62,65,68,86,88,90,93
grid_eq,wave,193,4,11,17,24,29,32,44,47,59,62,67,74,79,85,92,98
grid_eq,wave,194,1,8,16,23,29,31,44,52,56,60,68,71,74,86,89,93
grid_eq,wave,195,3,6,9,24,26,32,39,46,51,54,59,73,76,80,88,95
grid_eq,wave,196,1,13,15,18,30,31,37,44,51,59,64,67,71,85,89,93
grid_eq,wave,197,5,8,12,20,24,28,42,45,48,60,65,68,72,86,90,93
grid_eq,wave,198,5,7,11,20,24,26,41,45,49,57,63,71,75,79,94,97
grid_eq,wave,199,1,5,19,22,26,43,45,48,51,60,64,66,68,82,89,96
grid_eq,wave,200,1,13,16,22,28,30,34,41,47,59,62,64,76,88,92,94
grid_eq,wave,201,3,5,8,11,26,30,33,38,51,60,64,68,82,85,87,90
grid_eq,wave,202,5,13,19,27,31,45,48,51,53,60,64,66,82,88,95,100
grid_eq,wave,203,9,14,16,21,33,35,40,48,54,56,71,74,79,87,93,100
grid_eq,wave,204,4,6,13,18,21,25,30,42,45,48,72,74,79,86,92,98
grid_eq,wave,205,3,15,19,22,26,35,42,49,56,64,69,72,78,85,93,99
grid_eq,wave,206,14,19,21,27,34,39,50,53,56,64,69,75,81,87,95,100
grid_eq,wave,207,8,13,15,21,30,34,37,38,54,61,69,73,85,88,92,100
grid_eq,wave,208,3,7,10,22,25,27,39,46,53,57,65,70,77,82,95,99
grid_eq,wave,209,12,18,26,30,38,41,45,53,68,70,71,75,77,94,96,100
grid_eq,wave,210,3,20,21,25,28,41,43,45,48,60,64,76,78,81,95,98
grid_eq,wave,211,4,9,12,16,20,39,41,44,47,65,68,70,72,85,89,93
grid_eq,wave,212,7,10,13,21,26,29,34,46,53,58,60,71,74,76,79,97
grid_eq,wave,213,12,14,17,29,36,42,48,54,67,69,72,75,78,93,96,99
grid_eq,wave,214,2,5,18,23,26,30,31,44,48,60,62,67,75,83,89,96
grid_eq,wave,215,6,11,19,24,26,41,46,53,58,70,73,76,89,91,94,97
grid_eq,wave,216,11,14,16,19,27,33,41,46,48,50,63,71,77,80,83,98
grid_eq,wave,217,10,11,12,14,17,31,36,39,44,48,68,72,75,86,90,92
grid_eq,wave,218,4,6,8,22,25,30,37,42,49,54,57,73,80,85,88,91
grid_eq,wave,219,12,15,18,21,30,34,36,41,48,53,70,75,77,82,93,98
grid_eq,wave,220,6,14,21,28,30,33,36,41,50,58,63,65,79,81,84,87
grid_eq,wave,221,8,14,21,26,33,38,40,51,54,56,72,75,88,90,93,96
grid_eq,wave,222,3,8,24,27,30,32,36,49,52,54,56,76,79,81,84,98
grid_eq,wave,223,1,8,15,23,28,32,37,50,57,61,63,65,69,83,87,99
grid_eq,wave,224,13,15,19,21,33,36,38,52,55,58,66,70,73,85,88,91
grid_eq,wave,225,10,14,18,21,26,33,48,50,51,55,63,77,81,84,90,97
grid_eq,wave,226,1,10,15,31,36,40,43,44,49,56,63,78,84,91,97,100
grid_eq,wave,227,7,14,19,22,27,45,49,53,57,61,73,76,79,88,92,94
grid_eq,wave,228,4,13,17,19,21,35,46,49,52,54,66,71,79,83,86,99
grid_eq,wave,229,12,18,25,30,34,41,47,54,59,72,75,77,91,95,97,100
grid_eq,wave,230,7,21,36,38,40,41,43,45,58,61,66,73,84,91,97,100
grid_eq,wave,231,4,19,21,26,34,43,49,57,62,64,70,75,88,92,95,100
grid_eq,wave,232,4,6,10,11,18,24,26,43,49,51,55,57,77,79,82,96
grid_eq,wave,233,11,15,18,23,30,35,38,42,60,65,68,71,74,86,89,93
grid_eq,wave,234,3,6,9,22,24,28,44,46,49,53,57,70,78,82,85,87
grid_eq,wave,235,13,19,21,26,29,34,48,53,56,60,68,71,75,83,89,96
grid_eq,wave,236,4,10,11,17,24,31,39,44,46,62,66,68,74,80,88,93
grid_eq,wave,237,4,7,9,22,26,28,34,40,46,53,66,69,71,74,97,99
grid_eq,wave,238,3,6,9,22,24,36,39,52,54,66,74,79,81,94,96,100
grid_eq,wave,239,3,7,20,22,24,26,39,46,52,58,65,72,80,91,94,99
grid_eq,wave,240,4,8,11,15,30,33,35,37,52,60,65,67,81,86,89,94
grid_eq,wave,241,5,9,22,25,27,35,42,49,54,57,73,76,79,91,95,98
grid_eq,wave,242,4,7,22,26,30,38,45,51,57,60,63,75,78,82,95,98
grid_eq,wave,243,8,12,15,17,30,31,35,43,47,49,61,65,79,83,85,88
grid_eq,wave,244,4,7,10,22,24,27,39,43,47,51,59,64,72,76,89,96
grid_eq,wave,245,4,10,11,17,23,25,40,41,47,59,65,72,77,89,94,97
grid_eq,wave,246,1,19,22,25,37,41,43,57,60,61,63,76,88,91,96,100
grid_eq,wave,247,1,15,17,23,31,40,45,48,54,66,69,71,84,86,92,98
grid_eq,wave,248,3,6,19,24,26,42,46,49,54,57,70,71,78,83,85,99
grid_eq,wave,249,3,6,11,19,24,27,42,47,49,55,71,73,76,79,95,97
grid_eq,wave,250,3,6,19,22,24,36,39,54,61,67,73,75,79,93,97,100
grid_eq,wave,251,5,12,18,26,34,40,41,53,56,68,70,71,75,93,97,100
grid_eq,wave,252,5,12,18,25,30,41,44,48,59,64,66,72,78,86,93,100
grid_eq,wave,253,11,14,17,20,29,33,35,38,62,65,67,70,84,89,92,97
grid_eq,wave,254,1,9,14,17,31,36,43,49,55,57,62,67,85,89,93,97
grid_eq,wave,255,1,6,19,23,25,41,48,50,61,63,65,68,83,86,90,98
grid_eq,wave,256,2,5,8,22,26,30,34,52,55,59,74,77,88,90,92,95
grid_eq,wave,257,1,16,19,24,28,39,43,45,47,51,69,73,76,90,91,96
grid_eq,wave,258,1,4,19,24,27,32,45,50,52,57,68,72,75,90,93,97
grid_eq,wave,259,1,5,24,28,40,43,46,48,61,64,70,77,82,94,96,98
grid_eq,wave,260,3,6,8,22,34,37,50,53,55,58,73,76,89,91,95,100
grid_eq,wave,261,12,15,18,30,36,41,49,54,57,62,74,77,80,92,96,99
grid_eq,wave,262,9,11,14,17,35,38,40,42,56,60,62,64,68,86,89,92
grid_eq,wave,263,13,16,19,31,37,43,50,55,58,61,66,73,85,88,91,100
grid_eq,wave,264,4,8,11,22,27,29,34,42,46,64,68,72,76,89,93,96
grid_eq,wave,265,2,15,18,23,30,31,45,48,60,62,66,74,78,93,97,100
grid_eq,wave,266,2,14,18,26,30,32,45,48,61,63,66,70,78,83,86,100
grid_eq,wave,267,10,11,14,17,34,40,41,47,53,55,59,71,77,79,83,98
grid_eq,wave,268,4,6,9,22,24,27,39,46,53,67,70,71,74,83,86,88
grid_eq,wave,269,11,15,18,20,33,37,41,54,59,63,66,77,80,81,84,98
grid_eq,wave,270,2,15,18,20,23,33,45,48,50,52,63,66,71,80,84,87
grid_eq,wave,271,1,6,14,20,22,28,36,49,52,54,57,76,79,83,97,100
grid_eq,wave,272,2,6,9,27,29,32,34,39,47,59,62,65,77,81,89,93
grid_eq,wave,273,3,6,19,26,32,34,38,50,56,59,63,76,81,84,89,96
grid_eq,wave,274,1,9,23,25,27,31,39,52,54,56,58,73,80,85,88,93
grid_eq,wave,275,2,5,7,20,22,24,34,36,38,53,56,69,73,76,88,94
grid_eq,wave,276,9,12,16,24,28,31,40,47,54,59,62,67,74,86,89,93
grid_eq,wave,277,2,9,17,22,25,42,46,48,52,64,66,70,78,82,86,99
grid_eq,wave,278,2,15,16,18,31,33,36,40,55,58,61,63,70,82,85,88
grid_eq,wave,279,3,7,21,24,29,37,50,51,53,58,64,66,80,82,88,95
grid_eq,wave,280,10,13,16,31,33,36,38,51,54,60,66,73,81,85,88,100
grid_eq,wave,281,1,4,7,10,23,26,28,44,46,49,66,72,78,84,90,97
grid_eq,wave,282,3,10,14,16,21,28,34,48,50,51,53,56,72,77,80,93
grid_eq,wave,283,1,15,20,22,28,43,46,49,62,64,67,70,78,81,83,96
grid_eq,wave,284,5,10,12,26,34,38,51,53,56,60,68,72,75,77,93,99
grid_eq,wave,285,4,9,16,21,23,40,47,51,53,55,68,72,85,90,93,98
grid_eq,wave,286,3,8,16,21,28,44,48,50,56,62,65,74,79,81,87,94
grid_eq,wave,287,3,6,19,25,32,44,48,50,55,63,76,80,84,89,91,96
grid_eq,wave,288,8,13,21,26,28,39,41,44,47,63,65,69,81,83,88,96
grid_eq,wave,289,4,7,11,19,24,45,49,52,57,70,71,74,78,86,93,100
grid_eq,wave,290,3,6,19,23,26,31,44,46,49,64,67,71,79,84,91,98
grid_eq,wave,291,2,4,17,21,25,29,43,47,49,62,65,67,80,83,86,88
grid_eq,wave,292,4,6,18,20,22,24,35,37,41,50,53,67,72,79,85,99
grid_eq,wave,293,5,20,22,27,35,43,48,51,56,60,64,72,79,86,93,98
grid_eq,wave,294,3,6,19,22,25,37,49,53,55,57,61,79,82,85,97,100
grid_eq,wave,295,12,15,18,30,37,42,44,55,59,63,67,71,85,89,92,97
grid_eq,wave,296,3,5,8,21,25,29,33,46,52,55,58,67,70,82,85,88
grid_eq,wave,297,5,8,12,26,30,34,42,48,56,64,69,72,77,94,97,99
grid_eq,wave,298,6,9,14,22,30,36,43,48,51,56,71,74,79,86,94,100
grid_eq,wave,299,1,13,16,18,30,32,37,45,60,62,66,68,81,85,90,98
grid_eq,wave,300,4,8,11,16,20,23,31,35,38,54,63,71,80,85,88,93
grid_eq,wave,301,1,7,14,28,33,36,40,41,45,53,58,65,71,79,83,86
grid_eq,wave,302,13,16,19,21,28,33,36,50,55,57,62,76,79,83,88,95
grid_eq,wave,303,12,15,20,37,41,44,49,55,62,67,75,80,81,88,94,96
grid_eq,wave,304,1,4,23,25,27,29,31,46,54,59,62,67,74,89,92,96
grid_eq,wave,305,3,6,19,22,26,34,38,46,51,53,59,65,77,82,96,99
grid_eq,wave,306,4,16,19,22,25,38,44,51,57,60,64,76,80,81,83,97
grid_eq,wave,307,3,6,20,22,24,28,48,52,54,56,60,75,78,83,96,100
grid_eq,wave,308,6,9,12,24,28,42,46,49,54,71,73,76,79,94,97,100
grid_eq,wave,309,2,5,8,21,26,39,41,43,47,55,69,73,76,91,94,99
grid_eq,wave,310,5,11,17,20,23,35,38,42,49,62,65,68,70,81,85,88
grid_eq,wave,311,6,13,19,25,32,34,46,49,54,61,67,74,78,80,81,85
grid_eq,wave,312,4,12,19,26,42,45,49,57,63,70,75,78,81,93,97,100
grid_eq,wave,313,7,10,13,26,29,31,33,46,53,58,60,66,80,82,85,98
grid_eq,wave,314,5,7,12,19,25,37,41,53,56,60,71,75,78,83,97,100
grid_eq,wave,315,3,6,10,23,26,28,40,43,56,61,64,69,77,82,96,100
grid_eq,wave,316,1,4,9,23,27,35,39,42,56,60,63,76,78,93,95,98
grid_eq,wave,317,6,13,25,29,31,34,37,51,53,60,66,68,74,82,97,100
grid_eq,wave,318,6,12,21,25,33,37,50,51,54,57,71,76,79,84,88,99
grid_eq,wave,319,3,6,19,22,25,37,45,50,51,63,68,76,81,84,90,97
grid_eq,wave,320,5,12,18,25,29,42,46,49,54,57,62,65,80,86,88,92
grid_eq,wave,321,8,11,14,27,33,35,39,41,55,57,63,69,81,84,87,100
grid_eq,wave,322,1,5,9,23,27,42,46,50,54,58,66,79,81,94,97,100
grid_eq,wave,323,7,14,20,22,27,44,46,50,52,58,70,72,77,85,88,93
grid_eq,wave,324,1,4,10,24,27,32,49,51,55,57,62,69,76,91,94,99
grid_eq,wave,325,8,12,25,29,36,41,43,48,56,63,70,75,89,92,94,96
grid_eq,wave,326,7,9,21,25,28,41,43,46,58,60,64,76,80,82,88,94
grid_eq,wave,327,1,9,14,26,28,32,45,49,54,61,66,73,79,91,95,97
grid_eq,wave,328,1,5,10,17,23,29,35,42,47,59,63,65,78,81,84,99
grid_eq,wave,329,2,9,14,26,32,38,45,50,58,61,69,73,76,91,94,98
grid_eq,wave,330,2,9,15,23,30,31,35,53,57,59,61,65,85,88,90,92
grid_eq,wave,331,4,11,18,20,23,26,42,46,49,54,68,72,80,85,88,93
grid_eq,wave,332,1,8,13,29,31,34,37,53,56,60,61,68,74,82,87,100
grid_eq,wave,333,16,18,20,21,23,25,42,48,54,59,62,67,83,86,88,100
grid_eq,wave,334,1,14,16,28,31,33,37,40,55,60,62,68,82,84,87,90
grid_eq,wave,335,6,10,12,25,28,40,41,43,45,48,68,73,75,80,97,99
grid_eq,wave,336,1,4,16,19,23,37,44,50,52,68,74,76,83,90,91,97
grid_eq,wave,337,14,18,21,26,30,43,45,48,50,51,64,67,80,82,85,88
grid_eq,wave,338,1,5,7,24,27,29,42,45,47,53,69,73,76,90,94,97
grid_eq,wave,339,4,8,11,16,23,30,31,35,38,53,57,59,72,80,85,88
grid_eq,wave,340,12,15,18,20,41,43,45,47,59,66,72,78,85,90,92,97
grid_eq,wave,341,2,9,16,31,33,37,39,44,60,62,66,78,84,90,91,96
grid_eq,wave,342,6,12,24,28,36,40,42,44,49,56,72,75,78,93,96,100
grid_eq,wave,343,4,9,11,23,26,39,43,46,58,61,64,76,82,88,90,95
grid_eq,wave,344,3,7,19,22,35,47,49,52,54,65,69,71,77,84,91,100
grid_eq,wave,345,2,5,18,24,30,32,36,48,54,56,70,72,78,85,90,91
grid_eq,wave,346,3,19,26,31,33,46,48,51,54,59,74,78,82,86,90,94
grid_eq,wave,347,10,12,15,17,35,40,43,48,56,61,64,68,70,82,85,98
grid_eq,wave,348,2,9,16,24,30,32,38,46,54,58,61,73,76,90,91,95
grid_eq,wave,349,13,17,25,29,31,33,37,44,59,61,63,65,67,86,89,92
grid_eq,wave,350,1,4,6,9,23,29,31,35,57,59,62,64,79,83,86,98
grid_eq,wave,351,2,5,9,23,27,30,31,45,48,65,68,71,80,85,87,93
grid_eq,wave,352,7,11,14,19,34,37,41,50,53,56,71,74,76,79,93,99
grid_eq,wave,353,11,13,16,19,32,35,38,44,50,56,58,63,75,82,87,90
grid_eq,wave,354,4,9,12,15,28,41,44,47,49,62,64,75,78,80,93,97
grid_eq,wave,355,11,14,17,18,20,36,42,49,54,57,61,74,79,87,93,100
grid_eq,wave,356,8,12,14,27,30,32,35,48,57,60,62,65,68,86,89,92
grid_eq,wave,357,3,16,21,25,29,33,37,50,55,58,62,74,77,89,93,96
grid_eq,wave,358,12,14,18,20,26,42,45,49,57,65,70,72,78,86,93,99
grid_eq,wave,359,10,11,14,17,33,38,40,44,46,51,63,66,78,80,85,92
grid_eq,wave,360,1,4,19,22,26,34,38,43,56,59,61,64,67,82,89,96
grid_eq,wave,361,1,5,18,23,30,31,37,44,49,57,62,64,78,86,92,98
grid_eq,wave,362,2,5,7,26,32,34,38,47,53,56,59,64,77,82,95,99
grid_eq,wave,363,3,5,9,22,27,34,39,43,47,54,61,70,76,83,88,95
grid_eq,wave,364,4,6,9,22,28,36,39,45,53,68,71,75,80,87,94,99
grid_eq,wave,365,2,9,15,17,23,31,36,39,44,58,62,65,80,84,88,91
grid_eq,wave,366,3,8,15,21,33,36,38,40,58,62,70,73,76,91,94,98
grid_eq,wave,367,7,10,14,22,28,33,40,47,53,55,60,71,77,79,84,98
grid_eq,wave,368,1,4,8,22,26,29,32,34,54,57,59,71,73,76,89,96
grid_eq,wave,369,1,6,18,30,32,35,48,54,56,60,61,75,78,83,96,98
grid_eq,wave,370,9,11,14,28,32,36,40,48,52,55,64,67,80,82,85,98
grid_eq,wave,371,9,14,16,21,33,35,38,40,41,46,65,68,73,86,93,99
grid_eq,wave,372,1,5,9,23,27,29,31,46,58,60,62,75,77,89,92,95
grid_eq,wave,373,2,15,18,20,31,33,46,48,50,54,62,76,78,80,83,97
grid_eq,wave,374,1,8,15,20,23,37,41,44,56,59,63,71,75,77,84,100
grid_eq,wave,375,5,10,12,17,36,39,42,54,57,59,62,75,78,91,97,100
grid_eq,wave,376,3,6,17,22,25,29,42,46,48,66,69,72,74,77,92,98
grid_eq,wave,377,13,21,26,28,33,40,46,54,58,61,70,73,76,92,95,98
grid_eq,wave,378,1,7,14,26,32,38,40,45,53,57,66,69,72,88,91,94
grid_eq,wave,379,3,6,19,21,34,36,41,48,50,55,63,71,75,78,80,97
grid_eq,wave,380,3,22,24,26,28,43,46,49,58,61,64,77,80,82,95,99
grid_eq,wave,381,3,6,19,22,25,37,50,51,55,63,68,70,81,84,90,97
grid_eq,wave,382,3,6,7,19,26,32,34,38,50,52,56,64,69,82,87,100
grid_eq,wave,383,3,9,16,28,32,35,40,56,61,64,68,70,83,86,91,98
grid_eq,wave,384,5,7,12,19,25,31,40,43,48,61,64,66,69,83,96,99
grid_eq,wave,385,4,6,19,22,26,34,38,50,51,53,56,69,75,81,89,96
grid_eq,wave,386,2,15,19,31,33,36,37,49,54,62,66,78,84,90,92,97
grid_eq,wave,387,1,12,15,18,30,37,42,44,49,62,65,67,79,83,86,99
grid_eq,wave,388,3,6,9,22,24,27,39,47,54,61,69,74,77,82,94,99
grid_eq,wave,389,2,5,8,24,26,31,39,47,52,54,69,74,77,93,96,99
grid_eq,wave,390,3,6,19,22,24,27,42,46,49,54,67,70,72,85,88,92
grid_eq,wave,391,13,16,19,21,34,37,50,53,61,66,69,74,87,90,94,98
grid_eq,wave,392,7,13,19,26,31,34,36,49,56,63,68,70,84,90,92,96
grid_eq,wave,393,3,6,9,22,27,34,39,46,60,62,66,68,84,87,90,91
grid_eq,wave,394,3,6,10,22,25,29,37,43,52,55,59,67,82,85,87,90
grid_eq,wave,395,12,15,18,30,33,35,39,47,53,69,72,75,87,90,94,99
grid_eq,wave,396,2,5,8,13,26,32,38,40,45,53,56,67,80,82,85,97
grid_eq,wave,397,8,10,12,15,29,37,42,45,57,59,63,66,80,82,85,88
grid_eq,wave,398,1,5,14,17,20,23,35,39,42,58,73,76,79,92,94,98
grid_eq,wave,399,5,8,12,25,27,39,42,45,54,58,71,77,80,83,85,88
grid_eq,wave,400,12,15,18,20,35,38,40,41,43,59,64,71,83,86,89,99
grid_eq,wave,401,1,4,10,17,25,37,39,42,54,60,61,76,78,82,94,99
grid_eq,wave,402,9,12,16,28,31,34,40,47,53,59,61,65,77,83,89,97
grid_eq,wave,403,6,14,19,31,34,37,51,56,60,63,68,76,81,84,97,99
grid_eq,wave,404,12,15,18,20,37,42,44,49,55,57,73,77,80,84,92,98
grid_eq,wave,405,6,12,19,26,34,38,42,56,57,59,72,74,77,89,93,96
grid_eq,wave,406,1,10,16,19,24,43,47,49,54,62,67,69,73,81,85,99
grid_eq,wave,407,2,4,17,30,33,36,38,50,52,55,67,80,82,86,94,99
grid_eq,wave,408,5,8,12,26,29,37,41,43,50,58,61,64,66,83,87,100
grid_eq,wave,409,12,13,16,19,25,33,38,46,54,60,61,68,73,86,92,99
grid_eq,wave,410,3,8,25,32,37,39,45,57,63,70,75,78,81,94,97,100
grid_eq,wave,411,6,10,12,25,28,40,43,46,51,58,64,66,80,82,88,95
grid_eq,wave,412,1,15,17,23,30,31,44,50,56,58,62,74,82,87,90,94
grid_eq,wave,413,1,15,19,23,37,39,44,52,56,69,74,78,81,86,94,99
grid_eq,wave,414,5,12,18,20,42,45,47,59,62,64,66,79,81,84,87,99
grid_eq,wave,415,3,6,10,22,24,29,42,46,59,65,68,72,85,90,93,97
grid_eq,wave,416,1,4,10,17,24,32,36,49,54,57,62,76,79,83,95,98
grid_eq,wave,417,11,14,16,19,38,40,41,44,47,63,66,69,82,85,90,97
grid_eq,wave,418,2,4,7,9,24,37,39,43,52,56,60,74,77,82,89,94
grid_eq,wave,419,1,4,20,24,27,32,45,47,50,53,69,73,75,88,92,95
grid_eq,wave,420,3,7,11,25,29,37,41,44,57,59,62,75,80,88,92,95
grid_eq,wave,421,9,13,16,21,28,33,36,40,51,59,65,67,86,89,91,94
grid_eq,wave,422,2,6,9,25,28,31,34,40,46,58,63,65,81,84,87,90
grid_eq,wave,423,11,13,19,26,31,37,43,51,55,60,67,73,75,81,89,96
grid_eq,wave,424,4,11,16,23,29,40,41,44,47,63,66,69,82,85,87,90
grid_eq,wave,425,7,13,19,27,31,35,39,43,56,60,61,75,78,83,91,98
grid_eq,wave,426,12,17,21,24,30,37,43,44,55,59,67,72,80,85,88,92
grid_eq,wave,427,5,8,12,27,35,39,41,43,56,58,61,64,79,83,86,98
grid_eq,wave,428,3,7,24,27,29,32,40,45,52,54,57,69,74,82,87,90
grid_eq,wave,429,9,14,17,22,35,38,40,41,53,57,70,71,74,77,89,93
grid_eq,wave,430,3,7,10,22,24,28,36,49,52,54,58,75,80,82,88,95
grid_eq,wave,431,3,20,21,27,35,43,48,50,61,66,69,74,81,93,95,98
grid_eq,wave,432,6,10,11,14,28,42,45,49,54,57,72,75,76,80,93,99
grid_eq,wave,433,10,14,22,27,35,42,45,46,49,57,69,72,74,86,92,98
grid_eq,wave,434,2,16,19,21,33,37,48,54,56,60,61,75,77,83,89,96
grid_eq,wave,435,3,8,16,22,24,29,37,52,55,56,68,72,75,79,95,98
grid_eq,wave,436,14,17,19,21,35,39,43,46,51,58,64,76,79,82,88,95
grid_eq,wave,437,4,11,19,23,27,42,44,49,55,57,74,76,79,81,94,100
grid_eq,wave,438,6,11,14,19,33,36,39,45,52,66,69,74,87,92,94,99
grid_eq,wave,439,5,8,12,26,30,34,41,48,53,57,70,75,82,87,95,99
grid_eq,wave,440,10,12,14,27,39,42,45,54,57,69,71,74,88,92,94,96
grid_eq,wave,441,1,5,18,23,26,42,47,49,54,62,65,67,78,86,93,99
grid_eq,wave,442,6,14,22,26,30,38,41,45,53,58,65,72,80,87,88,93
grid_eq,wave,443,1,15,18,23,29,31,44,47,59,63,66,78,80,82,84,97
grid_eq,wave,444,2,10,17,24,31,40,45,47,52,60,65,78,83,91,96,100
grid_eq,wave,445,1,13,16,19,33,36,51,57,59,63,65,77,84,89,92,97
grid_eq,wave,446,1,4,6,19,25,32,37,45,52,57,60,75,78,82,95,98
grid_eq,wave,447,3,6,10,17,22,25,39,42,47,54,69,72,75,77,93,99
grid_eq,wave,448,3,5,18,20,22,25,37,49,52,54,67,71,75,89,93,96
grid_eq,wave,449,6,9,13,21,28,34,40,47,51,53,56,59,73,76,89,96
grid_eq,wave,450,3,7,22,26,29,37,44,52,60,67,75,83,88,91,95,100
grid_eq,wave,451,9,13,16,21,25,38,46,51,54,57,69,71,74,87,94,99
grid_eq,wave,452,4,12,16,18,30,35,38,41,55,62,69,77,84,92,97,100
grid_eq,wave,453,3,6,8,23,26,29,31,47,54,59,62,67,74,81,89,96
grid_eq,wave,454,7,11,14,20,33,36,38,50,54,61,67,73,86,89,91,94
grid_eq,wave,455,3,9,17,21,24,38,40,43,55,63,69,77,81,84,95,98
grid_eq,wave,456,2,15,17,20,23,36,42,49,54,62,67,76,78,92,96,100
grid_eq,wave,457,2,4,8,23,26,31,39,43,46,62,64,68,80,84,88,91
grid_eq,wave,458,3,6,19,22,25,37,49,52,64,68,70,72,86,89,91,94
grid_eq,wave,459,2,15,18,23,30,31,44,48,56,59,62,74,83,87,90,98
grid_eq,wave,460,2,5,8,24,27,29,32,46,59,62,64,67,76,90,92,96
grid_eq,wave,461,9,13,16,28,32,36,40,58,61,63,65,70,82,85,87,99
grid_eq,wave,462,3,10,16,24,32,40,44,47,52,55,59,74,77,81,89,96
grid_eq,wave,463,1,4,7,20,22,25,28,40,46,52,54,58,76,79,82,96
grid_eq,wave,464,6,12,17,24,29,31,44,46,48,65,70,71,78,85,93,98
grid_eq,wave,465,1,16,19,23,28,31,44,47,50,63,65,68,84,87,90,92
grid_eq,wave,466,5,13,21,26,30,38,43,45,51,68,70,74,82,87,94,100
grid_eq,wave,467,9,16,21,38,41,45,47,50,61,63,66,69,81,84,87,100
grid_eq,wave,468,3,6,19,22,25,32,37,40,44,52,56,69,75,82,88,95
grid_eq,wave,469,8,12,15,29,33,37,41,50,53,55,58,75,80,82,88,96
grid_eq,wave,470,9,11,14,26,38,40,43,44,61,63,66,69,85,87,92,99
grid_eq,wave,471,9,12,14,17,36,40,42,45,48,60,63,77,82,85,89,96
grid_eq,wave,472,5,11,17,23,27,30,35,42,48,67,70,71,73,75,89,96
grid_eq,wave,473,7,14,20,21,28,36,43,50,51,55,63,68,81,84,87,90
grid_eq,wave,474,1,8,13,15,35,38,40,42,46,58,65,72,86,89,92,94
grid_eq,wave,475,11,13,16,19,35,37,41,43,48,60,61,64,67,83,86,89
grid_eq,wave,476,3,12,15,18,20,35,37,43,56,59,72,76,79,91,94,97
grid_eq,wave,477,5,7,11,19,24,41,47,49,53,55,74,76,78,80,81,94
grid_eq,wave,478,6,13,17,20,31,35,40,46,53,58,64,72,76,88,91,94
grid_eq,wave,479,6,14,19,21,33,46,50,54,61,69,73,76,90,91,95,98
grid_eq,wave,480,6,14,19,21,33,36,38,50,51,55,63,77,81,85,90,97
grid_eq,wave,481,15,18,21,23,40,45,48,51,59,64,72,75,77,79,86,89
grid_eq,wave,482,4,11,23,26,29,41,47,55,60,63,66,68,81,84,89,96
grid_eq,wave,483,4,13,16,19,31,37,40,44,56,61,64,68,82,90,95,97
grid_eq,wave,484,4,9,11,16,23,29,43,46,57,61,64,69,82,86,93,99
grid_eq,wave,485,3,10,16,21,28,33,36,51,54,55,60,68,76,83,89,96
grid_eq,wave,486,3,5,21,26,28,33,46,51,53,58,64,70,77,82,95,99
grid_eq,wave,487,2,15,21,28,33,36,40,44,51,57,73,76,78,92,96,100
grid_eq,wave,488,1,5,18,20,22,35,38,52,57,64,67,71,79,83,86,99
grid_eq,wave,489,7,10,11,14,28,31,34,37,43,54,60,67,72,85,89,91
grid_eq,wave,490,3,7,9,22,24,27,40,43,56,59,63,76,80,82,88,95
grid_eq,wave,491,2,5,8,25,27,32,39,45,58,61,64,70,78,83,96,100
grid_eq,wave,492,10,13,15,21,28,33,36,40,51,56,63,69,87,92,95,100
grid_eq,wave,493,1,4,7,28,30,42,44,47,59,66,73,80,81,86,94,98
grid_eq,wave,494,9,13,21,25,27,30,33,41,48,54,56,69,74,77,81,99
grid_eq,wave,495,10,11,14,18,34,37,40,41,60,61,63,66,83,85,87,89
grid_eq,wave,496,6,13,17,20,21,34,41,48,50,63,64,66,69,82,85,98
grid_eq,wave,497,1,6,19,23,26,31,34,48,53,60,67,71,75,78,97,100
grid_eq,wave,498,5,8,11,17,23,30,42,44,48,60,64,67,72,86,89,93
grid_eq,wave,499,3,6,19,22,25,37,44,49,52,64,67,76,79,82,95,98
grid_eq,wave,500,1,4,17,20,24,41,46,54,58,60,74,76,78,92,94,99
grid_eq,wave,501,1,7,9,13,26,28,32,40,46,58,61,63,70,82,85,88
grid_eq,wave,502,6,12,18,25,37,40,41,44,56,63,76,78,81,84,90,95
grid_eq,wave,503,5,13,19,21,26,34,40,47,51,53,65,68,82,84,86,90
grid_eq,wave,504,2,5,8,22,25,34,39,46,51,53,57,70,75,82,88,96
grid_eq,wave,505,5,8,12,26,34,37,39,41,58,63,65,71,80,86,88,93
grid_eq,wave,506,3,5,8,25,30,32,38,45,53,61,67,74,79,91,96,100
grid_eq,wave,507,2,5,8,26,39,42,45,47,59,64,66,71,80,84,96,99
grid_eq,wave,508,5,7,21,28,30,34,36,49,58,62,65,67,70,81,84,88
grid_eq,wave,509,3,7,10,22,24,29,37,50,51,53,55,67,75,82,89,97
grid_eq,wave,510,1,4,7,22,29,37,44,55,60,62,68,75,83,89,91,97
grid_eq,wave,511,2,4,17,19,23,31,39,44,46,62,64,67,80,85,92,98
grid_eq,wave,512,8,13,21,26,33,39,41,45,57,70,71,73,75,78,96,100
grid_eq,wave,513,2,7,19,21,25,33,37,51,53,56,60,73,78,86,92,99
grid_eq,wave,514,8,12,25,30,33,41,46,50,58,63,65,76,80,88,92,95
grid_eq,wave,515,1,5,9,22,27,34,39,47,52,54,69,73,77,81,84,99
grid_eq,wave,516,4,8,22,26,30,38,41,53,55,58,61,76,78,80,92,95
grid_eq,wave,517,7,10,13,21,25,28,40,43,47,62,65,68,85,87,90,92
grid_eq,wave,518,6,10,13,18,25,31,37,48,50,53,61,64,67,83,86,89
grid_eq,wave,519,1,4,10,24,27,32,39,44,46,51,58,75,82,88,95,100
grid_eq,wave,520,2,15,18,31,33,36,39,54,58,62,67,74,90,91,94,97
grid_eq,wave,521,3,12,16,18,35,39,43,51,57,59,65,73,81,86,89,94
grid_eq,wave,522,4,10,16,21,23,39,45,52,58,65,77,80,82,86,94,99
grid_eq,wave,523,1,4,17,20,28,31,33,46,48,54,61,73,76,79,94,99
grid_eq,wave,524,1,19,22,24,26,41,48,53,55,60,61,76,78,83,95,98
grid_eq,wave,525,1,8,13,29,33,37,41,44,59,62,67,74,80,87,92,99
grid_eq,wave,526,13,16,19,21,34,37,50,51,54,66,71,74,78,94,97,100
grid_eq,wave,527,3,7,20,22,26,34,38,50,52,56,69,71,74,88,93,96
grid_eq,wave,528,2,8,14,29,31,33,36,38,55,60,63,67,71,83,86,89
grid_eq,wave,529,3,6,20,22,24,28,46,49,52,64,68,70,72,85,88,91
grid_eq,wave,530,1,13,16,18,23,30,35,42,48,65,66,69,71,83,86,89
grid_eq,wave,531,1,7,10,14,27,32,39,46,53,58,65,71,83,88,90,96
grid_eq,wave,532,2,8,15,22,30,36,38,44,52,56,68,76,79,82,94,98
grid_eq,wave,533,11,13,15,18,32,40,41,45,48,53,66,69,71,84,87,89
grid_eq,wave,534,4,16,18,22,37,40,44,52,59,64,67,72,75,80,95,98
grid_eq,wave,535,3,9,22,24,27,39,47,52,55,69,73,76,78,92,96,100
grid_eq,wave,536,4,7,10,22,26,29,45,49,52,57,74,78,80,82,86,99
grid_eq,wave,537,4,10,17,21,24,35,39,42,57,64,70,71,78,94,96,100
grid_eq,wave,538,2,5,18,20,25,32,47,50,54,58,62,79,87,91,94,99
grid_eq,wave,539,3,8,22,24,27,39,43,51,55,68,73,76,81,90,93,97
grid_eq,wave,540,8,11,15,23,29,31,45,47,48,63,66,69,81,83,87,89
grid_eq,wave,541,3,6,9,24,27,32,46,49,51,54,68,76,80,82,94,98
grid_eq,wave,542,7,13,29,31,36,44,49,57,62,70,71,75,78,93,95,99
grid_eq,wave,543,5,9,13,27,32,35,48,50,54,61,74,77,79,93,97,100
grid_eq,wave,544,4,11,16,19,24,27,42,46,49,52,68,74,77,82,89,96
grid_eq,wave,545,9,14,17,21,36,49,52,54,57,69,73,76,81,90,95,98
grid_eq,wave,546,3,7,19,22,26,34,50,54,56,61,69,73,76,92,94,98
grid_eq,wave,547,1,15,20,23,28,41,47,50,53,55,57,71,78,83,85,99
grid_eq,wave,548,7,10,11,15,28,41,45,50,53,58,61,66,83,86,89,91
grid_eq,wave,549,10,11,14,17,36,42,49,54,57,69,72,78,91,94,97,99
grid_eq,wave,550,1,4,9,17,23,41,48,50,55,63,66,68,80,85,91,97
grid_eq,wave,551,7,10,12,25,28,42,46,49,54,57,61,70,82,85,87,100
grid_eq,wave,552,4,8,12,27,39,41,43,46,64,67,68,70,71,86,89,93
grid_eq,wave,553,2,10,15,18,34,36,40,43,48,59,63,78,81,84,90,98
grid_eq,wave,554,12,15,18,30,34,36,41,48,54,60,61,66,73,78,91,100
grid_eq,wave,555,2,16,19,24,32,38,40,55,61,67,69,73,76,92,95,98
grid_eq,wave,556,2,4,10,17,22,25,39,42,47,54,62,69,77,85,92,99
grid_eq,wave,557,4,7,10,11,23,26,29,42,44,46,62,67,75,90,94,97
grid_eq,wave,558,3,7,21,25,33,38,45,48,50,51,72,76,79,85,93,98
grid_eq,wave,559,3,7,10,21,28,34,36,40,41,43,69,72,74,87,90,94
grid_eq,wave,560,4,8,11,24,29,38,44,50,56,62,69,74,91,94,96,99
grid_eq,wave,561,6,20,21,23,25,28,34,46,50,53,58,74,77,80,81,96
grid_eq,wave,562,3,7,10,11,25,27,39,43,56,61,64,68,70,76,93,99
grid_eq,wave,563,3,7,10,22,25,29,37,42,54,58,70,71,74,77,94,99
grid_eq,wave,564,6,11,14,19,34,37,41,43,50,65,68,72,84,87,90,91
grid_eq,wave,565,4,11,17,20,23,32,45,47,49,62,65,74,77,79,93,98
grid_eq,wave,566,5,9,23,26,30,31,38,44,52,56,70,75,78,81,90,97
grid_eq,wave,567,3,5,8,22,26,29,37,44,52,56,59,77,81,84,89,96
grid_eq,wave,568,4,6,9,12,26,34,39,47,52,65,69,72,87,91,95,100
grid_eq,wave,569,6,14,19,21,25,37,41,43,50,58,65,71,80,83,86,98
grid_eq,wave,570,1,7,13,22,26,29,37,43,51,56,59,75,78,80,82,96
grid_eq,wave,571,3,7,9,25,28,32,38,40,45,52,58,70,75,82,88,95
grid_eq,wave,572,3,7,8,21,25,37,41,44,50,58,63,66,81,84,87,89
grid_eq,wave,573,13,16,20,28,31,35,40,43,46,58,61,64,70,83,87,99
grid_eq,wave,574,2,4,6,9,27,32,39,47,52,54,66,69,73,81,94,99
grid_eq,wave,575,4,9,12,17,39,42,44,47,63,66,71,78,80,83,86,99
grid_eq,wave,576,2,8,16,23,30,31,44,48,52,64,67,71,79,89,93,96
grid_eq,wave,577,1,4,6,22,26,29,37,44,50,52,67,74,81,90,94,97
grid_eq,wave,578,7,13,25,30,31,34,37,51,60,63,65,67,80,82,85,88
grid_eq,wave,579,2,5,8,24,27,39,42,46,54,59,61,67,75,80,88,92
grid_eq,wave,580,3,5,8,24,27,32,39,45,52,58,70,74,78,82,86,98
grid_eq,wave,581,7,11,14,19,23,36,40,42,45,59,73,76,79,82,88,94
grid_eq,wave,582,1,6,10,13,26,28,32,45,49,53,57,74,78,82,87,100
grid_eq,wave,583,4,9,12,16,29,41,44,48,55,62,70,74,77,90,91,96
grid_eq,wave,584,8,13,16,21,30,33,47,51,55,63,69,74,76,82,97,100
grid_eq,wave,585,1,10,13,16,29,31,34,37,54,59,61,67,73,85,88,91
grid_eq,wave,586,12,17,20,25,42,44,48,50,62,66,68,70,74,89,91,96
grid_eq,wave,587,3,6,10,24,27,32,46,49,52,54,58,70,73,77,91,95
grid_eq,wave,588,1,13,16,19,22,25,34,48,53,56,60,61,74,78,83,86
grid_eq,wave,589,1,4,9,17,21,34,36,39,53,55,70,72,76,78,82,97
grid_eq,wave,590,4,11,16,19,23,39,45,52,57,65,69,71,87,90,91,94
grid_eq,wave,591,2,18,25,30,32,45,46,48,60,61,63,75,78,81,86,100
grid_eq,wave,592,6,20,22,25,27,39,52,55,57,59,67,73,79,92,95,97
grid_eq,wave,593,5,8,12,25,28,42,45,47,57,59,72,75,77,89,93,96
grid_eq,wave,594,12,16,19,28,34,39,42,47,54,69,71,74,77,92,96,99
grid_eq,wave,595,15,18,20,21,33,41,48,50,55,63,76,79,84,90,92,98
grid_eq,wave,596,1,4,19,23,27,34,41,47,49,53,61,74,78,80,86,93
grid_eq,wave,597,2,6,10,25,28,31,46,50,53,61,64,69,77,83,95,99
grid_eq,wave,598,2,6,9,24,27,32,39,45,47,62,69,74,77,92,95,98
grid_eq,wave,599,11,17,20,24,32,35,38,57,60,62,64,68,81,86,90,94
grid_eq,wave,600,12,15,18,30,37,42,44,56,60,68,72,74,86,88,90,93
grid_eq,wave,601,1,17,20,23,37,41,44,49,57,62,70,75,78,93,95,98
grid_eq,wave,602,17,21,25,29,33,37,50,51,53,58,64,71,79,84,86,100
grid_eq,wave,603,6,8,14,22,27,30,43,48,55,59,62,67,80,81,85,88
grid_eq,wave,604,9,14,17,22,36,39,44,52,56,69,73,77,81,94,97,99
grid_eq,wave,605,6,11,17,24,29,35,42,44,47,59,67,72,74,80,93,98
grid_eq,wave,606,3,6,9,21,27,35,43,48,51,64,66,70,72,86,93,98
grid_eq,wave,607,1,9,26,31,33,38,46,50,52,65,66,78,83,95,97,100
grid_eq,wave,608,5,8,12,26,29,33,37,46,50,58,61,64,80,83,87,96
grid_eq,wave,609,1,14,17,20,31,33,36,38,44,50,62,66,78,80,83,96
grid_eq,wave,610,7,11,14,20,26,28,43,50,51,56,69,73,81,87,90,94
grid_eq,wave,611,8,14,21,26,34,48,53,56,60,61,73,76,78,91,96,100
grid_eq,wave,612,13,15,18,30,31,37,43,49,51,64,66,69,71,78,85,99
grid_eq,wave,613,7,10,11,14,29,36,43,45,51,58,60,64,76,82,89,95
grid_eq,wave,614,4,9,11,17,24,36,39,42,44,57,71,74,79,87,93,99
grid_eq,wave,615,13,16,19,21,33,36,38,40,54,62,66,69,85,87,92,99
grid_eq,wave,616,5,8,12,26,29,37,41,43,60,63,67,81,84,89,90,97
grid_eq,wave,617,1,8,14,23,27,36,40,41,44,48,62,67,69,75,90,93
grid_eq,wave,618,1,4,10,22,27,34,38,50,52,57,64,79,82,87,95,99
grid_eq,wave,619,1,4,8,23,28,42,44,46,49,70,71,74,77,93,96,99
grid_eq,wave,620,1,4,10,15,18,23,35,42,48,54,56,60,78,82,86,100
grid_eq,wave,621,1,4,6,18,22,24,30,42,45,48,64,69,72,77,94,99
grid_eq,wave,622,8,13,16,21,29,42,45,47,57,59,63,75,77,90,93,98
grid_eq,wave,623,8,12,15,27,30,41,44,48,56,60,62,74,81,87,89,94
grid_eq,wave,624,3,5,8,21,27,35,39,43,51,57,64,69,71,83,86,90
grid_eq,wave,625,1,10,14,16,22,29,44,47,52,59,72,74,77,90,95,97
grid_eq,wave,626,3,8,21,24,29,43,47,49,56,63,75,78,81,90,94,98
grid_eq,wave,627,3,6,9,22,24,39,43,46,60,61,64,68,76,83,89,91
grid_eq,wave,628,4,10,12,18,25,31,33,40,48,54,62,66,84,86,89,91
grid_eq,wave,629,8,13,15,29,31,34,37,53,60,65,68,71,73,86,89,94
grid_eq,wave,630,5,9,12,18,39,42,44,46,67,70,72,74,78,86,89,91
grid_eq,wave,631,5,8,12,26,29,34,38,42,55,62,68,70,84,87,90,91
grid_eq,wave,632,5,13,18,26,31,34,40,48,52,55,70,78,83,86,91,100
grid_eq,wave,633,7,10,13,26,28,31,34,50,54,61,66,69,73,88,91,95
grid_eq,wave,634,7,13,19,28,31,43,45,48,60,61,64,68,75,83,96,99
grid_eq,wave,635,4,13,17,20,25,31,35,38,56,59,62,64,77,86,89,92
grid_eq,wave,636,3,11,17,22,29,35,37,42,57,59,65,72,80,86,94,98
grid_eq,wave,637,4,7,12,26,29,34,37,41,53,56,59,74,77,82,90,95
grid_eq,wave,638,8,13,21,26,28,33,40,46,51,54,58,73,76,79,82,85
grid_eq,wave,639,2,5,8,24,27,32,39,46,53,60,67,74,80,82,88,95
grid_eq,wave,640,9,13,16,20,21,35,43,46,48,51,60,64,67,82,86,89
grid_eq,wave,641,3,5,7,9,25,29,43,46,59,61,64,66,78,80,82,96
grid_eq,wave,642,7,10,11,14,29,33,41,46,50,53,58,65,80,82,85,88
grid_eq,wave,643,1,10,14,23,28,42,45,49,57,65,72,78,80,86,93,100
grid_eq,wave,644,3,6,19,26,32,34,37,50,58,63,75,80,82,88,94,96
grid_eq,wave,645,1,8,13,16,32,38,40,45,53,57,72,78,85,87,90,92
grid_eq,wave,646,9,13,15,21,30,37,44,51,55,59,63,67,80,83,86,98
grid_eq,wave,647,5,8,12,20,25,38,41,43,55,57,60,71,76,79,84,98
grid_eq,wave,648,3,5,11,19,27,35,58,60,61,64,66,79,81,84,96,100
grid_eq,wave,649,15,18,24,30,32,38,44,59,62,65,67,73,80,81,88,94
grid_eq,wave,650,2,9,15,27,32,39,45,60,61,63,65,68,81,84,87,100
grid_eq,wave,651,4,10,22,24,27,43,46,48,50,58,61,70,77,83,86,98
grid_eq,wave,652,2,4,17,20,24,32,35,54,57,59,62,76,79,92,96,98
grid_eq,wave,653,6,13,19,25,31,34,37,50,61,63,65,68,83,86,89,91
grid_eq,wave,654,7,12,15,19,33,37,51,54,60,63,68,76,81,84,88,90
grid_eq,wave,655,9,12,26,28,34,38,43,50,51,55,68,72,81,87,90,94
grid_eq,wave,656,3,5,8,26,34,38,40,42,56,59,72,74,77,90,94,98
grid_eq,wave,657,2,15,18,30,31,38,43,45,47,59,61,63,66,81,85,88
grid_eq,wave,658,7,21,23,25,29,41,45,47,53,60,68,72,76,84,91,98
grid_eq,wave,659,7,10,15,21,28,33,37,50,51,55,63,67,79,83,96,100
grid_eq,wave,660,1,13,16,18,30,32,45,47,52,66,70,78,82,85,97,100
grid_eq,wave,661,4,11,17,20,24,38,42,46,54,66,69,72,80,85,88,93
grid_eq,wave,662,13,15,18,20,32,38,44,56,59,62,65,68,84,87,90,91
grid_eq,wave,663,7,11,14,27,29,33,41,44,49,67,73,75,80,88,92,95
grid_eq,wave,664,1,4,6,19,22,24,26,48,53,56,60,68,75,82,87,100
grid_eq,wave,665,1,13,17,20,31,35,38,43,50,51,64,67,80,82,86,98
grid_eq,wave,666,10,11,14,18,26,40,41,44,48,60,66,72,78,84,90,97
grid_eq,wave,667,5,9,12,24,27,40,42,54,57,59,72,75,78,90,93,97
grid_eq,wave,668,1,4,7,19,26,34,38,42,54,57,61,69,74,82,86,99
grid_eq,wave,669,3,6,10,24,28,32,36,40,51,58,64,76,80,81,84,98
grid_eq,wave,670,14,16,21,29,34,37,48,51,53,60,64,76,78,83,91,100
grid_eq,wave,671,6,12,19,25,33,41,46,48,50,53,68,72,75,80,94,97
grid_eq,wave,672,11,15,19,23,27,41,44,49,63,67,70,75,81,88,95,100
grid_eq,wave,673,2,14,18,30,32,36,48,50,55,62,66,77,80,81,84,99
grid_eq,wave,674,1,7,14,22,27,29,52,55,57,59,62,77,80,81,84,97
grid_eq,wave,675,1,8,13,16,32,38,45,50,61,66,68,73,80,85,88,92
grid_eq,wave,676,9,11,16,33,38,41,46,50,58,61,73,75,77,92,96,100
grid_eq,wave,677,1,9,14,17,38,40,42,45,59,62,67,75,81,86,89,94
grid_eq,wave,678,10,11,14,17,25,33,39,46,53,58,70,71,74,83,86,89
grid_eq,wave,679,14,17,20,22,38,41,44,46,59,63,67,72,75,90,92,97
grid_eq,wave,680,3,7,9,11,25,28,34,40,48,51,64,66,71,78,84,98
grid_eq,wave,681,3,7,21,25,29,34,37,50,51,53,56,67,79,83,95,98
grid_eq,wave,682,14,19,21,26,33,34,38,40,55,63,67,69,81,85,97,98
grid_eq,wave,683,12,15,18,36,41,44,49,55,67,70,72,85,88,92,96,100
grid_eq,wave,684,9,11,17,23,30,38,42,44,56,68,70,72,74,87,93,99
grid_eq,wave,685,3,6,19,22,35,41,47,49,53,65,70,72,78,85,91,99
grid_eq,wave,686,1,9,16,23,31,40,44,47,56,59,72,74,77,93,95,98
grid_eq,wave,687,1,13,17,20,25,39,42,46,48,54,62,67,70,85,88,92
grid_eq,wave,688,2,14,17,18,22,30,35,41,49,56,62,64,68,86,89,93
grid_eq,wave,689,9,11,13,25,27,33,41,46,48,50,64,72,77,80,93,97
grid_eq,wave,690,1,15,17,20,23,31,35,38,53,56,70,72,75,89,92,97
grid_eq,wave,691,11,15,18,23,36,40,41,44,63,65,70,78,83,86,91,100
grid_eq,wave,692,2,5,18,30,32,34,36,38,53,56,69,72,76,81,94,97
grid_eq,wave,693,3,5,10,18,22,26,40,46,52,65,69,78,86,91,94,99
grid_eq,wave,694,4,11,17,24,30,32,35,47,49,62,65,70,78,85,92,98
grid_eq,wave,695,9,12,15,27,39,42,44,47,59,66,72,78,85,89,93,96
grid_eq,wave,696,10,13,16,18,21,33,40,48,51,54,67,73,80,81,84,97
grid_eq,wave,697,3,6,19,22,25,34,37,40,55,63,69,76,81,83,96,99
grid_eq,wave,698,3,6,10,22,26,29,34,46,47,52,65,68,72,80,87,94
grid_eq,wave,699,2,15,18,30,31,33,37,44,49,62,65,78,81,85,97,100
grid_eq,wave,700,12,14,16,19,21,27,34,48,51,60,63,65,67,81,85,88
grid_eq,wave,701,12,14,19,26,28,41,44,48,56,60,63,67,71,75,88,93
grid_eq,wave,702,10,12,15,18,32,36,40,48,62,65,68,70,84,87,91,100
grid_eq,wave,703,4,12,17,25,30,37,42,44,59,62,65,67,83,89,91,96
grid_eq,wave,704,1,4,18,20,22,26,35,39,43,60,68,72,75,91,96,99
grid_eq,wave,705,10,11,14,16,28,33,36,40,41,54,58,72,80,88,91,94
grid_eq,wave,706,10,11,15,28,31,33,36,50,54,58,61,66,73,80,92,95
grid_eq,wave,707,1,14,17,29,32,45,47,51,59,64,72,78,84,89,92,97
grid_eq,wave,708,2,6,9,24,27,32,39,46,54,57,61,74,87,90,91,95
grid_eq,wave,709,3,16,19,24,32,36,40,48,54,61,73,76,88,90,93,95
grid_eq,wave,710,2,7,21,25,29,44,47,51,59,62,65,77,80,84,92,98
grid_eq,wave,711,5,8,11,20,24,26,32,40,48,54,62,66,70,85,88,93
grid_eq,wave,712,1,14,17,22,29,35,41,48,54,59,67,73,80,85,88,92
grid_eq,wave,713,2,5,8,25,32,34,39,54,57,61,73,75,78,80,92,96
grid_eq,wave,714,2,9,15,21,23,28,40,41,45,47,53,68,71,77,83,99
grid_eq,wave,715,9,12,14,17,35,39,42,57,59,62,74,77,89,91,94,96
grid_eq,wave,716,8,11,15,23,30,37,41,44,56,59,63,77,81,85,93,99
grid_eq,wave,717,3,10,21,27,29,34,43,47,55,59,72,77,89,91,94,96
grid_eq,wave,718,1,13,16,25,29,31,44,46,48,60,65,67,71,83,89,97
grid_eq,wave,719,3,6,19,22,24,36,49,53,55,68,73,76,80,88,92,95
grid_eq,wave,720,10,13,16,21,28,36,43,50,51,55,58,62,76,79,83,96
grid_eq,wave,721,9,12,15,18,35,40,42,48,54,66,68,72,86,90,92,98
grid_eq,wave,722,3,6,18,22,30,35,48,53,56,68,70,71,73,94,96,100
grid_eq,wave,723,3,6,19,21,26,32,34,48,52,60,68,75,82,89,96,100
grid_eq,wave,724,3,5,8,23,30,31,35,37,49,53,64,66,70,72,89,93
grid_eq,wave,725,3,6,18,22,24,29,44,47,49,52,65,68,73,80,87,93
grid_eq,wave,726,3,6,10,21,25,28,40,43,57,61,63,70,76,82,95,98
grid_eq,wave,727,2,8,15,23,29,31,37,44,51,57,59,73,80,81,84,87
grid_eq,wave,728,8,11,14,27,39,43,45,57,61,64,70,76,83,89,91,95
grid_eq,wave,729,2,6,9,24,27,41,46,48,53,60,61,64,77,82,95,100
grid_eq,wave,730,4,6,19,23,26,31,45,47,49,53,64,70,71,77,83,99
grid_eq,wave,731,2,7,14,20,21,27,35,49,52,57,64,70,76,82,95,99
grid_eq,wave,732,7,8,12,21,25,34,37,39,43,66,68,71,74,86,89,93
grid_eq,wave,733,5,8,12,26,34,38,41,53,56,60,64,68,71,86,89,93
grid_eq,wave,734,2,9,15,27,31,33,40,44,47,62,65,69,81,84,87,90
grid_eq,wave,735,4,6,22,27,35,39,41,53,57,65,69,71,83,86,99,100
grid_eq,wave,736,5,8,10,12,25,28,40,41,43,46,58,65,72,80,87,93
grid_eq,wave,737,4,7,12,20,24,27,39,42,47,54,59,66,72,84,87,99
grid_eq,wave,738,2,18,21,27,30,35,42,49,57,62,65,70,78,84,92,99
grid_eq,wave,739,3,7,9,22,25,28,39,44,52,59,66,74,77,82,89,95
grid_eq,wave,740,1,8,24,28,32,39,46,51,63,66,68,70,81,84,87,100
grid_eq,wave,741,4,10,11,18,23,31,39,46,53,66,70,71,78,85,93,97
grid_eq,wave,742,2,5,9,17,23,35,39,42,47,55,64,72,75,79,87,93
grid_eq,wave,743,3,6,19,22,26,34,49,52,54,68,73,76,80,88,93,95
grid_eq,wave,744,3,7,10,21,25,28,40,44,46,48,61,64,77,82,89,94
grid_eq,wave,745,2,16,19,24,28,32,46,49,53,58,71,74,76,79,92,94
grid_eq,wave,746,5,9,12,27,29,31,34,42,47,59,64,67,72,85,89,92
grid_eq,wave,747,3,8,15,21,28,29,33,36,54,59,62,66,80,81,85,87
grid_eq,wave,748,3,6,10,22,24,28,36,40,45,52,58,73,87,91,95,99
grid_eq,wave,749,7,12,25,29,38,41,43,50,55,58,63,66,81,84,90,98
grid_eq,wave,750,12,15,18,20,35,38,42,47,56,59,72,74,77,93,97,100
grid_eq,wave,751,3,6,19,21,25,33,37,51,56,60,63,68,81,84,87,99
grid_eq,wave,752,5,8,12,25,28,34,39,46,52,63,68,75,82,90,95,98
grid_eq,wave,753,1,4,10,18,22,34,39,51,53,57,59,74,77,82,90,95
grid_eq,wave,754,10,13,16,21,28,43,46,50,58,61,64,66,79,83,86,98
grid_eq,wave,755,11,13,15,16,20,35,38,42,50,54,56,68,72,85,90,98
grid_eq,wave,756,12,18,24,26,30,31,43,49,57,65,70,72,78,86,92,99
grid_eq,wave,757,8,12,15,27,31,37,39,45,62,67,74,79,83,86,91,98
grid_eq,wave,758,4,5,12,18,20,36,42,44,56,59,72,74,77,79,93,98
grid_eq,wave,759,2,5,7,10,22,34,36,38,52,55,57,69,81,84,87,100
grid_eq,wave,760,3,7,20,21,25,33,37,50,51,55,58,76,79,81,85,97
grid_eq,wave,761,11,14,18,20,32,36,44,48,63,66,69,71,85,88,93,100
grid_eq,wave,762,13,16,19,21,33,36,41,49,55,57,63,71,76,80,94,97
grid_eq,wave,763,13,16,20,21,33,35,39,57,62,64,68,76,83,89,97,99
grid_eq,wave,764,2,5,18,23,36,39,42,48,60,65,78,81,83,85,97,100
grid_eq,wave,765,3,6,8,22,26,34,39,42,47,65,72,74,78,93,97,100
grid_eq,wave,766,8,13,15,21,30,38,43,45,51,66,69,73,84,88,91,100
grid_eq,wave,767,3,6,11,19,24,27,36,41,43,49,57,73,75,88,90,96
grid_eq,wave,768,11,14,17,20,33,36,39,51,54,58,63,67,70,85,89,93
grid_eq,wave,769,2,8,15,22,28,45,49,57,62,65,68,79,81,86,94,98
grid_eq,wave,770,3,6,19,22,25,27,43,56,59,61,73,76,79,81,94,97
grid_eq,wave,771,3,6,21,24,26,28,40,43,55,58,61,74,76,79,92,96
grid_eq,wave,772,3,6,9,22,25,28,39,45,52,58,65,77,80,83,88,95
grid_eq,wave,773,8,12,13,15,33,36,40,48,51,63,65,70,77,81,84,99
grid_eq,wave,774,2,6,8,21,26,38,40,43,45,61,66,74,79,90,91,97
grid_eq,wave,775,1,14,17,19,31,35,38,43,57,60,71,74,77,83,89,95
grid_eq,wave,776,3,6,9,26,32,34,52,54,56,58,60,74,87,91,95,100
grid_eq,wave,777,1,9,13,17,37,40,42,44,56,59,62,67,85,86,89,93
grid_eq,wave,778,4,6,19,22,25,37,44,50,52,55,58,75,82,88,90,94
grid_eq,wave,779,14,17,21,22,30,44,47,59,62,65,70,78,83,86,89,91
grid_eq,wave,780,3,6,9,22,24,27,29,44,52,59,67,70,71,83,86,89
grid_eq,wave,781,1,10,13,17,32,35,49,52,54,56,70,78,81,83,86,100
grid_eq,wave,782,4,17,23,30,43,46,49,51,65,67,68,70,72,86,94,99
grid_eq,wave,783,4,11,23,27,31,46,50,58,62,64,66,79,81,86,94,100
grid_eq,wave,784,3,6,9,18,21,34,46,53,58,60,61,74,76,80,82,88
grid_eq,wave,785,13,16,19,21,27,35,39,42,47,63,66,70,72,78,85,98
grid_eq,wave,786,2,9,15,23,27,31,35,40,57,62,64,78,84,87,92,99
grid_eq,wave,787,9,13,16,28,32,36,40,61,63,65,66,68,80,84,88,91
grid_eq,wave,788,4,8,22,25,37,39,43,51,58,64,70,76,82,88,90,94
grid_eq,wave,789,14,16,19,21,36,43,49,55,57,62,69,75,84,87,91,100
grid_eq,wave,790,2,14,18,30,31,33,35,48,55,59,62,67,74,89,92,97
grid_eq,wave,791,12,15,17,31,36,39,44,48,63,65,67,69,81,83,85,100
grid_eq,wave,792,7,10,13,28,33,40,41,54,56,58,73,80,81,87,94,99
grid_eq,wave,793,5,12,18,20,25,42,44,47,49,63,66,70,78,83,86,99
grid_eq,wave,794,3,5,17,19,23,36,49,52,54,57,74,79,83,86,91,98
grid_eq,wave,795,2,6,14,18,21,32,38,40,52,55,67,69,81,83,86,99
grid_eq,wave,796,10,11,14,17,29,33,47,52,55,67,70,83,84,86,89,91
grid_eq,wave,797,5,12,25,28,33,41,48,50,56,63,69,71,77,83,90,97
grid_eq,wave,798,1,13,17,20,21,25,39,42,46,54,68,72,80,85,88,93
grid_eq,wave,799,6,13,19,21,25,27,34,50,51,55,71,74,76,83,89,97
grid_eq,wave,800,1,15,18,20,22,42,44,47,49,56,73,76,79,92,95,98
grid_eq,wave,801,5,7,12,25,34,37,39,42,57,62,65,68,81,84,87,90
grid_eq,wave,802,3,15,18,22,30,37,49,52,54,67,73,75,81,88,90,94
grid_eq,wave,803,6,10,13,19,21,26,40,43,58,63,65,72,77,80,83,96
grid_eq,wave,804,1,9,14,16,32,38,40,46,54,63,68,70,76,91,95,98
grid_eq,wave,805,8,14,21,27,29,43,45,50,57,61,70,73,75,88,91,95
grid_eq,wave,806,7,14,19,21,32,34,36,50,52,55,68,80,84,86,88,91
grid_eq,wave,807,4,10,11,17,23,24,39,42,46,65,68,70,71,83,86,89
grid_eq,wave,808,5,11,13,16,30,35,42,48,55,59,72,77,85,90,93,98
grid_eq,wave,809,6,19,23,26,27,31,33,35,50,52,55,64,68,82,86,89
grid_eq,wave,810,1,4,10,17,23,25,40,42,47,54,56,72,75,78,90,98
grid_eq,wave,811,3,19,22,26,34,37,43,50,56,61,69,73,76,91,94,99
grid_eq,wave,812,1,4,9,23,26,31,35,39,53,56,70,75,77,82,95,99
grid_eq,wave,813,13,15,18,30,31,37,44,48,59,61,64,67,83,86,90,98
grid_eq,wave,814,10,13,15,21,28,33,36,40,54,58,62,66,80,85,88,92
grid_eq,wave,815,10,11,14,16,29,34,41,47,53,58,60,75,78,83,96,100
grid_eq,wave,816,13,21,26,28,30,34,41,47,53,59,65,77,80,82,95,98
grid_eq,wave,817,2,14,17,20,21,33,35,50,51,56,58,65,72,80,88,93
grid_eq,wave,818,11,15,17,29,33,36,51,57,59,65,71,73,78,85,90,92
grid_eq,wave,819,2,5,8,26,31,33,38,40,51,54,57,70,76,82,88,96
grid_eq,wave,820,7,10,13,15,21,37,43,49,56,62,69,74,76,90,93,97
grid_eq,wave,821,10,12,15,17,37,40,42,45,59,66,73,78,85,90,92,97
grid_eq,wave,822,4,6,19,22,26,34,37,50,51,53,56,58,65,83,90,95
grid_eq,wave,823,4,11,19,23,26,45,49,52,55,57,69,73,76,81,94,98
grid_eq,wave,824,2,5,18,24,40,42,45,48,59,63,66,71,85,88,90,93
grid_eq,wave,825,2,5,8,24,27,29,32,53,56,68,70,71,73,86,93,99
grid_eq,wave,826,2,5,16,19,23,41,45,48,53,55,67,70,71,75,89,96
grid_eq,wave,827,3,6,9,24,27,32,39,51,53,55,60,68,76,82,89,95
grid_eq,wave,828,5,7,9,13,21,27,34,39,53,56,64,69,77,82,95,99
grid_eq,wave,829,1,5,20,23,27,42,45,50,58,65,70,72,78,92,96,100
grid_eq,wave,830,5,11,18,24,27,30,31,36,48,54,60,61,66,85,88,92
grid_eq,wave,831,7,11,14,26,29,34,41,47,53,59,65,71,77,95,98,99
grid_eq,wave,832,9,13,16,21,28,34,37,40,55,63,68,80,83,86,91,98
grid_eq,wave,833,11,13,16,20,34,37,40,42,59,63,67,72,75,89,92,96
grid_eq,wave,834,4,7,20,22,25,38,40,45,52,54,66,70,72,88,94,95
grid_eq,wave,835,2,5,18,24,32,35,37,49,53,61,65,70,77,82,85,99
grid_eq,wave,836,1,13,16,18,31,35,38,40,43,64,68,70,71,83,86,98
grid_eq,wave,837,1,4,7,23,25,29,31,37,44,56,59,62,65,84,87,90
grid_eq,wave,838,3,16,19,22,24,46,49,53,58,66,69,71,73,88,90,94
grid_eq,wave,839,7,13,25,29,31,43,45,49,61,64,68,76,79,83,91,96
grid_eq,wave,840,2,7,17,23,29,31,36,52,56,59,71,75,77,93,96,99
grid_eq,wave,841,7,9,14,21,27,43,45,47,63,70,75,78,81,94,96,100
grid_eq,wave,842,1,4,7,19,23,36,39,42,54,57,72,77,79,81,94,99
grid_eq,wave,843,9,11,14,17,33,35,38,40,42,60,64,67,72,86,89,93
grid_eq,wave,844,4,11,17,24,29,31,37,44,58,62,64,70,77,81,96,99
grid_eq,wave,845,4,9,12,17,35,40,43,47,65,68,70,72,86,91,94,99
grid_eq,wave,846,3,9,17,21,29,34,52,57,59,71,73,77,79,94,96,100
grid_eq,wave,847,3,5,17,20,23,40,42,44,47,58,66,69,72,85,88,93
grid_eq,wave,848,10,11,15,23,27,31,35,39,55,57,59,62,84,86,89,91
grid_eq,wave,849,2,8,15,30,32,35,38,53,65,68,70,71,83,85,89,98
grid_eq,wave,850,3,16,19,24,32,39,46,55,61,63,68,76,81,83,87,89
grid_eq,wave,851,2,4,6,27,29,32,46,54,59,62,67,73,85,88,90,92
grid_eq,wave,852,2,10,16,28,31,34,36,40,54,57,59,61,73,85,88,90
grid_eq,wave,853,3,16,19,22,24,45,47,49,51,69,74,77,92,95,97,99
grid_eq,wave,854,8,12,15,28,34,36,40,41,53,57,59,65,71,83,86,88
grid_eq,wave,855,2,10,15,18,23,31,39,43,47,62,65,67,70,85,89,93
grid_eq,wave,856,1,5,17,20,23,31,36,44,49,57,62,76,79,84,91,97
grid_eq,wave,857,3,6,8,22,25,37,39,45,52,57,70,74,76,82,89,95
grid_eq,wave,858,1,14,19,26,31,33,40,45,48,61,67,70,74,92,94,98
grid_eq,wave,859,1,5,9,22,27,35,40,43,47,58,64,71,77,80,95,99
grid_eq,wave,860,7,12,25,29,37,41,43,56,59,61,73,75,78,80,91,97
grid_eq,wave,861,2,5,18,23,25,31,44,48,59,62,67,74,81,87,89,94
grid_eq,wave,862,1,6,14,20,27,32,34,38,53,57,69,71,74,88,93,100
grid_eq,wave,863,5,12,19,25,34,38,42,50,56,58,72,74,77,80,92,95
grid_eq,wave,864,4,8,12,15,27,29,42,44,57,69,72,75,85,87,89,93
grid_eq,wave,865,12,14,17,20,42,44,46,49,62,67,70,75,81,83,87,100
grid_eq,wave,866,3,9,17,25,32,39,47,54,62,67,69,75,90,91,94,97
grid_eq,wave,867,2,8,15,21,33,36,38,40,51,54,58,73,76,80,85,88
grid_eq,wave,868,11,14,16,19,33,41,47,50,55,63,67,71,76,79,84,98
grid_eq,wave,869,13,15,18,21,36,39,43,51,60,66,72,74,78,93,96,100
grid_eq,wave,870,6,12,25,29,34,41,48,50,53,56,68,71,74,90,93,97
grid_eq,wave,871,1,6,14,18,30,32,39,44,47,60,62,75,77,93,96,99
grid_eq,wave,872,10,13,16,21,28,34,36,40,41,53,58,66,80,82,84,88
grid_eq,wave,873,4,11,18,24,30,42,45,48,64,67,69,72,78,85,93,99
grid_eq,wave,874,2,5,7,9,24,28,32,45,51,59,66,71,74,88,89,95
grid_eq,wave,875,3,18,20,25,32,45,47,50,53,69,71,73,76,87,90,94
grid_eq,wave,876,4,8,11,24,28,30,41,44,47,59,66,72,74,77,89,93
grid_eq,wave,877,11,14,17,20,33,36,41,47,49,53,56,71,75,79,87,100
grid_eq,wave,878,1,9,13,16,28,32,40,45,60,62,66,68,84,89,91,96
grid_eq,wave,879,5,13,19,21,27,35,43,50,58,61,64,70,77,83,95,99
grid_eq,wave,880,5,8,12,26,34,39,41,43,56,58,72,75,87,90,91,94
grid_eq,wave,881,2,8,15,28,32,36,45,50,51,53,66,79,82,84,87,100
grid_eq,wave,882,6,8,13,26,34,38,40,41,55,59,61,63,77,84,89,91
grid_eq,wave,883,11,15,18,20,33,36,38,41,45,63,66,80,81,83,85,87
grid_eq,wave,884,9,13,15,38,40,41,43,45,47,63,66,69,85,87,93,100
grid_eq,wave,885,6,10,12,25,28,36,40,43,52,55,60,64,77,83,95,98
grid_eq,wave,886,2,9,14,26,28,32,40,45,53,66,68,70,71,83,88,99
grid_eq,wave,887,7,11,13,26,28,30,41,44,49,57,64,71,79,84,86,99
grid_eq,wave,888,1,10,14,17,31,33,36,39,45,51,57,59,74,78,81,93
grid_eq,wave,889,2,9,13,15,28,32,36,40,51,55,57,70,73,81,84,88
grid_eq,wave,890,7,13,19,21,26,33,37,51,55,60,63,77,81,84,90,96
grid_eq,wave,891,3,9,17,20,22,25,35,48,50,52,54,67,83,85,89,97
grid_eq,wave,892,3,7,21,25,29,41,46,50,53,57,76,80,82,83,88,96
grid_eq,wave,893,7,11,14,20,27,32,39,44,55,57,63,69,84,87,90,92
grid_eq,wave,894,2,15,19,21,28,36,43,49,57,62,69,75,78,83,96,99
grid_eq,wave,895,1,4,9,16,34,39,42,47,55,60,72,76,78,93,97,100
grid_eq,wave,896,11,15,18,20,23,38,41,44,50,63,67,71,75,89,93,96
grid_eq,wave,897,10,13,16,21,29,34,47,50,53,64,71,76,79,83,95,98
grid_eq,wave,898,12,15,19,27,35,42,48,56,64,67,70,72,78,86,89,94
grid_eq,wave,899,6,13,19,21,26,31,38,45,50,53,61,66,78,80,83,86
grid_eq,wave,900,10,11,16,19,22,24,31,47,49,55,62,67,78,80,84,96
grid_eq,wave,901,3,6,8,22,25,37,39,44,52,56,63,68,84,86,90,92
grid_eq,wave,902,11,14,17,30,33,35,38,41,53,68,71,74,80,86,93,98
grid_eq,wave,903,8,11,14,26,33,38,40,52,55,58,73,76,80,92,95,98
grid_eq,wave,904,1,7,14,29,31,33,36,48,55,62,70,74,77,82,90,96
grid_eq,wave,905,3,6,20,32,35,37,39,54,56,61,69,73,76,91,94,99
grid_eq,wave,906,2,6,14,20,28,32,35,49,54,57,62,70,75,78,92,96
grid_eq,wave,907,4,9,11,17,24,38,40,42,62,67,69,75,90,92,95,98
grid_eq,wave,908,1,6,10,13,29,31,43,45,58,60,64,72,76,89,94,97
grid_eq,wave,909,9,12,14,17,34,39,42,47,59,62,66,78,83,86,91,100
grid_eq,wave,910,1,7,13,29,31,36,43,48,50,56,62,75,78,90,92,97
grid_eq,wave,911,1,4,7,24,29,32,36,38,52,54,58,66,80,82,84,88
grid_eq,wave,912,14,17,20,21,35,38,40,42,56,59,64,70,72,86,89,92
grid_eq,wave,913,7,10,14,22,27,29,44,52,55,57,59,73,76,81,89,94
grid_eq,wave,914,3,9,15,27,32,36,39,57,62,64,69,76,81,83,89,96
grid_eq,wave,915,9,13,16,32,38,46,50,51,54,68,73,76,90,92,94,98
grid_eq,wave,916,4,7,11,27,29,35,42,49,57,64,72,75,78,80,93,96
grid_eq,wave,917,2,8,15,20,23,37,43,49,51,63,65,70,81,84,88,100
grid_eq,wave,918,1,8,13,16,29,35,42,47,55,63,69,72,77,84,90,97
grid_eq,wave,919,1,7,14,19,23,31,36,40,55,59,62,77,80,84,92,97
grid_eq,wave,920,3,19,26,32,34,38,46,52,58,60,64,75,82,88,90,95
grid_eq,wave,921,1,7,14,20,27,32,38,45,50,51,66,69,73,77,84,98
grid_eq,wave,922,4,10,23,26,28,30,41,44,46,59,62,75,77,90,93,97
grid_eq,wave,923,8,12,15,36,39,42,44,56,63,68,70,71,76,83,95,98
grid_eq,wave,924,7,10,13,21,25,29,34,37,51,54,66,69,71,73,85,98
grid_eq,wave,925,3,17,20,22,35,48,52,55,60,68,73,76,81,90,94,97
grid_eq,wave,926,9,13,16,21,34,38,40,53,56,70,75,78,82,94,97,100
grid_eq,wave,927,7,9,11,14,22,36,38,42,45,54,67,71,74,79,94,97
grid_eq,wave,928,4,17,22,24,29,41,47,50,53,58,64,76,80,82,88,95
grid_eq,wave,929,1,4,16,20,23,42,44,47,50,67,72,74,87,90,91,94
grid_eq,wave,930,1,5,23,28,30,42,44,46,48,69,71,74,77,93,97,100
grid_eq,wave,931,7,10,12,15,29,32,45,47,59,61,73,75,77,90,91,94
grid_eq,wave,932,6,13,17,20,21,33,35,47,49,54,62,69,75,91,97,100
grid_eq,wave,933,1,14,17,20,32,36,49,54,62,66,77,79,81,84,97,100
grid_eq,wave,934,3,7,21,23,25,29,37,43,56,58,62,75,92,93,97,100
grid_eq,wave,935,3,16,19,21,31,34,38,43,50,61,67,74,79,83,86,88
grid_eq,wave,936,2,19,24,26,32,38,46,50,51,54,69,74,76,82,89,96
grid_eq,wave,937,3,6,10,22,25,28,39,46,53,58,61,65,73,80,82,87
grid_eq,wave,938,3,6,19,25,32,37,44,49,52,57,70,74,75,82,87,96
grid_eq,wave,939,3,7,21,25,30,33,37,51,57,64,76,79,82,94,97,100
grid_eq,wave,940,5,9,12,27,29,31,34,43,47,59,72,74,77,90,92,97
grid_eq,wave,941,12,15,18,20,23,32,36,44,49,63,66,69,81,84,87,99
grid_eq,wave,942,5,8,12,26,29,33,46,51,54,58,70,75,82,88,94,98
grid_eq,wave,943,4,7,11,26,29,34,41,47,53,59,61,74,77,80,92,96
grid_eq,wave,944,2,5,19,23,26,32,38,44,57,63,69,75,80,81,94,99
grid_eq,wave,945,7,13,15,28,30,31,34,37,46,53,65,68,73,87,90,93
grid_eq,wave,946,2,17,21,25,30,33,37,53,55,59,62,67,81,84,89,96
grid_eq,wave,947,2,10,16,24,28,32,46,49,54,66,69,72,85,93,97,100
grid_eq,wave,948,1,4,17,23,30,31,37,44,57,63,69,71,77,85,93,99
grid_eq,wave,949,3,6,9,24,26,29,31,44,47,62,69,74,77,90,93,97
grid_eq,wave,950,12,15,28,30,35,42,47,59,64,66,70,71,83,85,89,97
grid_eq,wave,951,2,4,7,9,22,36,39,43,52,55,58,73,75,79,93,96
grid_eq,wave,952,8,13,16,21,29,33,35,47,62,69,75,77,81,84,90,97
grid_eq,wave,953,2,5,10,18,23,35,42,47,49,57,65,72,74,80,87,91
grid_eq,wave,954,3,6,19,21,24,26,42,46,49,54,67,69,72,85,92,98
grid_eq,wave,955,9,14,21,26,28,34,40,52,56,65,69,71,73,87,94,100
grid_eq,wave,956,2,6,8,24,27,39,41,43,56,65,68,70,72,77,93,99
grid_eq,wave,957,12,15,18,30,37,38,42,44,63,67,69,71,77,85,89,93
grid_eq,wave,958,13,19,21,26,43,45,48,57,60,61,68,75,83,89,95,97
grid_eq,wave,959,13,16,18,21,30,36,43,49,56,62,64,68,81,84,89,97
grid_eq,wave,960,2,15,18,30,33,36,41,48,54,56,62,69,75,92,96,99
grid_eq,wave,961,6,13,19,25,31,33,40,55,57,61,73,75,80,92,95,98
grid_eq,wave,962,1,7,10,15,28,33,36,50,54,62,76,78,84,90,92,97
grid_eq,wave,963,3,17,18,21,24,30,36,49,52,54,67,74,81,87,89,94
grid_eq,wave,964,1,7,14,20,34,36,38,41,54,57,60,72,84,87,90,99
grid_eq,wave,965,7,10,12,25,29,33,41,47,55,59,63,67,71,85,90,97
grid_eq,wave,966,1,10,14,16,28,31,35,39,46,53,57,71,74,79,95,99
grid_eq,wave,967,6,12,19,24,29,36,41,43,56,58,60,62,82,84,89,96
grid_eq,wave,968,3,6,18,23,25,30,42,45,48,63,67,80,81,85,88,93
grid_eq,wave,969,3,8,15,23,30,31,37,44,49,57,62,74,76,79,93,97
grid_eq,wave,970,14,16,19,21,30,36,43,45,48,51,64,67,70,82,85,88
grid_eq,wave,971,12,15,17,30,41,43,45,48,59,61,63,66,78,84,87,100
grid_eq,wave,972,9,15,21,23,37,39,41,44,64,67,71,75,78,80,87,93
grid_eq,wave,973,13,16,19,21,33,37,45,50,51,58,63,76,81,84,90,97
grid_eq,wave,974,2,15,16,18,20,32,38,44,56,60,62,68,74,86,90,93
grid_eq,wave,975,1,13,16,19,28,34,41,50,55,57,62,69,76,84,98,100
grid_eq,wave,976,2,5,17,21,30,35,42,48,56,60,62,64,68,86,93,99
grid_eq,wave,977,3,9,16,24,28,32,36,40,53,58,69,74,77,83,96,99
grid_eq,wave,978,4,8,22,26,34,39,42,47,54,70,72,75,78,94,97,100
grid_eq,wave,979,3,6,9,11,23,35,38,42,56,60,64,72,78,93,97,100
grid_eq,wave,980,5,18,22,26,30,34,37,51,56,63,69,76,82,84,97,99
grid_eq,wave,981,7,11,13,19,25,34,48,50,53,55,68,71,76,84,90,97
grid_eq,wave,982,10,12,15,18,40,42,44,47,59,63,65,77,81,93,96,99
grid_eq,wave,983,1,7,9,24,27,39,42,54,57,61,70,73,76,89,92,95
grid_eq,wave,984,1,10,14,17,33,35,39,41,54,57,60,72,75,79,87,92
grid_eq,wave,985,3,6,9,24,27,32,39,46,48,60,63,74,82,88,95,99
grid_eq,wave,986,2,5,7,20,28,33,36,51,54,58,63,76,80,81,85,97
grid_eq,wave,987,10,13,26,28,31,34,40,46,53,58,71,74,76,80,91,98
grid_eq,wave,988,2,9,16,24,28,32,36,49,54,56,62,75,78,82,97,100
grid_eq,wave,989,4,7,22,25,29,37,44,52,57,59,73,76,78,90,93,96
grid_eq,wave,990,2,17,23,25,30,32,47,51,55,59,62,77,81,84,96,99
grid_eq,wave,991,9,14,21,26,34,41,47,49,53,66,69,71,74,90,93,98
grid_eq,wave,992,7,12,15,28,33,37,40,55,56,59,63,78,81,84,90,98
grid_eq,wave,993,9,13,17,31,35,40,48,52,54,56,69,71,85,87,90,93
grid_eq,wave,994,2,5,7,10,24,29,32,46,58,60,61,64,76,83,96,99
grid_eq,wave,995,11,16,19,24,43,46,49,51,57,64,66,72,80,88,93,95
grid_eq,wave,996,1,6,14,18,22,30,42,45,47,61,65,69,87,92,95,100
grid_eq,wave,997,11,14,17,30,31,33,44,49,55,57,62,75,90,92,95,98
grid_eq,wave,998,5,11,13,17,30,38,45,52,54,66,70,72,78,85,92,99
grid_eq,wave,999,4,15,18,20,23,35,41,49,55,57,61,63,80,83,86,88
grid_eq,wave,1000,12,15,18,36,40,43,51,55,57,58,74,76,79,82,94,98
grid_eq,wave,1001,2,17,24,30,32,36,49,54,56,62,74,76,78,80,92,95
grid_eq,wave,1002,16,19,22,24,32,45,49,52,57,64,76,79,81,94,97,100
grid_eq,wave,1003,6,13,19,24,31,36,43,49,55,62,66,69,83,95,97,100
grid_eq,wave,1004,6,9,11,24,28,36,40,42,45,58,67,72,80,85,88,91
grid_eq,wave,1005,3,10,17,22,25,39,46,48,52,54,59,67,71,84,89,97
grid_eq,wave,1006,3,15,18,21,32,36,50,55,58,61,63,66,79,82,85,97
grid_eq,wave,1007,4,7,21,23,26,29,48,50,53,55,61,66,83,86,89,91
grid_eq,wave,1008,3,5,9,11,17,24,39,42,45,54,57,60,79,82,86,88
grid_eq,wave,1009,2,5,23,25,28,32,45,48,62,65,69,73,85,89,92,97
grid_eq,wave,1010,10,12,14,16,18,33,37,44,50,58,62,66,80,83,95,98
grid_eq,wave,1011,3,15,18,22,30,35,38,49,52,64,67,71,79,83,95,97
grid_eq,wave,1012,3,5,8,22,24,27,29,41,50,53,55,57,76,79,82,96
grid_eq,wave,1013,10,12,15,18,35,40,43,48,51,63,66,70,82,87,94,100
grid_eq,wave,1014,2,6,8,24,27,32,39,53,57,61,74,77,79,92,96,99
grid_eq,wave,1015,2,6,19,24,32,36,49,54,57,61,70,73,76,85,88,92
grid_eq,wave,1016,7,11,14,28,30,33,36,50,53,55,57,76,79,82,84,98
grid_eq,wave,1017,4,8,12,24,29,43,46,50,64,66,68,70,82,90,95,98
grid_eq,wave,1018,7,13,21,25,28,40,41,43,46,51,64,67,79,83,86,99
grid_eq,wave,1019,8,13,21,25,27,29,53,58,60,61,65,83,87,89,91,95
grid_eq,wave,1020,2,6,9,24,28,32,40,45,48,65,68,72,85,88,90,92
grid_eq,wave,1021,3,10,17,22,25,28,34,40,51,53,65,68,80,82,85,88
grid_eq,wave,1022,5,17,20,23,31,35,49,52,57,65,78,80,82,86,94,99
grid_eq,wave,1023,7,12,15,29,31,43,48,51,55,60,68,71,76,84,90,97
grid_eq,wave,1024,4,19,22,24,27,29,34,49,52,57,64,72,79,87,90,93
grid_eq,wave,1025,5,18,23,26,30,38,41,45,61,65,68,70,83,86,91,99
grid_eq,wave,1026,2,7,20,24,26,28,43,48,50,52,55,74,80,87,92,95
grid_eq,wave,1027,8,12,15,29,34,36,41,49,53,55,68,71,74,83,86,89
grid_eq,wave,1028,10,11,14,17,28,35,42,49,55,57,63,69,85,87,91,99
grid_eq,wave,1029,3,8,16,21,28,36,40,43,58,60,61,64,77,83,89,95
grid_eq,wave,1030,8,13,16,30,33,35,47,55,59,63,75,77,81,84,97,100
grid_eq,wave,1031,2,6,8,24,27,30,32,45,48,50,61,63,66,90,92,96
grid_eq,wave,1032,3,6,19,22,26,34,48,52,54,67,69,73,89,92,94,98
grid_eq,wave,1033,4,11,18,20,23,35,41,46,48,60,62,74,77,91,96,100
grid_eq,wave,1034,3,8,16,21,30,33,35,48,51,64,66,69,71,84,87,89
grid_eq,wave,1035,4,7,12,26,30,33,38,41,47,60,61,63,68,82,85,88
grid_eq,wave,1036,4,9,17,22,25,39,43,47,52,59,65,77,82,84,96,99
grid_eq,wave,1037,3,5,7,11,25,29,33,37,51,54,60,68,73,81,94,99
grid_eq,wave,1038,5,7,12,25,29,37,41,44,57,59,63,76,81,84,89,97
grid_eq,wave,1039,13,18,20,25,37,39,41,43,60,63,75,77,81,89,93,97
grid_eq,wave,1040,1,4,12,16,29,35,42,47,55,59,63,67,81,84,97,100
grid_eq,wave,1041,11,14,17,30,31,33,36,48,50,54,62,66,70,85,88,93
grid_eq,wave,1042,5,18,21,23,25,30,37,44,51,55,70,71,74,77,83,98
grid_eq,wave,1043,12,15,18,21,30,37,42,45,59,63,67,71,75,84,89,96
grid_eq,wave,1044,3,10,17,24,32,35,39,46,58,63,65,72,80,85,88,93
grid_eq,wave,1045,3,12,15,18,20,34,37,42,55,62,68,74,82,87,90,94
grid_eq,wave,1046,3,8,15,22,27,29,35,52,57,59,65,72,77,84,90,96
grid_eq,wave,1047,2,10,15,17,23,31,37,39,45,62,66,69,84,87,91,100
grid_eq,wave,1048,2,10,21,23,26,29,43,45,48,60,63,66,72,75,88,94
grid_eq,wave,1049,13,14,16,18,21,30,43,46,48,51,65,70,77,82,85,99
grid_eq,wave,1050,3,7,10,15,21,29,33,46,48,63,66,69,82,85,87,99
grid_eq,wave,1051,1,5,17,23,30,31,35,38,52,64,67,70,71,86,89,92
grid_eq,wave,1052,3,6,9,21,24,36,40,43,56,61,63,69,87,91,95,100
grid_eq,wave,1053,7,19,21,25,33,37,50,53,55,68,73,77,81,84,90,96
grid_eq,wave,1054,3,8,22,25,26,37,45,50,51,53,57,69,71,75,87,100
grid_eq,wave,1055,3,5,10,24,27,39,43,51,55,59,73,75,89,91,95,97
grid_eq,wave,1056,1,5,20,22,24,27,46,49,52,53,66,69,71,85,88,93
grid_eq,wave,1057,3,6,10,25,28,32,45,49,52,58,64,70,78,82,96,100
grid_eq,wave,1058,4,6,8,11,24,27,29,46,52,58,64,70,77,83,89,97
grid_eq,wave,1059,2,8,15,30,33,36,37,49,52,55,67,71,73,79,86,94
grid_eq,wave,1060,4,7,19,22,25,40,44,47,52,55,59,76,83,89,91,96
grid_eq,wave,1061,6,9,13,21,28,43,46,50,58,61,63,66,81,84,88,90
grid_eq,wave,1062,8,13,16,21,29,35,38,43,56,60,64,71,78,86,93,99
grid_eq,wave,1063,1,5,18,24,30,32,46,49,54,61,68,70,75,82,96,99
grid_eq,wave,1064,4,11,27,29,33,41,45,48,50,53,71,76,78,84,97,100
grid_eq,wave,1065,9,11,14,17,32,38,40,45,58,60,63,65,83,86,89,91
grid_eq,wave,1066,13,16,21,29,33,36,48,50,52,64,66,71,78,80,93,96
grid_eq,wave,1067,1,6,9,27,32,34,47,50,54,61,68,73,76,90,93,97
grid_eq,wave,1068,9,11,14,27,29,31,33,36,55,61,66,69,73,87,92,99
grid_eq,wave,1069,2,5,9,23,27,35,39,42,46,62,68,75,83,87,90,91
grid_eq,wave,1070,1,9,16,31,33,36,38,40,51,55,63,67,69,85,92,100
grid_eq,wave,1071,13,16,19,31,34,36,38,53,59,65,70,71,78,84,86,97
grid_eq,wave,1072,1,5,7,20,24,27,32,45,49,52,57,70,75,82,88,95
grid_eq,wave,1073,3,8,22,26,28,34,39,43,51,55,67,73,80,82,95,99
grid_eq,wave,1074,4,10,12,17,24,35,39,42,57,60,64,72,77,89,93,95
grid_eq,wave,1075,11,13,16,20,35,38,43,46,50,58,61,65,83,89,95,97
grid_eq,wave,1076,3,16,20,23,28,40,43,47,52,65,68,70,72,86,89,92
grid_eq,wave,1077,4,9,22,26,28,34,50,53,56,61,69,73,76,91,96,99
grid_eq,wave,1078,2,5,19,26,32,35,48,51,54,60,66,78,82,85,97,100
grid_eq,wave,1079,2,7,10,25,28,33,40,45,58,61,64,66,80,82,85,88
grid_eq,wave,1080,9,12,15,17,31,36,44,49,57,63,70,72,78,85,92,100
grid_eq,wave,1081,4,11,17,24,29,32,37,54,56,59,62,74,78,94,96,100
grid_eq,wave,1082,1,14,17,20,31,33,47,49,55,61,63,69,84,87,90,92
grid_eq,wave,1083,1,15,18,20,22,37,44,49,52,56,75,77,79,92,96,98
grid_eq,wave,1084,4,12,18,20,25,37,42,49,54,56,62,69,84,87,91,99
grid_eq,wave,1085,12,14,18,35,37,42,49,54,59,67,72,75,89,93,95,98
grid_eq,wave,1086,3,6,18,22,25,37,44,46,49,52,74,76,79,82,94,97
grid_eq,wave,1087,10,13,16,21,28,36,43,50,55,58,62,76,87,89,92,95
grid_eq,wave,1088,7,9,14,21,28,33,40,45,51,58,65,73,80,85,88,93
grid_eq,wave,1089,9,11,14,17,31,33,39,44,47,55,62,75,77,79,83,98
grid_eq,wave,1090,1,4,17,20,23,31,35,38,43,50,51,64,67,79,82,86
grid_eq,wave,1091,9,16,23,28,36,40,41,43,55,57,59,63,80,81,85,97
grid_eq,wave,1092,5,8,12,19,26,34,38,41,43,59,64,71,78,84,86,100
grid_eq,wave,1093,9,12,15,27,31,36,39,43,55,60,62,74,76,89,93,97
grid_eq,wave,1094,13,16,18,20,21,38,42,44,47,66,69,72,74,87,93,100
grid_eq,wave,1095,5,9,12,27,34,39,42,47,54,61,69,75,88,91,95,100
grid_eq,wave,1096,9,13,16,32,35,38,40,56,59,72,75,78,84,93,97,100
grid_eq,wave,1097,7,11,14,20,28,33,36,40,41,55,58,62,80,87,91,94
grid_eq,wave,1098,2,5,18,24,30,35,43,48,59,62,67,74,84,87,89,91
grid_eq,wave,1099,12,15,19,27,33,39,41,44,55,63,67,70,75,81,90,97
grid_eq,wave,1100,1,4,23,26,38,42,45,54,58,60,71,76,83,88,95,100
grid_eq,wave,1101,6,11,14,20,27,41,44,48,56,60,72,75,78,94,96,98
grid_eq,wave,1102,6,13,19,21,33,36,44,48,60,62,75,78,81,89,92,96
grid_eq,wave,1103,8,12,15,28,34,36,40,41,63,66,68,71,75,90,92,97
grid_eq,wave,1104,4,11,16,19,34,40,42,47,53,59,71,74,77,94,97,100
grid_eq,wave,1105,1,17,20,23,35,38,41,43,46,60,61,67,75,83,89,96
grid_eq,wave,1106,2,6,20,24,27,32,46,49,54,57,71,74,77,79,94,98
grid_eq,wave,1107,3,9,15,21,28,33,36,44,51,59,67,72,86,89,91,94
grid_eq,wave,1108,2,5,9,23,25,31,38,40,44,46,52,64,77,81,90,94
grid_eq,wave,1109,3,10,18,21,24,32,36,49,54,62,67,73,81,86,89,94
grid_eq,wave,1110,4,7,10,12,26,38,42,45,63,66,69,71,85,88,93,100
grid_eq,wave,1111,9,13,16,21,36,38,42,54,58,60,62,66,84,88,89,92
grid_eq,wave,1112,3,6,8,24,27,39,43,46,58,61,64,77,80,83,91,96
grid_eq,wave,1113,6,8,11,14,28,33,36,45,50,51,58,63,65,79,93,98
grid_eq,wave,1114,3,8,20,22,26,34,38,50,52,56,69,73,75,87,93,100
grid_eq,wave,1115,5,8,13,26,30,31,34,38,50,52,63,65,68,83,86,99
grid_eq,wave,1116,3,8,22,26,34,38,39,53,59,64,66,71,80,84,88,95
grid_eq,wave,1117,9,12,17,25,30,34,41,48,50,53,56,69,72,74,87,94
grid_eq,wave,1118,5,7,11,13,28,40,45,52,57,59,64,80,81,87,93,94
grid_eq,wave,1119,4,6,8,22,27,43,45,48,50,51,66,73,79,85,91,97
grid_eq,wave,1120,5,18,21,24,36,39,41,48,54,57,61,73,76,79,93,99
grid_eq,wave,1121,4,10,11,17,23,36,38,42,50,63,66,70,72,75,88,94
grid_eq,wave,1122,1,4,7,10,23,28,45,49,53,57,72,76,79,93,97,99
grid_eq,wave,1123,7,11,14,29,34,36,41,48,50,56,58,63,71,79,83,86
grid_eq,wave,1124,2,5,8,25,28,32,45,49,54,61,70,75,78,83,96,100
grid_eq,wave,1125,3,9,14,16,21,32,39,46,52,59,64,67,82,86,89,94
grid_eq,wave,1126,2,7,15,29,31,33,36,38,50,55,62,67,75,89,92,97
grid_eq,wave,1127,11,14,19,27,31,33,35,39,57,62,65,69,78,86,92,98
grid_eq,wave,1128,2,15,18,23,30,31,35,38,51,57,64,69,81,84,87,99
grid_eq,wave,1129,3,5,9,22,27,35,40,52,58,64,71,76,80,85,91,98
grid_eq,wave,1130,12,14,18,26,30,38,41,43,55,58,61,63,80,85,88,92
grid_eq,wave,1131,2,16,18,25,31,33,40,47,51,53,64,67,70,83,85,89
grid_eq,wave,1132,2,16,19,25,32,37,45,49,59,62,67,75,83,89,91,96
grid_eq,wave,1133,2,6,9,27,32,34,39,53,56,69,72,75,91,95,97,100
grid_eq,wave,1134,4,7,19,21,25,37,40,43,58,61,64,76,83,87,90,95
grid_eq,wave,1135,6,9,13,27,31,33,39,54,56,60,61,68,73,86,94,99
grid_eq,wave,1136,6,10,12,24,28,41,46,49,53,57,72,75,79,87,94,99
grid_eq,wave,1137,6,13,19,25,32,45,49,57,61,73,76,79,85,87,92,99
grid_eq,wave,1138,2,15,18,21,30,33,44,48,62,66,70,74,78,83,97,100
grid_eq,wave,1139,2,4,17,20,23,25,38,41,54,63,67,75,79,81,93,98
grid_eq,wave,1140,1,4,17,23,31,38,40,45,52,59,63,66,80,82,85,88
grid_eq,wave,1141,4,9,12,17,35,39,42,47,55,63,69,77,81,84,90,97
grid_eq,wave,1142,3,6,19,22,25,44,46,48,61,63,68,70,75,81,90,97
grid_eq,wave,1143,3,10,16,29,31,35,43,46,51,58,60,64,82,86,89,94
grid_eq,wave,1144,3,6,10,22,27,29,34,49,51,54,56,74,79,81,94,96
grid_eq,wave,1145,9,12,16,25,29,33,48,51,54,56,70,73,77,93,95,98
grid_eq,wave,1146,1,14,16,20,32,35,38,54,56,62,69,73,76,89,92,95
grid_eq,wave,1147,3,5,18,25,30,37,41,44,56,59,63,71,78,83,90,95
grid_eq,wave,1148,4,7,10,22,29,34,36,38,53,56,59,76,80,82,84,97
grid_eq,wave,1149,11,14,17,30,31,33,38,46,51,58,65,67,72,86,89,93
grid_eq,wave,1150,12,15,18,20,33,41,45,47,61,63,67,79,83,87,91,99
grid_eq,wave,1151,8,11,14,26,30,38,41,44,55,59,63,76,79,81,84,97
grid_eq,wave,1152,12,15,18,27,42,44,46,49,64,67,72,80,85,88,92,97
grid_eq,wave,1153,6,10,11,24,26,28,32,51,55,58,72,74,80,88,93,96
grid_eq,wave,1154,2,8,16,23,29,35,37,41,49,56,63,70,78,84,92,96
grid_eq,wave,1155,3,7,10,15,21,28,33,45,48,50,51,63,76,79,82,85
grid_eq,wave,1156,6,9,14,21,28,35,40,43,57,59,61,65,73,89,91,94
grid_eq,wave,1157,13,16,18,21,30,34,37,53,60,66,68,71,74,83,86,89
grid_eq,wave,1158,4,6,11,18,23,35,37,40,41,56,58,63,71,80,84,87
grid_eq,wave,1159,3,6,19,24,27,32,37,40,52,55,58,75,80,82,88,95
grid_eq,wave,1160,10,13,19,26,32,45,47,50,53,61,73,76,79,91,95,99
grid_eq,wave,1161,3,16,22,24,28,30,43,47,51,57,69,74,76,82,96,99
grid_eq,wave,1162,3,6,10,18,31,35,38,50,56,63,69,75,81,87,94,100
grid_eq,wave,1163,8,12,15,28,36,40,41,43,56,58,70,75,78,92,97,100
grid_eq,wave,1164,8,12,20,25,27,42,47,49,54,56,62,78,81,84,97,100
grid_eq,wave,1165,2,8,16,24,32,39,47,54,58,61,74,77,80,88,93,95
grid_eq,wave,1166,2,9,15,28,33,36,44,48,51,56,75,78,81,93,97,100
grid_eq,wave,1167,12,16,19,24,42,46,49,62,64,68,76,83,88,90,91,96
grid_eq,wave,1168,1,10,12,14,28,32,40,46,59,64,67,72,85,90,92,97
grid_eq,wave,1169,2,5,17,20,22,25,43,46,49,52,67,70,75,83,88,96
grid_eq,wave,1170,5,10,12,24,28,36,43,51,56,59,63,77,83,90,91,96
grid_eq,wave,1171,11,12,15,18,20,36,42,48,50,54,66,72,80,85,88,92
grid_eq,wave,1172,4,7,11,20,23,26,28,42,45,49,57,71,74,78,90,94
grid_eq,wave,1173,1,14,19,27,32,46,50,51,54,58,73,85,88,90,91,94
grid_eq,wave,1174,3,11,16,27,29,34,41,43,46,61,64,68,80,83,86,97
grid_eq,wave,1175,12,15,18,20,29,35,42,47,49,63,66,71,79,83,86,98
grid_eq,wave,1176,5,12,19,26,34,38,41,50,53,55,59,74,77,82,89,96
grid_eq,wave,1177,1,15,18,22,30,37,44,49,52,67,69,74,90,92,94,98
grid_eq,wave,1178,13,16,21,28,36,40,42,55,60,63,66,78,81,85,90,97
grid_eq,wave,1179,2,5,7,27,29,32,35,53,55,58,60,71,78,84,97,100
grid_eq,wave,1180,6,9,13,27,30,31,34,48,51,53,56,60,74,78,82,96
grid_eq,wave,1181,1,14,20,22,27,36,39,42,44,66,69,71,74,87,95,100
grid_eq,wave,1182,3,17,22,24,29,35,41,43,46,49,60,64,67,72,89,96
grid_eq,wave,1183,1,9,14,26,39,41,43,45,48,61,68,70,75,83,89,96
grid_eq,wave,1184,9,12,15,17,40,42,45,48,59,64,66,67,72,87,89,92
grid_eq,wave,1185,4,7,11,23,26,29,31,45,47,52,59,67,75,81,93,98
grid_eq,wave,1186,10,15,17,21,33,44,46,48,50,62,68,70,74,87,93,99
grid_eq,wave,1187,10,13,15,21,28,43,47,50,51,55,68,73,75,80,81,98
grid_eq,wave,1188,5,12,18,30,38,42,44,47,62,65,67,69,81,84,89,96
grid_eq,wave,1189,2,5,20,23,31,37,39,44,56,63,70,71,77,90,93,96
grid_eq,wave,1190,3,6,10,24,28,32,35,47,49,55,62,76,79,84,91,98
grid_eq,wave,1191,3,7,9,24,26,38,41,50,53,55,61,70,77,84,88,91
grid_eq,wave,1192,6,12,19,27,35,43,48,56,60,61,73,75,78,92,95,98
grid_eq,wave,1193,3,6,18,22,25,39,43,47,62,65,67,70,83,87,91,99
grid_eq,wave,1194,1,4,16,22,29,45,47,53,59,61,75,77,82,90,95,97
grid_eq,wave,1195,4,11,17,19,23,36,42,49,62,67,70,75,81,87,94,100
grid_eq,wave,1196,2,9,15,23,28,32,35,40,47,62,68,70,74,86,92,99
grid_eq,wave,1197,1,15,18,22,26,30,34,46,49,52,64,69,71,83,86,99
grid_eq,wave,1198,7,13,29,31,35,37,43,57,60,61,64,76,78,82,95,98
grid_eq,wave,1199,11,14,16,19,38,41,43,45,56,60,67,71,73,84,89,97
grid_eq,wave,1200,9,13,16,28,31,34,40,46,52,58,63,66,70,81,84,99
grid_eq,wave,1201,3,15,18,20,22,32,44,47,52,55,59,71,76,83,89,96
grid_eq,wave,1202,6,9,13,28,32,34,36,40,47,63,65,68,71,83,86,89
grid_eq,wave,1203,7,12,20,24,27,43,51,56,59,64,67,76,79,82,95,98
grid_eq,wave,1204,13,15,20,21,28,36,42,44,57,59,65,71,79,83,85,88
grid_eq,wave,1205,1,4,8,23,26,29,31,44,46,59,64,72,80,87,91,94
grid_eq,wave,1206,3,13,19,26,31,38,43,45,57,60,61,73,89,91,95,97
grid_eq,wave,1207,1,13,16,29,32,37,45,51,59,63,66,77,85,88,90,92
grid_eq,wave,1208,2,15,17,23,30,32,35,38,56,62,69,74,77,88,93,99
grid_eq,wave,1209,7,10,11,14,33,36,38,40,51,55,58,63,76,79,91,94
grid_eq,wave,1210,10,11,14,16,28,34,41,47,53,55,60,66,74,82,89,96
grid_eq,wave,1211,2,16,19,24,27,42,45,49,57,68,73,76,78,92,96,99
grid_eq,wave,1212,2,14,20,26,27,33,38,40,48,51,54,56,73,79,87,94
grid_eq,wave,1213,4,7,19,25,32,40,48,52,55,56,70,76,82,88,96,100
grid_eq,wave,1214,5,10,13,26,29,34,41,48,56,60,63,75,78,81,97,100
grid_eq,wave,1215,6,14,19,21,23,37,40,45,52,58,73,76,79,82,87,94
grid_eq,wave,1216,6,13,19,21,25,41,45,48,54,60,63,66,79,81,84,98
grid_eq,wave,1217,4,11,17,20,23,38,46,52,59,64,67,73,80,86,93,98
grid_eq,wave,1218,4,6,18,21,23,30,45,48,52,65,68,81,84,87,90,93
grid_eq,wave,1219,7,11,14,30,34,36,38,41,53,59,61,65,77,83,86,99
grid_eq,wave,1220,3,5,8,25,27,39,45,52,54,58,66,73,80,88,92,95
grid_eq,wave,1221,1,7,14,19,31,33,36,39,55,59,62,77,84,90,91,96
grid_eq,wave,1222,2,4,17,20,24,36,38,42,54,57,70,73,76,88,92,95
grid_eq,wave,1223,4,23,26,28,30,31,44,47,55,59,62,76,79,81,83,96
grid_eq,wave,1224,12,15,18,20,35,38,41,55,58,62,70,75,78,92,96,100
grid_eq,wave,1225,1,4,17,20,24,40,42,46,49,62,65,68,70,86,88,93
grid_eq,wave,1226,3,11,14,17,20,43,47,55,60,61,68,74,76,92,94,99
grid_eq,wave,1227,2,17,24,25,30,32,38,46,51,65,67,70,72,83,86,89
grid_eq,wave,1228,1,13,16,19,35,38,42,47,59,65,72,77,80,85,92,99
grid_eq,wave,1229,5,7,12,25,28,30,34,42,46,59,64,67,72,89,92,96
grid_eq,wave,1230,2,10,15,18,32,37,40,44,55,57,60,61,76,79,83,95
grid_eq,wave,1231,7,11,14,29,35,37,41,53,60,61,65,67,83,89,91,96
grid_eq,wave,1232,3,17,24,30,32,35,38,56,62,65,68,74,81,90,94,99
grid_eq,wave,1233,10,12,14,17,38,42,46,54,60,62,68,72,80,85,88,93
grid_eq,wave,1234,9,13,16,21,35,38,40,42,59,63,65,68,82,84,87,90
grid_eq,wave,1235,4,7,10,21,29,34,37,52,56,59,73,76,79,81,94,97
grid_eq,wave,1236,9,13,16,21,38,40,43,45,51,64,67,70,75,82,88,95
grid_eq,wave,1237,6,9,14,27,32,39,45,47,51,63,69,75,81,90,95,97
grid_eq,wave,1238,3,5,7,10,24,28,32,36,49,57,62,64,69,92,95,98
grid_eq,wave,1239,7,14,19,21,34,37,43,50,51,54,67,75,78,82,89,96
grid_eq,wave,1240,7,11,20,24,36,38,40,43,55,61,69,73,76,89,91,95
grid_eq,wave,1241,1,6,8,13,25,28,43,48,60,61,64,77,83,89,91,96
grid_eq,wave,1242,1,16,19,24,27,32,46,49,53,57,72,75,79,91,94,98
grid_eq,wave,1243,3,6,19,22,25,44,48,51,56,59,64,78,83,91,96,98
grid_eq,wave,1244,1,6,8,24,27,39,42,44,57,62,69,74,81,83,87,99
grid_eq,wave,1245,5,7,12,25,29,33,41,47,63,66,69,75,81,87,90,98
grid_eq,wave,1246,3,6,19,26,32,34,37,40,58,61,75,77,83,90,91,96
grid_eq,wave,1247,9,15,23,28,31,39,44,46,62,68,70,74,81,87,93,99
grid_eq,wave,1248,1,5,8,23,27,39,43,46,60,64,65,68,71,83,86,89
grid_eq,wave,1249,3,6,9,21,25,40,44,51,56,58,64,70,77,82,90,96
grid_eq,wave,1250,3,6,19,22,25,27,44,52,57,59,74,77,79,81,87,94
grid_eq,wave,1251,7,14,20,21,28,33,36,50,51,55,68,73,76,91,94,97
grid_eq,wave,1252,1,4,7,20,24,27,42,44,49,65,72,74,79,93,96,99
grid_eq,wave,1253,6,9,14,18,22,30,38,42,45,60,65,67,72,86,89,93
grid_eq,wave,1254,10,11,14,16,28,33,41,48,55,63,66,69,71,84,90,97
grid_eq,wave,1255,3,6,9,22,27,35,39,52,57,60,65,72,80,86,88,94
grid_eq,wave,1256,1,4,16,20,23,37,42,44,57,59,72,75,78,87,93,100
grid_eq,wave,1257,2,6,9,24,28,41,43,46,48,60,64,71,76,78,84,100
grid_eq,wave,1258,5,9,12,27,30,35,43,48,51,59,64,67,82,86,89,93
grid_eq,wave,1259,6,10,13,21,27,35,39,43,58,61,64,76,80,91,95,99
grid_eq,wave,1260,3,6,19,23,26,44,48,52,56,60,72,74,78,80,93,97
grid_eq,wave,1261,2,4,7,10,23,27,39,42,44,47,69,72,75,77,93,99
grid_eq,wave,1262,2,15,18,23,37,41,44,57,59,64,72,75,78,92,97,100
grid_eq,wave,1263,3,7,10,14,22,27,41,49,53,55,71,74,77,90,92,96
grid_eq,wave,1264,7,13,19,26,32,46,48,50,53,61,66,74,79,91,94,98
grid_eq,wave,1265,12,15,18,20,36,41,44,49,57,64,72,78,80,86,93,99
grid_eq,wave,1266,3,9,22,26,32,37,39,44,52,59,67,74,82,88,95,100
grid_eq,wave,1267,9,14,16,22,39,43,45,47,61,69,74,77,81,93,97,100
grid_eq,wave,1268,10,12,18,25,33,40,47,51,55,68,70,73,75,90,91,97
grid_eq,wave,1269,5,8,12,26,39,41,43,46,61,65,68,73,87,90,91,94
grid_eq,wave,1270,2,16,28,33,40,45,47,52,58,60,66,73,78,81,85,90
grid_eq,wave,1271,5,7,13,28,30,32,36,45,58,61,66,73,80,85,88,91
grid_eq,wave,1272,9,13,17,25,31,40,48,54,56,60,62,74,78,92,94,100
grid_eq,wave,1273,8,11,14,15,29,31,37,44,59,62,73,75,77,89,92,96
grid_eq,wave,1274,12,19,26,31,43,53,55,58,60,61,73,75,78,91,95,100
grid_eq,wave,1275,7,10,13,21,28,33,40,47,51,56,64,69,71,76,84,97
grid_eq,wave,1276,3,6,8,22,25,29,37,43,59,62,64,77,81,83,96,99
grid_eq,wave,1277,1,4,17,22,29,37,44,52,59,64,67,71,80,86,93,98
grid_eq,wave,1278,12,15,18,30,35,38,42,49,53,57,65,70,72,78,86,99
grid_eq,wave,1279,5,10,12,18,24,41,44,48,56,60,63,71,75,78,96,100
grid_eq,wave,1280,11,14,18,26,33,34,40,41,48,63,65,69,84,87,90,92
grid_eq,wave,1281,4,7,22,26,29,34,46,52,59,64,71,76,89,94,96,100
grid_eq,wave,1282,12,16,18,30,31,36,43,45,49,67,72,75,79,87,93,99
grid_eq,wave,1283,4,6,19,22,26,34,38,50,53,61,64,69,77,83,96,99
grid_eq,wave,1284,1,5,20,28,31,33,36,54,58,60,61,66,75,82,88,94
grid_eq,wave,1285,3,6,11,19,24,32,37,45,49,52,65,67,72,80,93,96
grid_eq,wave,1286,2,4,22,24,27,29,44,48,52,64,66,68,82,85,87,90
grid_eq,wave,1287,10,12,15,17,39,42,44,46,62,66,69,74,77,89,93,96
grid_eq,wave,1288,1,9,15,23,29,32,37,44,50,58,62,66,80,85,88,92
grid_eq,wave,1289,3,18,21,25,30,33,42,48,64,66,70,71,78,85,93,98
grid_eq,wave,1290,9,14,17,22,29,41,44,47,55,59,62,77,80,84,91,98
grid_eq,wave,1291,11,13,14,16,19,33,39,52,56,58,61,64,76,83,90,97
grid_eq,wave,1292,7,15,19,21,33,35,41,49,51,57,63,79,81,84,87,100
grid_eq,wave,1293,3,10,15,21,28,35,40,41,43,48,65,69,72,77,89,94
grid_eq,wave,1294,1,10,14,22,27,29,44,52,57,59,72,74,78,90,93,97
grid_eq,wave,1295,1,6,19,27,31,33,46,48,51,60,64,66,78,82,96,100
grid_eq,wave,1296,11,14,17,29,41,43,45,47,50,61,64,69,77,81,84,88
grid_eq,wave,1297,11,17,20,24,32,38,45,49,62,65,68,80,84,87,92,99
grid_eq,wave,1298,1,15,18,31,33,38,40,47,55,59,62,77,81,84,90,97
grid_eq,wave,1299,1,9,13,16,28,34,40,53,58,61,66,70,78,82,96,98
grid_eq,wave,1300,3,9,22,26,28,30,44,52,59,68,71,75,77,89,93,96
grid_eq,wave,1301,5,9,12,27,33,41,46,48,50,53,64,72,77,79,94,98
grid_eq,wave,1302,14,17,21,29,33,37,51,57,59,63,64,78,79,85,92,97
grid_eq,wave,1303,11,13,16,29,31,37,51,53,56,64,67,70,82,88,95,97
grid_eq,wave,1304,3,7,22,30,34,36,38,43,57,61,65,70,83,86,88,91
grid_eq,wave,1305,7,10,15,21,33,38,40,51,55,58,73,76,80,91,94,98
grid_eq,wave,1306,10,11,15,18,23,31,37,40,43,55,62,68,75,80,93,96
grid_eq,wave,1307,6,14,19,22,26,40,45,48,54,61,66,69,91,95,97,100
grid_eq,wave,1308,14,16,19,21,40,43,48,51,55,57,73,76,79,91,95,97
grid_eq,wave,1309,12,15,18,37,39,42,45,64,67,72,75,79,83,86,97,100
grid_eq,wave,1310,2,5,20,24,27,41,47,52,55,59,72,74,77,80,93,97
grid_eq,wave,1311,3,5,22,25,28,39,45,52,57,64,69,71,77,88,94,99
grid_eq,wave,1312,3,5,7,19,21,26,33,37,50,51,54,58,76,82,89,96
grid_eq,wave,1313,11,14,17,29,33,36,38,44,52,56,59,74,78,82,87,94
grid_eq,wave,1314,6,11,19,32,34,37,43,49,51,57,73,76,81,87,89,94
grid_eq,wave,1315,7,10,13,21,25,29,37,41,44,55,60,68,72,84,87,90
grid_eq,wave,1316,4,7,10,22,25,29,37,50,52,54,68,76,82,85,90,98
grid_eq,wave,1317,1,14,19,26,31,33,45,49,51,63,66,79,82,85,97,100
grid_eq,wave,1318,1,5,17,23,32,35,39,56,62,64,69,77,91,93,96,99
grid_eq,wave,1319,4,10,12,17,29,37,42,44,56,59,72,75,78,93,97,100
grid_eq,wave,1320,8,13,21,26,29,34,37,41,43,50,63,67,76,83,89,96
grid_eq,wave,1321,7,13,26,29,31,34,46,53,58,60,71,74,79,87,94,100
grid_eq,wave,1322,10,13,16,19,21,34,47,51,53,56,60,76,79,82,93,97
grid_eq,wave,1323,5,8,12,25,29,37,41,44,56,59,62,64,75,77,89,93
grid_eq,wave,1324,7,10,14,22,37,43,45,50,61,66,69,74,82,88,90,95
grid_eq,wave,1325,5,8,12,25,29,31,37,44,56,59,62,75,78,92,96,100
grid_eq,wave,1326,7,10,13,15,28,31,33,47,54,60,72,79,85,91,97,100
grid_eq,wave,1327,4,8,11,16,23,29,37,42,44,59,66,72,78,86,90,92
grid_eq,wave,1328,14,16,19,21,34,38,40,41,54,63,66,69,71,80,84,97
grid_eq,wave,1329,2,5,9,23,27,35,39,47,52,64,66,71,78,84,92,99
grid_eq,wave,1330,1,15,28,31,33,36,40,51,55,59,63,67,80,81,84,87
grid_eq,wave,1331,8,12,15,21,33,36,38,40,51,55,63,67,70,85,88,92
grid_eq,wave,1332,13,15,16,30,31,34,37,50,52,58,65,76,80,83,91,98
grid_eq,wave,1333,8,14,22,26,29,43,45,48,51,60,64,67,82,85,89,97
grid_eq,wave,1334,2,5,9,24,27,32,40,48,53,55,71,74,76,79,94,98
grid_eq,wave,1335,1,15,18,23,30,42,44,48,60,62,65,67,84,89,91,97
grid_eq,wave,1336,1,4,6,10,18,23,36,39,42,54,69,73,75,81,87,94
grid_eq,wave,1337,5,10,22,26,29,34,47,52,55,59,73,76,81,89,94,96
grid_eq,wave,1338,8,11,14,26,30,33,38,51,55,58,63,76,80,81,84,88
grid_eq,wave,1339,4,11,17,20,23,31,35,47,53,55,59,72,86,89,91,94
grid_eq,wave,1340,3,16,19,24,36,42,49,51,54,57,70,73,76,88,91,96
grid_eq,wave,1341,3,6,10,21,28,36,43,50,51,58,66,74,82,88,90,94
grid_eq,wave,1342,10,12,16,28,33,36,41,50,53,55,58,71,76,79,84,100
grid_eq,wave,1343,10,13,16,21,29,33,37,44,50,51,67,72,74,80,88,93
grid_eq,wave,1344,2,17,20,25,31,33,47,50,53,61,66,69,83,85,90,97
grid_eq,wave,1345,1,5,9,23,27,32,35,39,52,58,64,70,78,82,86,100
grid_eq,wave,1346,10,12,16,19,24,43,46,49,51,65,68,74,82,87,90,95
grid_eq,wave,1347,4,19,22,26,34,38,50,53,55,68,73,81,87,90,93,96
grid_eq,wave,1348,3,16,18,22,34,40,47,49,52,64,77,79,82,95,97,98
grid_eq,wave,1349,12,18,20,23,42,44,48,50,56,63,71,77,80,85,93,98
grid_eq,wave,1350,13,16,19,21,33,36,40,48,51,56,64,79,82,86,94,98
grid_eq,wave,1351,4,11,17,20,25,32,42,44,47,49,66,72,78,84,97,100
grid_eq,wave,1352,1,5,17,20,32,35,46,48,59,62,64,77,90,91,94,97
grid_eq,wave,1353,13,17,20,21,25,28,36,43,49,56,63,69,71,84,87,90
grid_eq,wave,1354,1,4,9,17,22,35,40,43,48,60,62,67,75,89,93,96
grid_eq,wave,1355,1,13,16,19,21,35,38,43,64,70,71,76,78,83,96,98
grid_eq,wave,1356,2,5,17,24,30,31,37,43,56,60,62,68,75,89,91,94
grid_eq,wave,1357,1,14,17,22,30,43,46,49,51,63,66,70,81,85,88,100
grid_eq,wave,1358,1,4,10,17,23,31,39,44,47,55,72,75,78,91,95,99
grid_eq,wave,1359,5,12,19,25,37,40,42,49,58,72,75,76,80,88,93,96
grid_eq,wave,1360,6,12,18,25,27,34,40,43,46,64,69,71,77,83,90,96
grid_eq,wave,1361,1,5,10,23,27,31,35,48,53,60,65,71,78,83,86,100
grid_eq,wave,1362,5,7,12,19,24,37,43,45,49,61,67,73,79,92,95,98
grid_eq,wave,1363,1,10,15,21,28,33,40,44,47,59,62,74,77,81,93,99
grid_eq,wave,1364,1,4,17,23,25,30,32,38,55,59,62,67,74,89,93,97
grid_eq,wave,1365,12,15,20,27,28,31,43,46,49,62,65,74,77,79,92,98
grid_eq,wave,1366,8,13,15,26,29,31,37,43,56,60,63,71,75,77,89,97
grid_eq,wave,1367,3,6,10,25,27,32,39,45,47,61,63,76,79,83,96,98
grid_eq,wave,1368,1,5,17,20,24,35,42,49,57,64,69,77,82,84,96,98
grid_eq,wave,1369,1,4,17,20,23,31,35,48,56,70,72,75,77,92,95,99
grid_eq,wave,1370,3,6,22,25,27,37,52,54,67,69,71,74,78,92,96,99
grid_eq,wave,1371,3,17,20,22,35,39,42,47,54,67,70,72,85,87,92,99
grid_eq,wave,1372,2,4,10,17,23,28,42,44,49,56,72,75,79,94,97,99
grid_eq,wave,1373,1,4,10,17,22,24,39,46,62,65,69,74,77,81,85,98
grid_eq,wave,1374,2,13,15,18,30,31,36,44,59,62,74,77,80,91,95,98
grid_eq,wave,1375,2,7,8,25,32,38,45,58,60,61,63,75,83,89,95,98
grid_eq,wave,1376,8,13,15,21,28,34,48,53,56,60,61,75,79,83,91,96
grid_eq,wave,1377,2,4,10,17,24,31,36,39,44,57,62,69,75,92,95,99
grid_eq,wave,1378,1,6,10,13,25,28,33,47,50,61,63,66,70,81,85,87
grid_eq,wave,1379,3,9,16,21,24,28,41,46,53,59,72,76,80,88,91,94
grid_eq,wave,1380,13,15,18,20,21,36,43,48,62,64,67,70,81,84,96,99
grid_eq,wave,1381,6,13,19,25,31,37,50,51,53,55,68,73,76,81,90,97
grid_eq,wave,1382,3,8,24,26,38,40,42,45,58,61,66,74,80,87,91,94
grid_eq,wave,1383,5,7,9,22,28,34,41,50,53,56,58,72,74,87,93,99
grid_eq,wave,1384,13,16,19,21,25,33,38,45,53,60,61,68,82,86,89,95
grid_eq,wave,1385,1,8,14,27,31,33,39,47,52,54,67,69,74,81,86,89
grid_eq,wave,1386,10,13,16,28,32,45,50,53,58,70,72,76,85,88,91,93
grid_eq,wave,1387,1,14,18,23,30,31,34,48,52,66,70,72,78,85,87,93
grid_eq,wave,1388,1,4,7,10,24,29,32,45,57,59,62,65,85,88,90,92
grid_eq,wave,1389,3,19,21,26,34,40,42,48,53,55,68,71,77,84,90,96
grid_eq,wave,1390,2,6,9,14,28,39,43,47,62,65,68,80,81,84,87,99
grid_eq,wave,1391,9,11,14,16,29,43,45,51,57,59,72,75,80,88,92,96
grid_eq,wave,1392,1,4,7,19,22,25,37,42,45,49,67,74,79,81,94,97
grid_eq,wave,1393,7,11,14,20,27,39,43,55,57,61,70,74,77,92,95,99
grid_eq,wave,1394,6,12,18,25,30,42,44,47,53,60,66,68,74,82,89,96
grid_eq,wave,1395,14,17,21,29,34,43,48,51,56,63,70,78,81,84,97,99
grid_eq,wave,1396,1,5,8,20,32,34,36,38,52,60,64,67,82,86,95,99
grid_eq,wave,1397,3,6,10,23,25,27,31,39,52,55,57,59,80,82,84,87
grid_eq,wave,1398,1,8,15,23,30,35,38,42,55,57,60,72,75,78,92,96
grid_eq,wave,1399,1,14,20,22,27,41,45,49,57,63,67,75,79,81,94,97
grid_eq,wave,1400,9,11,14,17,31,33,35,40,47,59,62,65,77,81,89,93
grid_eq,wave,1401,2,4,19,26,34,39,42,55,57,62,76,79,90,92,94,97
grid_eq,wave,1402,2,14,16,18,32,39,45,52,54,58,73,76,88,90,91,95
grid_eq,wave,1403,1,14,16,19,33,47,51,55,60,63,66,78,81,84,96,100
grid_eq,wave,1404,1,4,7,22,25,38,40,43,46,52,58,64,69,82,88,95
grid_eq,wave,1405,1,4,7,22,25,29,37,52,55,57,60,75,78,82,97,100
grid_eq,wave,1406,1,9,12,15,18,37,41,44,59,62,65,77,84,89,92,97
grid_eq,wave,1407,8,11,14,16,28,33,51,55,58,60,63,66,78,81,95,98
grid_eq,wave,1408,8,15,23,30,31,35,37,48,52,60,64,75,78,83,96,99
grid_eq,wave,1409,11,13,16,19,33,39,44,47,63,66,71,75,79,83,86,98
grid_eq,wave,1410,14,16,19,22,39,52,55,57,69,73,74,76,78,81,94,97
grid_eq,wave,1411,11,14,16,19,33,41,48,54,56,60,71,75,77,92,94,97
grid_eq,wave,1412,4,9,22,27,34,39,42,47,59,65,67,73,81,86,89,93
grid_eq,wave,1413,5,12,19,26,34,37,42,49,55,63,73,79,84,90,92,97
grid_eq,wave,1414,3,5,28,31,35,43,50,56,58,61,70,74,83,88,96,100
grid_eq,wave,1415,2,10,11,14,16,29,32,46,54,59,61,67,74,79,83,96
grid_eq,wave,1416,11,13,16,18,30,33,36,52,54,59,66,71,83,85,88,90
grid_eq,wave,1417,13,16,18,21,30,33,38,51,58,63,66,70,81,84,88,90
grid_eq,wave,1418,11,16,19,24,42,46,49,54,67,70,72,76,85,88,93,100
grid_eq,wave,1419,4,6,19,22,25,38,43,45,50,52,64,67,75,83,89,96
grid_eq,wave,1420,12,15,18,30,35,42,48,56,63,69,71,75,78,93,97,100
grid_eq,wave,1421,5,12,18,20,25,42,45,47,49,65,70,72,78,86,92,100
grid_eq,wave,1422,3,6,9,11,24,28,40,45,52,58,74,76,79,81,94,99
grid_eq,wave,1423,4,11,17,20,23,35,41,48,54,59,67,72,80,85,88,92
grid_eq,wave,1424,5,19,22,24,26,37,49,52,55,58,69,73,76,93,95,99
grid_eq,wave,1425,3,16,19,22,24,28,40,42,55,59,67,72,75,80,93,96
grid_eq,wave,1426,1,18,20,24,32,44,47,49,62,64,73,77,79,92,95,98
grid_eq,wave,1427,4,8,11,23,26,29,44,47,52,59,72,75,77,89,93,94
grid_eq,wave,1428,4,6,19,22,24,36,50,52,55,58,75,82,88,90,91,96
grid_eq,wave,1429,3,6,8,21,25,27,43,45,50,56,71,74,77,80,94,98
grid_eq,wave,1430,6,9,13,21,27,34,40,41,48,53,66,73,79,95,97,100
grid_eq,wave,1431,13,16,18,21,30,33,47,51,54,60,68,76,79,82,94,98
grid_eq,wave,1432,8,11,14,16,27,32,39,55,57,59,62,76,84,89,92,96
grid_eq,wave,1433,1,5,23,26,29,31,44,49,57,62,70,77,84,89,91,96
grid_eq,wave,1434,2,6,20,25,28,32,40,46,53,58,73,76,80,81,95,98
grid_eq,wave,1435,7,10,13,15,28,32,45,50,52,58,65,73,86,89,91,94
grid_eq,wave,1436,2,15,20,23,28,31,42,44,48,64,67,69,82,85,90,97
grid_eq,wave,1437,1,7,14,28,32,45,50,58,62,64,70,75,77,92,95,99
grid_eq,wave,1438,12,15,17,20,28,33,42,45,57,62,70,74,78,86,93,99
grid_eq,wave,1439,2,8,22,25,29,37,41,53,55,57,61,70,76,82,89,95
grid_eq,wave,1440,4,8,11,16,23,28,43,46,49,53,64,67,71,79,83,96
grid_eq,wave,1441,8,13,16,21,28,36,43,50,56,58,62,64,78,90,92,95
grid_eq,wave,1442,3,6,19,26,32,34,47,52,55,60,64,68,71,76,89,95
grid_eq,wave,1443,9,15,17,21,23,44,47,49,55,62,68,79,84,86,91,98
grid_eq,wave,1444,11,14,17,20,32,35,38,50,58,64,72,76,80,92,95,98
grid_eq,wave,1445,3,7,21,25,29,37,43,50,55,61,63,68,81,84,87,90
grid_eq,wave,1446,3,9,16,23,28,31,40,43,47,55,59,63,77,80,81,85
grid_eq,wave,1447,11,14,17,20,40,42,44,47,59,66,72,74,80,87,94,99
grid_eq,wave,1448,6,11,20,23,24,27,46,50,52,58,73,77,79,91,94,98
grid_eq,wave,1449,13,17,21,25,29,33,37,51,54,60,67,73,82,87,95,99
grid_eq,wave,1450,3,8,16,24,32,38,40,46,52,58,61,73,75,80,88,95
grid_eq,wave,1451,3,6,20,22,24,27,46,49,52,54,57,73,76,79,93,100
grid_eq,wave,1452,2,4,18,23,31,35,39,54,57,61,70,76,79,83,93,96
grid_eq,wave,1453,3,6,10,24,28,32,39,46,53,59,66,74,83,88,90,96
grid_eq,wave,1454,1,15,18,23,31,37,43,49,62,65,67,80,83,86,88,92
grid_eq,wave,1455,10,11,15,18,23,37,44,49,55,63,66,78,80,84,91,96
grid_eq,wave,1456,6,19,22,23,25,40,44,48,51,56,63,65,81,87,94,100
grid_eq,wave,1457,1,4,6,19,22,34,36,49,52,55,58,75,80,82,88,96
grid_eq,wave,1458,7,10,11,14,26,29,42,45,57,59,72,75,77,90,91,95
grid_eq,wave,1459,6,11,13,20,28,34,36,49,52,67,71,74,86,90,94,98
grid_eq,wave,1460,1,5,12,18,25,27,39,42,46,54,57,70,73,86,93,98
grid_eq,wave,1461,7,13,19,21,33,38,47,50,55,62,68,76,80,84,92,97
grid_eq,wave,1462,1,5,9,23,27,31,36,43,49,57,62,75,83,87,89,96
grid_eq,wave,1463,4,16,19,21,22,24,37,43,49,57,62,64,80,86,88,93
grid_eq,wave,1464,1,7,14,29,33,37,41,54,58,61,73,76,79,85,88,92
grid_eq,wave,1465,12,15,18,26,30,31,43,48,62,65,69,77,84,90,91,97
grid_eq,wave,1466,1,13,16,29,31,33,37,50,54,56,68,72,85,88,90,93
grid_eq,wave,1467,2,8,15,20,23,42,44,48,64,67,71,78,85,90,93,98
grid_eq,wave,1468,2,16,18,21,30,37,42,44,56,59,62,76,84,89,92,96
grid_eq,wave,1469,5,11,17,20,24,31,35,48,50,52,64,66,76,81,85,88
grid_eq,wave,1470,8,11,14,32,36,38,40,53,57,61,69,74,87,92,95,100
grid_eq,wave,1471,5,17,20,22,35,38,43,49,56,62,70,75,78,86,93,99
grid_eq,wave,1472,3,8,15,22,30,37,42,44,49,57,66,69,72,85,93,99
grid_eq,wave,1473,1,6,9,13,28,33,35,46,48,50,61,64,76,79,93,96
grid_eq,wave,1474,1,14,17,20,32,38,40,46,54,62,69,76,78,85,91,98
grid_eq,wave,1475,13,16,29,31,33,37,51,53,58,60,65,77,83,91,96,99
grid_eq,wave,1476,1,4,10,17,24,29,32,44,47,61,68,70,76,82,89,96
grid_eq,wave,1477,4,11,18,23,30,37,41,44,45,49,67,72,80,85,88,93
grid_eq,wave,1478,2,13,16,19,31,33,36,49,55,57,62,75,88,90,92,96
grid_eq,wave,1479,13,16,21,28,30,34,36,41,61,63,67,70,85,88,90,92
grid_eq,wave,1480,8,11,14,26,30,33,38,41,50,55,63,68,76,81,84,97
grid_eq,wave,1481,7,10,14,21,33,38,40,46,52,60,65,68,73,81,86,89
grid_eq,wave,1482,1,7,15,30,33,35,38,41,55,61,63,69,77,84,91,99
grid_eq,wave,1483,5,8,11,27,34,39,43,54,57,61,69,74,77,83,88,92
grid_eq,wave,1484,8,13,16,20,21,33,38,50,52,64,68,75,80,83,86,98
grid_eq,wave,1485,8,12,15,31,36,39,43,55,57,63,69,76,81,84,90,97
grid_eq,wave,1486,8,13,26,30,31,38,43,55,58,61,74,76,80,92,94,98
grid_eq,wave,1487,3,7,19,21,25,37,43,50,51,58,64,76,79,82,95,99
grid_eq,wave,1488,8,13,16,21,30,33,37,44,51,53,56,59,82,85,87,89
grid_eq,wave,1489,9,13,14,16,31,38,40,44,46,68,70,72,75,92,97,99
grid_eq,wave,1490,2,6,8,25,29,32,37,53,55,59,67,73,85,88,90,92
grid_eq,wave,1491,2,17,20,23,25,31,33,37,52,55,57,60,78,83,86,90
grid_eq,wave,1492,11,14,18,26,33,41,49,53,55,57,61,68,80,83,86,98
grid_eq,wave,1493,3,6,18,24,30,32,36,48,51,64,67,70,72,86,89,93
grid_eq,wave,1494,1,4,7,23,26,27,29,34,42,47,52,59,72,74,78,86
grid_eq,wave,1495,3,16,19,27,31,35,40,43,47,61,64,76,79,92,95,98
grid_eq,wave,1496,3,10,16,22,24,28,32,40,47,52,64,69,76,82,95,99
grid_eq,wave,1497,6,13,19,26,31,43,45,48,53,59,61,66,78,83,86,100
grid_eq,wave,1498,7,11,14,20,28,33,46,54,58,60,61,73,76,88,91,95
grid_eq,wave,1499,6,12,25,29,33,37,41,48,54,60,67,72,79,85,97,100
grid_eq,wave,1500,7,9,13,16,28,32,36,40,52,55,57,78,80,82,85,99
grid_eq,wave,1501,2,5,8,27,31,39,44,52,57,60,65,78,81,83,96,100
grid_eq,wave,1502,7,13,20,21,26,34,38,41,50,55,63,76,79,84,91,98
grid_eq,wave,1503,2,9,15,18,23,30,44,47,52,56,68,70,75,82,89,97
grid_eq,wave,1504,9,14,17,21,33,35,38,50,56,62,65,68,80,84,87,91
grid_eq,wave,1505,2,7,14,28,32,35,50,54,57,58,61,63,76,79,81,84
grid_eq,wave,1506,4,6,18,20,22,25,37,43,51,57,59,72,75,87,90,93
grid_eq,wave,1507,5,8,12,24,27,39,41,43,46,60,63,69,71,77,84,89
grid_eq,wave,1508,1,4,7,10,23,26,29,44,47,52,67,71,74,89,93,96
grid_eq,wave,1509,3,6,19,25,31,34,37,39,43,61,64,67,75,79,83,97
grid_eq,wave,1510,4,9,17,21,23,40,46,48,52,54,60,65,78,81,84,96
grid_eq,wave,1511,4,6,8,22,25,27,29,42,46,59,64,67,84,87,90,92
grid_eq,wave,1512,2,5,8,24,28,32,36,40,43,56,63,69,81,84,87,100
grid_eq,wave,1513,5,8,12,24,26,39,42,46,52,65,69,71,77,83,89,96
grid_eq,wave,1514,12,15,18,30,35,42,47,56,59,72,75,78,93,96,97,100
grid_eq,wave,1515,4,12,19,26,34,38,41,43,55,60,63,67,83,86,89,98
grid_eq,wave,1516,1,5,18,23,25,42,44,46,49,67,72,74,79,93,96,98
grid_eq,wave,1517,4,7,22,25,29,37,44,51,58,60,64,71,76,80,88,94
grid_eq,wave,1518,1,13,17,29,31,35,43,47,60,61,65,78,83,86,91,100
grid_eq,wave,1519,4,8,16,21,23,30,34,38,46,52,60,65,68,82,86,90
grid_eq,wave,1520,4,6,20,22,25,27,39,42,55,57,71,74,76,79,93,99
grid_eq,wave,1521,3,15,19,21,27,33,44,56,60,62,64,68,86,91,94,99
grid_eq,wave,1522,5,8,11,13,26,30,33,38,41,63,66,68,71,85,93,99
grid_eq,wave,1523,6,8,12,26,29,34,38,42,56,65,69,72,74,87,94,99
grid_eq,wave,1524,3,10,17,22,24,47,49,52,55,67,70,74,81,87,94,99
grid_eq,wave,1525,7,10,13,26,29,34,38,41,53,60,67,71,74,88,93,95
grid_eq,wave,1526,2,8,15,31,33,36,38,40,53,55,63,69,84,87,90,91
grid_eq,wave,1527,4,6,10,22,25,28,40,44,47,59,62,67,75,79,81,94
grid_eq,wave,1528,5,8,12,24,27,39,41,46,53,59,61,64,67,83,90,96
grid_eq,wave,1529,4,7,9,22,27,34,39,42,47,54,69,71,73,76,96,99
grid_eq,wave,1530,1,5,16,19,23,32,45,57,59,63,75,78,81,83,96,100
grid_eq,wave,1531,6,13,21,25,28,33,39,41,56,58,60,61,64,83,86,89
grid_eq,wave,1532,5,8,12,25,37,42,44,49,55,58,71,74,82,88,90,96
grid_eq,wave,1533,7,13,20,36,38,44,51,56,63,71,75,78,92,95,97,100
grid_eq,wave,1534,14,17,19,21,33,37,44,51,55,60,67,73,81,84,89,96
grid_eq,wave,1535,2,5,7,25,28,32,40,46,52,58,75,78,80,82,88,96
grid_eq,wave,1536,1,4,17,24,30,32,36,38,53,55,67,71,80,85,93,98
grid_eq,wave,1537,3,7,11,19,24,27,39,46,53,60,68,74,76,81,89,94
grid_eq,wave,1538,5,13,18,20,21,26,34,43,47,50,63,65,69,71,86,99
grid_eq,wave,1539,5,11,13,26,28,30,33,50,52,55,58,67,80,82,85,87
grid_eq,wave,1540,4,9,11,16,23,38,41,45,53,67,69,72,74,86,92,98
grid_eq,wave,1541,10,14,17,22,40,45,48,51,66,70,71,73,85,88,91,100
grid_eq,wave,1542,6,13,19,26,31,43,45,48,50,51,66,74,79,81,97,100
grid_eq,wave,1543,1,4,7,20,22,27,34,49,53,57,65,69,72,91,94,100
grid_eq,wave,1544,9,14,21,26,33,38,40,45,51,58,66,72,88,90,92,94
grid_eq,wave,1545,12,14,17,20,34,38,42,46,49,54,61,67,74,80,87,92
grid_eq,wave,1546,3,10,16,21,28,35,40,43,58,61,65,73,80,81,85,88
grid_eq,wave,1547,9,11,14,27,31,33,35,39,57,62,64,78,85,90,93,97
grid_eq,wave,1548,1,14,17,20,31,33,35,49,51,53,65,67,72,79,93,99
grid_eq,wave,1549,2,10,16,21,23,28,36,52,55,58,60,73,77,89,91,94
grid_eq,wave,1550,1,10,13,16,31,36,39,43,51,64,68,72,80,85,88,92
grid_eq,wave,1551,8,11,13,16,29,33,36,50,54,58,62,66,80,85,88,93
grid_eq,wave,1552,4,6,11,24,26,29,38,43,52,56,69,74,77,82,95,99
grid_eq,wave,1553,3,9,16,21,33,36,38,40,54,58,62,70,85,88,93,100
grid_eq,wave,1554,3,5,7,9,28,32,36,40,61,64,66,69,84,92,97,100
grid_eq,wave,1555,4,11,16,19,23,37,39,45,53,61,67,75,79,83,86,98
grid_eq,wave,1556,8,11,13,16,30,38,41,46,53,60,61,65,68,84,86,99
grid_eq,wave,1557,10,11,14,17,32,36,40,57,61,63,65,70,84,87,90,92
grid_eq,wave,1558,2,16,19,24,42,45,47,54,67,69,72,75,80,91,94,97
grid_eq,wave,1559,3,7,10,22,24,28,39,43,46,58,61,64,70,82,96,99
grid_eq,wave,1560,4,12,17,29,32,34,37,59,62,65,67,81,84,89,92,97
grid_eq,wave,1561,5,10,12,26,34,38,41,56,60,63,66,68,71,80,84,87
grid_eq,wave,1562,7,13,19,26,33,46,48,51,54,60,73,76,79,91,96,100
grid_eq,wave,1563,6,19,21,23,25,37,45,51,53,58,66,71,74,88,90,93
grid_eq,wave,1564,4,8,12,17,20,33,35,56,59,62,73,75,78,80,87,93
grid_eq,wave,1565,2,5,8,26,34,37,39,43,57,61,63,69,77,82,95,98
grid_eq,wave,1566,2,15,18,30,32,37,44,49,52,67,72,75,86,89,94,98
grid_eq,wave,1567,1,6,19,23,25,31,37,55,60,61,63,67,82,84,89,96
grid_eq,wave,1568,11,14,18,30,33,35,41,57,59,62,65,78,81,83,86,99
grid_eq,wave,1569,11,14,20,22,27,46,49,52,54,73,76,79,81,93,95,98
grid_eq,wave,1570,7,12,14,29,33,36,41,48,52,60,65,67,81,83,86,89
grid_eq,wave,1571,10,11,13,16,28,40,41,46,53,58,61,73,74,91,96,100
grid_eq,wave,1572,1,6,9,22,24,36,38,40,52,55,57,70,76,82,88,95
grid_eq,wave,1573,10,11,14,17,34,40,43,48,52,67,78,80,82,85,94,99
grid_eq,wave,1574,3,6,21,24,27,40,43,51,58,70,73,75,78,81,96,100
grid_eq,wave,1575,3,6,18,21,25,36,40,43,48,51,64,70,77,79,83,95
grid_eq,wave,1576,4,10,17,24,31,39,43,46,58,62,66,70,85,88,90,93
grid_eq,wave,1577,3,6,24,28,32,40,46,48,54,61,70,73,76,88,91,96
grid_eq,wave,1578,3,6,18,20,22,24,49,52,54,57,73,76,79,81,94,97
grid_eq,wave,1579,1,8,15,27,31,33,39,44,57,60,62,65,84,87,91,100
grid_eq,wave,1580,4,12,20,26,31,43,45,48,60,62,67,74,79,83,86,98
grid_eq,wave,1581,2,8,15,26,30,32,45,49,57,62,65,70,78,83,85,99
grid_eq,wave,1582,3,6,9,25,32,37,39,45,57,61,64,69,83,86,91,99
grid_eq,wave,1583,1,4,19,22,26,34,38,41,50,53,56,69,74,82,87,99
grid_eq,wave,1584,2,15,17,20,23,30,38,41,44,57,62,65,69,85,88,92
grid_eq,wave,1585,9,11,14,17,28,33,35,40,48,64,68,70,71,77,84,99
grid_eq,wave,1586,4,11,17,20,23,37,41,50,54,66,68,71,85,87,90,92
grid_eq,wave,1587,2,5,8,26,29,31,34,38,51,53,65,68,85,90,93,97
grid_eq,wave,1588,10,12,15,28,30,33,36,48,53,66,70,72,77,81,85,89
grid_eq,wave,1589,12,17,19,25,33,48,50,51,54,56,74,77,79,82,85,98
grid_eq,wave,1590,2,14,16,19,31,34,48,50,54,61,67,74,87,90,91,94
grid_eq,wave,1591,2,4,7,22,24,28,30,47,61,69,73,77,90,92,95,99
grid_eq,wave,1592,1,14,17,20,42,44,47,55,62,69,73,76,81,89,94,96
grid_eq,wave,1593,5,10,12,26,29,32,34,37,56,59,61,73,76,79,91,95
grid_eq,wave,1594,4,18,20,22,24,37,44,52,56,59,71,74,77,90,93,96
grid_eq,wave,1595,2,6,18,25,30,31,34,47,51,54,66,73,79,81,86,94
grid_eq,wave,1596,1,15,18,30,31,33,45,46,48,52,66,70,78,82,84,99
grid_eq,wave,1597,2,5,8,26,30,32,34,38,58,62,64,70,73,88,92,96
grid_eq,wave,1598,8,15,21,23,28,36,40,55,58,61,63,76,80,82,85,98
grid_eq,wave,1599,2,17,24,30,32,36,44,49,56,62,74,77,79,81,85,98
grid_eq,wave,1600,1,3,8,15,22,27,39,46,48,54,62,69,85,87,90,91
grid_eq,wave,1601,4,9,17,21,24,36,38,40,43,55,69,71,74,83,87,99
grid_eq,wave,1602,11,14,17,20,33,40,41,45,58,61,66,70,73,85,88,100
grid_eq,wave,1603,5,7,11,20,28,34,36,42,49,54,57,61,69,83,86,99
grid_eq,wave,1604,2,5,9,24,27,32,39,47,54,59,61,74,76,91,95,98
grid_eq,wave,1605,3,10,21,26,28,34,37,50,51,53,58,66,69,82,85,88
grid_eq,wave,1606,2,5,9,24,27,32,40,44,48,62,65,68,83,87,90,91
grid_eq,wave,1607,7,14,22,29,36,49,51,55,57,71,73,76,80,88,92,95
grid_eq,wave,1608,1,10,15,18,23,36,39,51,54,67,70,73,79,81,85,88
grid_eq,wave,1609,6,9,14,21,34,37,39,51,56,63,70,75,78,82,95,99
grid_eq,wave,1610,2,6,9,24,28,32,40,45,47,59,62,65,71,83,86,89
grid_eq,wave,1611,6,9,22,26,38,40,44,46,52,58,74,80,81,88,93,96
grid_eq,wave,1612,2,10,15,18,22,38,40,44,52,56,59,74,78,93,96,100
grid_eq,wave,1613,1,14,20,26,28,32,52,55,57,69,73,76,88,90,91,94
grid_eq,wave,1614,3,7,22,29,34,36,50,52,55,58,73,77,79,91,96,100
grid_eq,wave,1615,11,14,16,29,33,38,45,51,53,66,69,78,82,84,97,99
grid_eq,wave,1616,2,9,13,26,32,38,45,50,57,62,65,70,77,92,95,99
grid_eq,wave,1617,7,10,11,14,27,43,47,49,51,67,70,71,73,75,87,94
grid_eq,wave,1618,1,13,16,19,33,41,46,48,50,54,71,73,77,79,94,100
grid_eq,wave,1619,5,8,12,26,39,42,47,50,62,65,69,77,81,84,90,96
grid_eq,wave,1620,13,16,19,21,35,43,46,48,50,61,64,66,69,83,86,99
grid_eq,wave,1621,9,12,14,27,33,35,49,55,57,62,69,78,81,84,87,90
grid_eq,wave,1622,10,12,18,25,34,40,43,48,51,64,66,71,78,83,96,100
grid_eq,wave,1623,2,7,10,14,28,36,42,49,54,58,61,73,76,88,92,96
grid_eq,wave,1624,3,6,9,22,25,27,39,46,53,58,61,64,76,80,88,95
grid_eq,wave,1625,13,16,19,21,33,37,49,51,55,63,67,70,82,86,88,94
grid_eq,wave,1626,4,7,25,29,32,37,51,55,60,63,66,68,71,84,97,100
grid_eq,wave,1627,6,8,11,14,28,36,40,41,53,67,71,74,79,92,94,97
grid_eq,wave,1628,4,9,11,16,27,34,39,42,47,55,72,74,78,90,93,97
grid_eq,wave,1629,15,17,20,35,38,40,41,43,61,65,68,70,73,85,87,91
grid_eq,wave,1630,5,7,12,26,29,37,43,50,51,55,68,73,76,91,95,98
grid_eq,wave,1631,9,13,21,25,27,37,40,43,58,61,64,75,77,80,83,96
grid_eq,wave,1632,2,7,19,26,31,34,48,51,55,60,66,72,79,85,97,100
grid_eq,wave,1633,1,6,9,14,22,27,39,54,57,62,68,74,87,90,91,94
grid_eq,wave,1634,6,14,19,22,26,34,48,52,56,60,68,76,81,90,94,97
grid_eq,wave,1635,2,15,18,23,30,41,45,49,63,67,75,79,81,93,96,100
grid_eq,wave,1636,2,5,19,22,24,27,46,48,52,60,64,75,78,82,96,99
grid_eq,wave,1637,4,11,18,20,23,35,41,48,53,56,69,75,78,82,96,99
grid_eq,wave,1638,5,18,22,26,33,38,40,52,55,58,70,75,77,82,96,99
grid_eq,wave,1639,5,8,13,26,31,34,39,46,53,61,66,70,82,85,88,99
grid_eq,wave,1640,9,13,16,32,35,36,39,52,64,67,70,78,82,86,95,99
grid_eq,wave,1641,2,5,21,25,28,33,46,50,51,53,68,73,87,90,91,94
grid_eq,wave,1642,5,9,12,27,31,35,43,48,56,60,61,64,68,83,86,98
grid_eq,wave,1643,2,5,9,18,24,26,32,39,55,58,61,63,69,85,88,92
grid_eq,wave,1644,3,5,9,21,26,30,34,47,52,56,68,84,86,90,91,98
grid_eq,wave,1645,11,15,18,23,34,37,38,40,41,54,67,72,80,85,88,91
grid_eq,wave,1646,4,12,17,25,30,31,37,42,44,57,64,72,75,77,90,97
grid_eq,wave,1647,5,12,18,20,29,35,37,41,49,55,62,67,80,85,88,92
grid_eq,wave,1648,1,9,13,16,33,38,40,44,46,62,67,74,80,87,93,95
grid_eq,wave,1649,1,3,6,8,25,30,37,42,49,54,67,73,85,90,91,98
grid_eq,wave,1650,9,14,21,27,33,41,47,53,55,59,66,71,78,84,96,100
grid_eq,wave,1651,7,14,28,30,32,35,49,54,61,68,73,76,80,92,94,98
grid_eq,wave,1652,5,8,11,14,20,26,28,40,43,45,61,66,73,79,88,95
grid_eq,wave,1653,1,6,8,24,37,39,41,53,55,58,61,70,76,83,97,99
grid_eq,wave,1654,2,6,19,24,32,37,50,55,58,61,63,76,80,83,88,95
grid_eq,wave,1655,4,11,17,20,23,29,31,37,44,56,63,68,75,87,90,93
grid_eq,wave,1656,2,15,18,23,30,35,38,60,61,63,65,68,83,86,89,91
grid_eq,wave,1657,2,6,9,22,25,28,45,53,58,60,65,72,87,92,95,99
grid_eq,wave,1658,3,9,14,22,27,39,45,52,60,66,71,74,78,92,94,99
grid_eq,wave,1659,1,4,9,17,23,30,31,35,37,56,59,71,74,89,93,96
grid_eq,wave,1660,4,7,10,22,24,27,40,43,46,58,64,76,80,82,94,98
grid_eq,wave,1661,11,14,17,29,33,37,44,50,51,56,63,68,80,81,84,87
grid_eq,wave,1662,11,14,18,23,30,36,41,45,48,54,66,69,72,85,89,92
grid_eq,wave,1663,3,6,10,21,24,28,46,50,53,55,58,61,76,89,91,94
grid_eq,wave,1664,2,5,10,18,23,25,40,41,47,53,55,61,69,77,83,99
grid_eq,wave,1665,3,6,9,21,25,28,44,46,50,51,63,67,80,82,95,98
grid_eq,wave,1666,12,15,18,20,37,41,44,56,62,69,74,77,80,92,95,99
grid_eq,wave,1667,1,5,23,28,30,35,41,56,60,62,68,74,81,89,94,97
grid_eq,wave,1668,12,15,17,30,33,37,50,54,58,62,66,80,81,87,94,100
grid_eq,wave,1669,3,6,10,24,27,32,39,46,54,62,66,69,78,81,85,99
grid_eq,wave,1670,3,4,8,22,26,29,34,46,51,53,59,69,77,81,90,94
grid_eq,wave,1671,13,15,16,19,30,32,45,47,49,55,62,66,79,81,84,87
grid_eq,wave,1672,1,14,18,30,32,36,38,51,53,55,60,67,84,88,90,92
grid_eq,wave,1673,1,5,7,10,26,28,41,45,57,59,62,75,88,90,92,95
grid_eq,wave,1674,4,8,11,23,26,30,31,43,46,48,60,62,65,77,93,100
grid_eq,wave,1675,11,14,17,20,33,46,50,51,58,64,70,72,78,85,93,99
grid_eq,wave,1676,1,15,17,20,22,36,48,49,54,57,62,76,79,81,84,97
grid_eq,wave,1677,5,8,13,21,26,30,33,37,53,55,69,77,80,82,85,98
grid_eq,wave,1678,3,16,19,22,24,27,46,49,52,54,73,76,79,93,96,98
grid_eq,wave,1679,2,6,9,23,27,35,39,43,47,60,64,72,78,85,92,100
grid_eq,wave,1680,1,14,17,30,33,35,48,51,60,63,65,77,83,89,91,96
grid_eq,wave,1681,1,6,20,22,24,27,46,48,50,51,54,66,71,74,89,95
grid_eq,wave,1682,1,14,17,28,30,31,33,45,58,60,62,66,78,84,92,100
grid_eq,wave,1683,1,6,10,13,28,33,36,51,55,58,60,73,75,88,91,95
grid_eq,wave,1684,4,10,11,17,22,24,39,44,46,62,64,68,70,83,87,99
grid_eq,wave,1685,3,5,24,26,29,32,54,57,59,61,74,77,82,90,96,98
grid_eq,wave,1686,1,4,10,17,23,35,37,40,56,63,68,70,75,81,88,94
grid_eq,wave,1687,1,10,13,26,29,31,34,37,50,52,64,67,80,82,94,98
grid_eq,wave,1688,13,16,19,21,33,35,48,50,54,61,66,68,73,90,91,94
grid_eq,wave,1689,9,13,17,21,38,40,42,45,47,59,63,75,77,81,89,94
grid_eq,wave,1690,1,15,18,23,30,31,36,44,48,52,66,70,73,78,94,100
grid_eq,wave,1691,4,11,18,23,35,36,38,40,42,55,67,70,72,85,88,92
grid_eq,wave,1692,3,5,8,22,28,34,36,40,53,58,61,64,76,80,82,96
grid_eq,wave,1693,10,12,15,18,36,39,42,44,62,66,68,70,81,84,96,99
grid_eq,wave,1694,3,6,19,22,25,41,44,47,49,63,65,69,71,77,83,99
grid_eq,wave,1695,3,9,26,28,32,34,46,50,52,65,68,70,76,82,95,100
grid_eq,wave,1696,4,12,18,20,25,27,31,48,52,54,60,67,71,85,89,92
grid_eq,wave,1697,4,17,21,23,25,30,37,42,54,66,68,70,72,86,89,92
grid_eq,wave,1698,12,15,18,30,31,33,48,54,63,66,69,71,84,86,89,100
grid_eq,wave,1699,10,14,16,21,33,38,46,50,53,58,61,66,84,87,92,100
grid_eq,wave,1700,2,5,7,9,23,26,29,32,45,59,62,67,74,86,89,93
grid_eq,wave,1701,2,17,22,24,30,36,48,52,54,56,59,77,81,83,96,99
grid_eq,wave,1702,6,8,13,27,31,35,39,43,51,64,66,68,70,82,94,98
grid_eq,wave,1703,14,20,21,26,28,33,41,45,58,60,63,76,79,81,84,88
grid_eq,wave,1704,4,7,22,25,29,46,50,52,54,58,73,75,82,88,90,94
grid_eq,wave,1705,2,5,18,26,32,39,40,52,55,58,70,73,76,91,95,98
grid_eq,wave,1706,5,10,11,17,23,36,38,42,54,57,69,72,84,87,91,100
grid_eq,wave,1707,4,11,17,20,23,36,38,41,46,58,60,65,72,87,93,99
grid_eq,wave,1708,3,7,12,25,29,32,37,44,58,59,63,76,81,84,88,90
grid_eq,wave,1709,2,18,20,21,23,36,44,49,52,67,74,79,81,87,94,100
grid_eq,wave,1710,6,12,19,24,37,43,50,51,55,58,74,76,80,82,95,98
grid_eq,wave,1711,5,12,18,20,25,42,47,50,55,57,72,75,77,80,93,97
grid_eq,wave,1712,4,10,17,21,25,33,41,48,55,63,69,77,81,85,93,99
grid_eq,wave,1713,4,11,17,23,30,35,38,41,55,60,63,68,75,89,93,97
grid_eq,wave,1714,3,10,17,24,32,39,44,47,62,67,70,74,78,83,96,99
grid_eq,wave,1715,6,9,12,17,25,42,45,46,48,60,61,67,73,85,88,91
grid_eq,wave,1716,7,13,21,25,29,33,37,50,58,61,64,66,82,85,88,90
grid_eq,wave,1717,14,17,20,22,39,43,46,58,60,61,65,73,76,81,88,95
grid_eq,wave,1718,2,15,18,20,33,35,38,52,54,66,69,72,78,85,92,98
grid_eq,wave,1719,9,12,15,24,27,42,45,49,57,65,72,78,80,85,91,99
grid_eq,wave,1720,3,6,18,20,32,34,48,55,60,61,73,76,79,91,94,98
grid_eq,wave,1721,14,18,21,34,36,49,51,55,57,63,75,78,80,84,92,97
grid_eq,wave,1722,3,6,19,21,24,26,39,43,55,57,61,73,76,79,94,98
grid_eq,wave,1723,12,15,18,30,37,42,45,59,63,66,72,80,85,88,93,97
grid_eq,wave,1724,3,6,9,21,26,34,39,42,47,59,65,77,80,82,85,97
grid_eq,wave,1725,5,13,18,21,30,34,47,49,51,53,66,68,70,82,86,99
grid_eq,wave,1726,10,13,16,21,28,33,46,51,54,58,60,73,76,89,91,94
grid_eq,wave,1727,1,4,6,8,22,25,40,45,48,52,64,67,70,83,87,99
grid_eq,wave,1728,1,10,14,17,22,35,39,44,47,52,66,69,81,84,87,100
grid_eq,wave,1729,3,7,21,25,29,34,37,43,51,56,59,68,75,82,89,96
grid_eq,wave,1730,1,7,10,14,28,33,36,50,53,65,67,70,72,85,88,91
grid_eq,wave,1731,5,8,12,26,32,34,39,47,51,63,65,69,72,77,93,99
grid_eq,wave,1732,3,10,12,18,25,32,40,46,48,51,63,71,77,84,89,96
grid_eq,wave,1733,1,14,16,30,32,38,44,46,59,62,65,76,79,85,88,92
grid_eq,wave,1734,11,14,17,20,33,41,45,47,49,63,66,69,81,84,87,90
grid_eq,wave,1735,8,13,16,21,35,38,40,43,51,58,65,73,87,90,91,95
grid_eq,wave,1736,4,20,25,28,32,46,48,50,53,61,73,77,80,92,95,99
grid_eq,wave,1737,1,9,15,33,36,38,40,45,53,58,60,61,66,83,86,89
grid_eq,wave,1738,1,9,14,26,28,31,40,43,53,55,57,59,77,83,90,96
grid_eq,wave,1739,1,4,10,23,26,29,41,44,47,59,73,75,77,81,89,94
grid_eq,wave,1740,2,9,22,25,27,44,48,56,62,68,70,74,83,86,90,98
grid_eq,wave,1741,1,7,9,22,24,27,40,47,52,54,59,67,80,82,85,97
grid_eq,wave,1742,4,7,22,25,29,37,41,50,53,55,58,71,79,80,84,87
grid_eq,wave,1743,11,14,16,19,33,38,41,53,57,60,71,73,76,79,93,100
grid_eq,wave,1744,8,13,15,32,36,38,45,50,52,58,66,73,80,82,85,88
grid_eq,wave,1745,7,10,12,22,25,28,34,39,46,59,61,64,77,83,89,95
grid_eq,wave,1746,3,17,20,24,32,36,49,51,54,67,70,73,75,88,93,100
grid_eq,wave,1747,1,5,18,23,25,32,39,46,60,62,64,68,75,86,89,93
grid_eq,wave,1748,1,4,7,10,25,28,32,44,49,52,66,71,73,79,95,97
grid_eq,wave,1749,7,10,11,14,26,33,38,40,41,52,55,67,79,82,85,99
grid_eq,wave,1750,1,4,6,19,22,26,34,38,52,55,58,75,82,88,90,96
grid_eq,wave,1751,12,15,18,30,35,38,42,47,55,69,72,74,77,92,96,99
grid_eq,wave,1752,4,16,19,21,23,40,44,47,51,59,63,66,81,85,88,90
grid_eq,wave,1753,9,12,15,27,35,39,42,44,57,65,70,73,78,86,93,99
grid_eq,wave,1754,3,5,18,21,30,33,35,48,51,63,66,69,82,87,95,100
grid_eq,wave,1755,2,5,8,23,25,28,31,40,53,55,58,76,79,83,95,97
grid_eq,wave,1756,3,6,9,22,24,27,39,44,57,62,66,74,81,87,95,100
grid_eq,wave,1757,4,18,23,25,30,31,44,47,52,56,69,71,74,87,90,92
grid_eq,wave,1758,4,8,22,25,29,37,44,50,52,58,74,77,80,82,88,94
grid_eq,wave,1759,6,10,11,24,28,32,39,46,63,66,71,78,85,90,92,97
grid_eq,wave,1760,6,13,19,25,31,33,37,50,55,62,68,80,81,84,87,95
grid_eq,wave,1761,14,16,19,21,33,48,50,51,54,56,67,71,73,79,87,94
grid_eq,wave,1762,1,19,22,24,27,35,48,56,62,64,70,73,78,92,95,98
grid_eq,wave,1763,1,14,17,20,32,37,44,49,52,61,67,78,80,82,85,87
grid_eq,wave,1764,12,15,18,30,37,42,44,48,66,72,74,78,86,90,92,97
grid_eq,wave,1765,2,15,18,23,30,36,38,42,49,64,67,72,79,85,92,98
grid_eq,wave,1766,2,4,17,20,23,38,42,46,54,58,60,73,77,94,97,100
grid_eq,wave,1767,5,8,12,25,30,37,41,44,49,57,61,63,80,85,88,93
grid_eq,wave,1768,5,8,11,13,26,28,34,41,47,49,63,65,79,81,86,98
grid_eq,wave,1769,4,11,17,30,37,41,44,56,59,62,75,78,80,91,94,96
grid_eq,wave,1770,1,4,8,24,32,37,39,44,52,59,72,75,77,80,93,96
grid_eq,wave,1771,5,8,12,30,36,42,48,56,64,70,72,76,78,93,96,100
grid_eq,wave,1772,11,13,16,28,36,40,42,44,59,66,72,74,77,90,93,97
grid_eq,wave,1773,14,17,20,21,36,42,49,55,62,67,69,73,86,91,94,98
grid_eq,wave,1774,8,11,14,22,27,29,46,54,59,61,66,74,79,91,94,98
grid_eq,wave,1775,10,13,16,21,28,33,36,40,51,55,59,66,73,85,88,91
grid_eq,wave,1776,11,13,15,18,30,38,44,47,52,56,59,71,75,86,89,93
grid_eq,wave,1777,1,15,22,28,30,33,36,41,55,58,63,69,76,82,84,98
grid_eq,wave,1778,2,5,18,21,25,30,33,48,51,54,64,66,70,82,85,88
grid_eq,wave,1779,13,17,20,21,33,36,38,45,50,51,53,66,69,83,86,98
grid_eq,wave,1780,1,4,7,19,23,27,39,42,44,65,68,72,87,91,94,100
grid_eq,wave,1781,3,5,19,22,26,34,48,52,56,60,63,68,74,82,86,99
grid_eq,wave,1782,9,12,15,17,29,41,44,45,47,59,65,73,80,85,92,98
grid_eq,wave,1783,7,11,13,27,29,41,43,45,48,60,61,64,66,82,89,95
grid_eq,wave,1784,2,15,17,20,31,33,36,48,60,62,64,67,83,86,89,98
grid_eq,wave,1785,1,6,19,24,27,32,49,54,57,61,73,78,80,81,86,93
grid_eq,wave,1786,13,16,29,31,36,44,49,55,57,62,74,77,79,93,95,98
grid_eq,wave,1787,1,5,20,23,27,35,40,42,47,59,64,72,77,79,93,98
grid_eq,wave,1788,12,18,25,30,34,37,41,43,58,61,65,70,83,86,88,91
grid_eq,wave,1789,9,13,16,21,37,39,42,44,51,67,72,74,80,87,93,99
grid_eq,wave,1790,13,16,19,21,25,33,48,51,56,60,63,75,78,82,96,99
grid_eq,wave,1791,3,10,16,22,25,29,47,53,55,59,61,76,79,83,97,100
grid_eq,wave,1792,4,9,11,17,23,35,39,41,53,55,57,60,71,79,84,87
grid_eq,wave,1793,5,10,11,17,24,29,32,44,46,49,62,77,79,85,93,99
grid_eq,wave,1794,14,19,21,27,40,43,45,58,60,61,74,76,79,92,95,99
grid_eq,wave,1795,3,7,22,25,30,38,44,46,52,68,74,77,80,82,95,99
grid_eq,wave,1796,12,17,25,30,41,43,48,50,56,63,67,71,79,83,86,98
grid_eq,wave,1797,7,11,13,26,29,34,38,41,55,63,68,71,76,80,84,98
grid_eq,wave,1798,5,11,17,23,29,35,37,41,57,62,75,78,92,94,96,100
grid_eq,wave,1799,4,11,17,20,24,36,39,43,60,62,66,78,85,87,93,99
grid_eq,wave,1800,6,14,19,21,26,34,43,48,56,60,71,76,78,80,84,97
grid_eq,wave,1801,3,6,9,22,25,28,40,47,52,54,59,66,73,86,89,94
grid_eq,wave,1802,10,12,15,18,42,44,47,49,55,67,72,75,79,88,93,96
grid_eq,wave,1803,2,5,18,32,34,37,50,55,58,62,71,75,80,88,92,96
grid_eq,wave,1804,3,6,18,21,23,30,36,45,52,58,65,70,73,86,94,98
grid_eq,wave,1805,6,8,13,21,25,37,54,56,60,61,76,78,83,91,96,100
grid_eq,wave,1806,3,6,8,26,30,32,34,38,56,59,63,71,76,79,84,97
grid_eq,wave,1807,2,6,9,24,27,32,39,45,49,53,57,61,74,88,92,94
grid_eq,wave,1808,1,4,6,8,26,32,34,39,56,61,68,70,73,75,86,89
grid_eq,wave,1809,7,10,13,25,29,37,45,52,59,64,67,71,82,84,86,89
grid_eq,wave,1810,3,6,9,22,24,36,38,50,52,53,67,69,75,82,95,98
grid_eq,wave,1811,8,12,15,29,36,41,43,49,57,65,72,77,80,84,89,96
grid_eq,wave,1812,1,14,17,20,33,38,41,47,53,60,61,64,67,83,86,89
grid_eq,wave,1813,5,12,18,24,26,30,42,49,54,58,73,75,88,90,93,96
grid_eq,wave,1814,4,7,10,22,25,28,46,50,51,53,58,74,76,81,89,95
grid_eq,wave,1815,7,9,13,27,31,35,39,53,56,61,68,70,83,86,95,98
grid_eq,wave,1816,1,8,22,25,28,45,49,53,57,74,76,79,83,91,95,98
grid_eq,wave,1817,2,4,8,20,23,27,31,35,49,57,62,74,79,81,87,94
grid_eq,wave,1818,9,13,16,21,35,38,43,50,57,61,64,69,83,87,91,100
grid_eq,wave,1819,13,16,19,32,38,45,50,53,61,69,71,75,77,92,94,98
grid_eq,wave,1820,12,15,18,30,34,42,46,48,63,66,70,78,81,85,97,99
grid_eq,wave,1821,3,6,22,25,29,34,38,43,50,57,61,63,76,82,95,98
grid_eq,wave,1822,8,11,13,16,30,34,37,41,53,58,61,67,80,85,88,92
grid_eq,wave,1823,3,7,10,25,28,31,44,47,50,63,66,71,79,82,96,100
grid_eq,wave,1824,8,12,15,35,38,40,41,53,57,65,69,73,84,87,91,100
grid_eq,wave,1825,2,4,8,26,30,31,33,47,54,60,74,76,79,81,93,98
grid_eq,wave,1826,9,12,15,27,33,39,41,46,54,67,69,71,86,93,94,99
grid_eq,wave,1827,10,12,15,17,28,35,39,41,55,57,62,74,78,80,93,96
grid_eq,wave,1828,2,6,8,24,32,37,39,44,56,62,69,76,84,87,92,100
grid_eq,wave,1829,4,10,22,26,34,38,42,50,54,58,70,73,77,85,92,97
grid_eq,wave,1830,1,5,12,18,25,30,32,45,47,59,63,75,77,80,82,97
grid_eq,wave,1831,2,4,10,17,33,35,40,48,60,61,63,65,79,81,84,87
grid_eq,wave,1832,1,13,16,19,31,34,47,49,53,55,66,71,74,79,87,100
grid_eq,wave,1833,3,10,22,24,27,29,44,52,57,59,73,76,79,92,95,97
grid_eq,wave,1834,1,4,9,23,26,40,41,44,47,59,63,77,80,81,84,97
grid_eq,wave,1835,3,5,9,22,24,27,39,45,48,52,57,66,78,82,85,90
grid_eq,wave,1836,7,10,14,21,28,36,50,51,55,57,73,79,81,87,95,100
grid_eq,wave,1837,10,12,15,17,31,36,39,54,57,62,68,75,81,90,94,97
grid_eq,wave,1838,3,6,21,25,29,37,43,60,61,64,66,68,83,89,91,95
grid_eq,wave,1839,3,5,9,27,32,35,39,53,57,61,69,73,77,91,94,98
grid_eq,wave,1840,3,18,20,21,25,40,44,48,52,56,70,71,74,78,93,99
grid_eq,wave,1841,6,9,14,21,37,39,43,54,66,68,70,71,83,90,95,97
grid_eq,wave,1842,1,5,19,25,27,32,44,46,49,52,67,79,81,84,86,98
grid_eq,wave,1843,5,9,12,27,29,36,41,45,48,64,67,72,80,85,93,98
grid_eq,wave,1844,4,8,22,26,29,34,43,47,55,69,73,77,82,90,91,94
grid_eq,wave,1845,3,11,19,22,24,27,45,49,52,57,65,72,79,87,94,100
grid_eq,wave,1846,2,6,10,25,28,43,47,51,55,59,66,73,81,84,89,97
grid_eq,wave,1847,2,5,10,27,29,32,34,46,54,59,66,73,80,85,88,92
grid_eq,wave,1848,1,13,15,28,30,41,44,47,56,59,64,72,78,86,93,98
grid_eq,wave,1849,7,10,15,22,29,34,48,54,57,60,61,73,79,86,88,93
grid_eq,wave,1850,1,14,17,20,30,32,35,48,52,57,74,77,80,81,94,98
grid_eq,wave,1851,3,6,19,22,27,34,51,55,58,60,73,76,79,81,94,97
grid_eq,wave,1852,3,11,14,17,20,38,42,45,49,54,67,72,75,79,86,99
grid_eq,wave,1853,12,14,17,20,35,38,43,50,51,55,67,73,81,88,95,100
grid_eq,wave,1854,3,17,22,24,30,41,44,48,56,63,69,75,78,81,83,98
grid_eq,wave,1855,5,8,13,26,32,38,40,45,54,61,69,74,77,80,92,98
grid_eq,wave,1856,8,11,13,16,38,40,41,46,53,60,67,72,85,88,90,91
grid_eq,wave,1857,3,6,10,32,34,36,38,50,53,55,56,63,76,79,82,95
grid_eq,wave,1858,1,13,15,18,20,37,42,44,58,60,66,72,80,85,88,91
grid_eq,wave,1859,2,6,9,23,28,31,35,39,47,53,69,71,74,76,93,98
grid_eq,wave,1860,14,16,19,21,34,46,48,50,51,54,74,76,79,81,94,99
grid_eq,wave,1861,7,14,20,22,27,42,44,47,50,69,71,73,74,87,93,100
grid_eq,wave,1862,5,7,12,24,29,36,41,43,60,64,77,79,82,83,95,99
grid_eq,wave,1863,2,6,18,20,24,32,44,46,48,60,62,65,77,85,89,92
grid_eq,wave,1864,8,12,15,27,30,42,45,49,57,64,79,81,83,85,86,88
grid_eq,wave,1865,11,14,17,20,33,39,51,56,68,70,73,75,87,91,94,99
grid_eq,wave,1866,3,13,16,19,21,39,43,46,60,61,64,68,83,86,89,91
grid_eq,wave,1867,4,10,11,23,31,36,39,52,54,57,69,74,77,81,94,97
grid_eq,wave,1868,4,6,10,23,28,36,40,42,45,57,59,75,80,81,87,93
grid_eq,wave,1869,2,4,10,22,27,29,34,47,52,54,59,74,76,89,93,95
grid_eq,wave,1870,13,16,19,31,35,43,48,50,51,64,67,75,80,82,95,98
grid_eq,wave,1871,1,4,17,20,23,35,42,49,56,57,69,72,75,87,93,100
grid_eq,wave,1872,2,8,23,27,30,42,44,48,56,60,64,72,78,91,96,99
grid_eq,wave,1873,11,15,18,20,23,31,35,46,49,63,71,77,79,84,97,100
grid_eq,wave,1874,2,15,17,20,31,33,35,37,58,60,63,66,71,83,87,89
grid_eq,wave,1875,9,11,14,17,22,39,44,52,55,57,69,77,81,83,96,100
grid_eq,wave,1876,2,15,18,33,34,38,40,41,55,63,67,69,84,89,91,96
grid_eq,wave,1877,1,4,15,18,23,35,39,42,56,63,65,70,78,83,96,100
grid_eq,wave,1878,1,5,17,20,23,41,43,48,55,62,68,70,75,89,93,97
grid_eq,wave,1879,4,8,11,24,27,29,42,45,54,57,69,72,74,86,91,99
grid_eq,wave,1880,5,8,12,27,29,35,42,49,64,66,68,72,85,88,90,92
grid_eq,wave,1881,4,7,10,21,33,36,38,44,50,51,67,72,74,80,94,98
grid_eq,wave,1882,11,15,18,20,23,37,41,43,44,59,64,66,71,80,84,88
grid_eq,wave,1883,3,6,11,20,25,27,42,50,55,57,71,73,76,79,94,98
grid_eq,wave,1884,5,8,12,26,30,38,43,46,51,64,67,69,71,85,93,98
grid_eq,wave,1885,2,8,15,20,23,27,39,42,44,58,65,70,72,87,89,93
grid_eq,wave,1886,6,13,18,25,32,34,38,40,53,55,61,69,76,82,95,99
grid_eq,wave,1887,2,7,15,20,32,38,45,50,58,61,63,66,81,84,97,100
grid_eq,wave,1888,13,15,18,20,21,37,39,41,43,64,67,71,79,85,93,97
grid_eq,wave,1889,9,12,15,18,33,36,40,48,51,56,63,70,78,82,85,99
grid_eq,wave,1890,3,7,10,22,25,29,37,44,52,59,64,67,75,89,93,96
grid_eq,wave,1891,5,10,18,21,23,25,49,51,54,57,72,74,76,78,94,97
grid_eq,wave,1892,2,9,24,27,32,35,39,47,60,62,64,76,77,89,93,97
grid_eq,wave,1893,1,13,16,20,31,36,38,43,50,55,62,76,79,83,95,97
grid_eq,wave,1894,1,14,17,19,32,45,48,54,60,61,66,73,78,85,92,98
grid_eq,wave,1895,1,14,16,19,34,37,41,50,53,55,68,71,76,84,90,98
grid_eq,wave,1896,3,7,10,22,25,28,47,50,52,54,74,76,79,81,95,98
grid_eq,wave,1897,1,6,10,13,25,27,31,43,48,50,51,64,66,79,82,86
grid_eq,wave,1898,3,5,8,22,26,34,39,43,47,51,64,69,76,81,84,89
grid_eq,wave,1899,13,16,18,30,32,45,48,50,51,63,66,76,79,82,85,97
grid_eq,wave,1900,4,7,10,12,27,32,34,37,39,51,55,68,73,87,90,93
grid_eq,wave,1901,2,15,18,23,30,31,37,44,51,55,59,67,81,83,86,89
grid_eq,wave,1902,7,13,20,21,25,37,42,45,49,65,67,72,79,86,93,98
grid_eq,wave,1903,11,14,17,20,33,38,45,46,50,61,63,67,80,83,86,98
grid_eq,wave,1904,5,9,17,22,24,36,40,48,54,62,66,69,81,84,87,90
grid_eq,wave,1905,2,5,9,18,22,25,43,47,50,61,64,67,79,83,86,100
grid_eq,wave,1906,4,6,11,28,30,32,44,48,56,62,69,74,77,90,92,98
grid_eq,wave,1907,6,9,11,14,27,32,39,46,52,65,67,70,82,94,96,98
grid_eq,wave,1908,8,13,16,21,30,36,43,49,51,55,67,72,79,84,96,99
grid_eq,wave,1909,13,17,29,31,33,35,37,50,51,64,67,76,80,82,85,98
grid_eq,wave,1910,12,15,18,23,30,37,42,45,60,64,67,72,79,85,92,98
grid_eq,wave,1911,9,14,17,21,33,39,46,51,53,60,73,77,79,91,94,98
grid_eq,wave,1912,5,10,18,22,24,36,40,41,55,58,63,70,76,82,88,95
grid_eq,wave,1913,2,6,18,24,30,36,42,44,57,59,62,75,80,82,88,96
grid_eq,wave,1914,4,6,8,21,34,36,40,43,55,58,60,61,73,76,91,95
grid_eq,wave,1915,3,6,19,21,25,37,43,50,51,55,63,76,79,81,95,98
grid_eq,wave,1916,7,10,11,14,26,31,34,38,55,60,62,68,76,83,90,96
grid_eq,wave,1917,11,15,18,31,34,37,40,48,54,56,61,63,78,81,90,95
grid_eq,wave,1918,11,13,15,18,30,33,38,41,57,61,63,65,70,83,86,99
grid_eq,wave,1919,1,5,20,23,27,43,45,48,50,52,66,70,73,84,88,91
grid_eq,wave,1920,10,13,16,29,31,35,37,43,51,60,64,66,68,82,89,96
grid_eq,wave,1921,6,11,14,19,27,32,45,49,57,61,74,76,79,93,97,100
grid_eq,wave,1922,2,5,9,22,27,35,39,43,56,58,61,64,80,83,86,88
grid_eq,wave,1923,7,13,19,21,34,37,50,51,53,56,58,74,76,79,82,94
grid_eq,wave,1924,8,12,16,30,35,38,43,51,57,69,73,75,81,87,90,94
grid_eq,wave,1925,3,7,22,24,30,36,38,41,53,55,58,74,80,81,87,94
grid_eq,wave,1926,2,15,19,31,33,37,44,49,51,64,70,71,78,83,85,99
grid_eq,wave,1927,4,10,11,17,23,29,35,42,47,59,63,71,78,86,90,93
grid_eq,wave,1928,7,9,11,23,27,39,42,46,62,64,67,69,76,93,96,100
grid_eq,wave,1929,1,13,19,27,33,47,50,51,55,63,68,77,80,84,91,97
grid_eq,wave,1930,8,11,14,26,33,35,41,48,55,60,66,72,78,84,97,100
grid_eq,wave,1931,1,14,18,22,30,44,48,52,56,70,74,78,81,86,94,98
grid_eq,wave,1932,11,14,19,26,33,38,41,59,63,65,66,80,84,87,92,99
grid_eq,wave,1933,11,13,16,19,28,36,41,43,49,55,63,68,79,87,92,94
grid_eq,wave,1934,5,8,12,24,27,39,41,43,56,64,68,70,71,77,84,97
grid_eq,wave,1935,2,15,18,23,30,31,45,49,52,64,67,71,79,83,86,98
grid_eq,wave,1936,2,5,18,20,22,25,45,48,52,64,67,69,71,85,93,98
grid_eq,wave,1937,13,16,19,21,37,43,45,50,51,58,63,67,84,87,90,91
grid_eq,wave,1938,3,8,22,26,30,32,34,38,46,52,70,74,77,82,96,99
grid_eq,wave,1939,12,15,17,18,34,38,42,55,62,68,70,73,85,88,90,92
grid_eq,wave,1940,10,12,15,18,36,39,42,54,57,60,72,75,78,93,96,100
grid_eq,wave,1941,2,10,15,18,33,36,45,48,50,51,53,66,79,82,84,97
grid_eq,wave,1942,2,4,17,20,24,31,39,44,46,62,65,69,81,84,87,99
grid_eq,wave,1943,4,12,17,29,35,37,42,48,57,62,69,75,87,92,95,100
grid_eq,wave,1944,1,5,8,23,26,29,42,45,50,57,69,71,77,83,96,99
grid_eq,wave,1945,12,15,18,20,37,42,44,57,62,69,74,77,89,91,94,96
grid_eq,wave,1946,1,4,9,16,23,39,42,47,55,59,72,75,78,93,97,100
grid_eq,wave,1947,5,18,21,23,30,31,34,36,48,52,65,70,73,78,81,86
grid_eq,wave,1948,2,5,9,18,24,32,39,45,48,56,62,69,74,87,93,100
grid_eq,wave,1949,5,9,11,24,27,40,42,45,47,59,62,67,74,87,90,93
grid_eq,wave,1950,6,11,19,24,26,42,46,49,64,73,77,79,81,94,97,99
grid_eq,wave,1951,7,11,13,19,25,37,42,59,64,67,72,80,85,88,93,97
grid_eq,wave,1952,11,13,16,19,33,37,50,54,56,58,61,73,80,87,91,94
grid_eq,wave,1953,5,9,12,17,25,39,41,47,53,65,68,73,90,91,94,98
grid_eq,wave,1954,1,9,13,15,36,38,42,50,54,58,62,67,80,85,88,93
grid_eq,wave,1955,3,10,16,18,22,34,41,49,53,56,72,75,78,90,93,96
grid_eq,wave,1956,5,10,13,26,28,32,40,45,58,61,66,73,80,92,94,97
grid_eq,wave,1957,4,7,20,22,24,28,40,46,52,58,65,69,82,87,95,100
grid_eq,wave,1958,3,6,9,21,28,43,46,58,60,61,64,76,80,83,88,96
grid_eq,wave,1959,3,7,11,25,29,37,44,52,58,64,66,80,81,88,93,96
grid_eq,wave,1960,14,17,21,26,39,43,45,57,59,61,65,73,86,92,94,98
grid_eq,wave,1961,13,19,21,26,33,38,51,54,59,63,66,71,85,88,93,100
grid_eq,wave,1962,7,14,20,21,33,36,39,41,55,60,61,67,83,87,91,98
grid_eq,wave,1963,5,10,12,18,25,42,46,49,65,68,72,80,86,92,93,98
grid_eq,wave,1964,2,7,14,20,22,28,36,44,49,52,57,69,74,82,88,98
grid_eq,wave,1965,2,14,17,20,21,36,39,43,51,55,68,71,73,80,85,88
grid_eq,wave,1966,11,16,19,24,27,40,42,44,56,59,72,75,78,93,96,99
grid_eq,wave,1967,2,5,18,25,31,33,46,48,52,60,65,73,77,89,91,94
grid_eq,wave,1968,2,5,9,22,24,27,40,44,46,58,61,70,76,82,95,99
grid_eq,wave,1969,3,5,7,22,25,29,37,45,53,55,68,70,75,82,89,95
grid_eq,wave,1970,3,8,21,24,29,44,48,52,65,68,71,80,83,86,87,99
grid_eq,wave,1971,2,16,19,21,24,43,45,49,57,62,74,76,79,93,95,98
grid_eq,wave,1972,1,8,15,22,26,29,34,52,54,58,60,66,82,85,88,90
grid_eq,wave,1973,2,15,16,19,31,33,44,49,62,65,67,68,80,84,87,91
grid_eq,wave,1974,1,4,17,20,22,35,39,47,60,61,64,73,76,79,94,97
grid_eq,wave,1975,10,12,15,28,36,43,50,55,61,67,69,73,87,92,95,99
grid_eq,wave,1976,1,14,17,20,31,33,35,39,56,58,62,64,83,85,88,90
grid_eq,wave,1977,7,12,25,28,45,49,52,54,57,70,77,83,85,91,97,100
grid_eq,wave,1978,9,13,16,21,28,34,36,40,51,53,66,69,81,83,86,89
grid_eq,wave,1979,5,10,12,17,25,34,37,41,50,53,66,68,71,84,90,98
grid_eq,wave,1980,2,8,15,33,38,40,41,45,58,71,73,76,80,92,94,97
grid_eq,wave,1981,3,6,9,22,25,28,42,45,47,49,74,77,79,82,95,98
grid_eq,wave,1982,1,14,17,20,23,40,42,44,47,49,66,72,78,80,85,92
grid_eq,wave,1983,8,12,15,27,30,42,45,49,57,62,65,78,85,93,97,100
grid_eq,wave,1984,4,10,11,23,26,29,42,45,47,59,72,75,78,80,92,99
grid_eq,wave,1985,4,7,10,22,27,29,34,52,56,59,64,77,82,88,94,100
grid_eq,wave,1986,1,14,16,19,21,33,46,48,50,53,71,76,79,91,94,97
grid_eq,wave,1987,1,5,7,20,22,25,28,37,52,59,66,74,77,83,89,96
grid_eq,wave,1988,1,4,18,23,26,30,44,48,50,62,65,78,80,81,85,98
grid_eq,wave,1989,1,10,12,15,18,39,43,47,62,65,70,74,85,92,97,100
grid_eq,wave,1990,1,7,14,20,22,27,46,49,52,54,67,74,79,92,95,98
grid_eq,wave,1991,2,6,9,24,27,32,39,45,52,57,70,75,82,88,95,99
grid_eq,wave,1992,8,12,15,26,29,37,41,44,59,63,66,78,81,84,97,100
grid_eq,wave,1993,2,9,15,17,30,32,35,55,57,59,62,76,81,83,89,97
grid_eq,wave,1994,5,10,12,18,25,37,40,41,44,56,63,69,71,83,87,90
grid_eq,wave,1995,8,13,15,21,27,34,43,50,51,58,64,66,70,82,85,88
grid_eq,wave,1996,11,15,18,23,30,37,41,44,56,59,63,77,80,81,85,98
grid_eq,wave,1997,3,10,22,25,27,44,48,50,52,56,73,76,80,91,94,98
grid_eq,wave,1998,1,13,16,30,31,34,38,53,60,61,66,68,84,87,90,92
grid_eq,wave,1999,5,10,12,25,27,44,48,51,56,71,73,75,78,80,95,97
grid_eq,wave,2000,6,11,14,19,32,34,36,48,53,60,66,78,82,85,90,97
clust_eq,lpm1,1,2,5,12,15,26,31,39,42,43,55,60,62,67,72,80,88
clust_eq,lpm1,2,13,17,20,33,37,38,42,52,55,56,57,59,74,82,84,97
clust_eq,lpm1,3,3,13,27,34,50,53,57,58,68,69,76,81,82,85,90,96
clust_eq,lpm1,4,1,4,6,9,19,34,45,47,51,62,65,66,81,82,90,93
clust_eq,lpm1,5,1,3,7,10,16,29,31,45,53,67,73,80,82,85,94,95
clust_eq,lpm1,6,6,7,30,36,45,50,52,60,68,73,79,80,87,89,96,99
clust_eq,lpm1,7,12,15,16,20,22,23,27,39,48,53,55,57,58,76,82,84
clust_eq,lpm1,8,1,2,6,7,13,14,17,25,28,33,45,52,54,59,60,70
clust_eq,lpm1,9,17,20,28,36,50,54,58,60,65,69,76,79,88,90,97,98
clust_eq,lpm1,10,1,2,4,6,28,34,35,39,45,51,52,61,70,85,91,94
clust_eq,lpm1,11,3,9,12,15,22,32,39,41,55,63,66,72,83,88,90,100
clust_eq,lpm1,12,12,14,16,18,24,31,32,38,53,59,68,72,79,93,94,99
clust_eq,lpm1,13,3,5,6,7,16,30,41,45,46,58,83,84,91,95,96,99
clust_eq,lpm1,14,5,6,22,25,31,32,44,47,48,49,52,54,66,77,78,96
clust_eq,lpm1,15,10,11,12,16,19,34,37,38,50,51,55,57,58,59,64,91
clust_eq,lpm1,16,10,12,17,34,36,44,61,63,64,72,74,79,81,86,88,99
clust_eq,lpm1,17,4,6,7,8,14,28,33,40,45,52,57,85,87,89,95,96
clust_eq,lpm1,18,15,23,32,44,48,51,59,65,70,72,76,78,83,86,87,100
clust_eq,lpm1,19,1,2,17,18,28,33,38,42,52,66,69,73,77,78,79,86
clust_eq,lpm1,20,10,14,15,25,34,37,62,72,80,84,85,87,88,93,96,97
clust_eq,lpm1,21,15,20,23,31,35,36,42,48,56,63,69,75,92,93,97,98
clust_eq,lpm1,22,8,21,22,37,39,43,46,49,54,55,57,58,69,74,89,99
clust_eq,lpm1,23,6,13,15,17,27,44,54,55,56,57,69,75,76,82,87,91
clust_eq,lpm1,24,3,4,11,12,14,17,25,41,45,47,60,63,76,82,90,91
clust_eq,lpm1,25,5,10,11,35,43,46,49,51,52,56,69,81,82,86,89,100
clust_eq,lpm1,26,10,19,21,23,31,42,60,64,65,71,72,81,93,95,96,99
clust_eq,lpm1,27,18,33,37,40,51,52,54,56,61,64,67,68,87,88,95,96
clust_eq,lpm1,28,6,17,34,42,46,47,48,57,58,65,66,70,73,89,96,99
clust_eq,lpm1,29,8,11,19,28,41,52,61,62,64,72,79,81,83,85,90,97
clust_eq,lpm1,30,5,12,17,26,28,39,42,43,49,61,62,66,80,91,98,100
clust_eq,lpm1,31,8,9,21,24,30,34,41,45,53,57,68,69,70,71,78,93
clust_eq,lpm1,32,20,21,23,28,29,41,49,54,56,61,63,64,66,68,91,96
clust_eq,lpm1,33,18,28,30,35,47,52,53,59,61,71,72,73,77,79,84,89
clust_eq,lpm1,34,16,22,23,33,36,37,38,41,48,67,70,78,88,89,95,96
clust_eq,lpm1,35,2,3,6,10,12,23,37,48,61,66,73,76,80,84,92,98
clust_eq,lpm1,36,3,4,7,14,15,16,25,27,33,41,50,59,70,74,96,97
clust_eq,lpm1,37,3,10,13,18,21,24,30,38,39,43,56,61,67,84,85,97
clust_eq,lpm1,38,4,8,25,42,48,49,65,66,74,75,78,80,82,90,93,96
clust_eq,lpm1,39,4,5,7,30,40,41,42,43,45,52,63,67,70,71,79,84
clust_eq,lpm1,40,17,21,25,31,33,49,53,69,74,75,76,83,86,92,93,99
clust_eq,lpm1,41,1,2,5,7,8,11,15,20,33,44,46,48,54,57,66,93
clust_eq,lpm1,42,8,18,20,24,31,34,38,44,45,47,55,59,68,70,78,97
clust_eq,lpm1,43,1,4,9,14,16,17,33,38,44,64,70,72,87,88,92,97
clust_eq,lpm1,44,6,8,16,23,26,27,34,36,39,44,48,51,65,66,74,81
clust_eq,lpm1,45,8,15,19,22,25,26,44,59,70,72,74,86,89,90,97,100
clust_eq,lpm1,46,7,11,22,32,35,40,48,51,52,58,64,78,84,88,97,99
clust_eq,lpm1,47,9,23,34,37,39,46,52,57,58,61,65,66,78,89,90,100
clust_eq,lpm1,48,22,25,26,29,34,38,40,42,54,72,74,80,86,94,95,96
clust_eq,lpm1,49,6,7,9,12,20,22,33,36,39,46,47,52,66,80,94,95
clust_eq,lpm1,50,4,16,35,37,39,40,42,43,51,54,70,82,88,89,91,93
clust_eq,lpm1,51,17,19,22,31,33,34,37,38,39,43,47,61,74,77,88,99
clust_eq,lpm1,52,5,7,15,21,23,30,33,41,44,57,58,59,67,72,75,84
clust_eq,lpm1,53,2,12,24,27,28,41,46,50,51,61,63,73,76,89,92,93
clust_eq,lpm1,54,7,9,14,26,38,41,47,49,52,53,56,71,73,78,92,94
clust_eq,lpm1,55,2,4,10,12,13,22,34,35,37,42,55,63,84,85,93,94
clust_eq,lpm1,56,4,5,6,16,20,24,27,37,46,52,59,62,77,87,89,91
clust_eq,lpm1,57,1,9,13,15,17,22,25,34,44,47,76,84,85,88,97,100
clust_eq,lpm1,58,7,14,19,22,23,26,28,31,44,60,73,87,93,95,97,98
clust_eq,lpm1,59,5,7,9,13,18,27,37,40,47,53,58,79,94,95,97,98
clust_eq,lpm1,60,3,13,15,27,28,33,38,50,51,58,59,61,67,75,81,90
clust_eq,lpm1,61,4,8,10,11,21,34,40,45,48,51,63,68,71,89,93,95
clust_eq,lpm1,62,6,14,15,23,27,36,49,51,53,61,64,67,75,77,87,93
clust_eq,lpm1,63,4,8,12,15,26,38,40,45,53,59,67,69,74,80,82,90
clust_eq,lpm1,64,1,8,18,19,26,32,38,43,55,58,62,63,66,87,95,100
clust_eq,lpm1,65,7,21,22,23,26,33,43,45,49,52,56,60,64,89,95,100
clust_eq,lpm1,66,1,11,14,15,18,23,37,53,56,61,72,81,85,87,93,100
clust_eq,lpm1,67,1,4,9,12,20,32,33,43,45,49,55,58,60,71,92,94
clust_eq,lpm1,68,2,15,16,20,31,33,35,43,48,50,52,59,70,72,81,84
clust_eq,lpm1,69,4,10,11,21,23,28,30,32,55,57,58,64,68,72,76,95
clust_eq,lpm1,70,11,14,15,26,32,34,36,38,39,40,50,51,56,68,73,86
clust_eq,lpm1,71,1,16,23,32,37,43,44,46,54,57,71,76,78,85,89,93
clust_eq,lpm1,72,1,4,10,14,24,37,44,47,52,53,55,60,67,80,90,96
clust_eq,lpm1,73,7,10,12,14,21,23,31,36,48,52,59,64,71,72,79,92
clust_eq,lpm1,74,7,11,12,16,27,31,43,44,49,58,84,85,86,90,91,95
clust_eq,lpm1,75,5,10,16,22,23,30,41,57,58,59,63,71,84,89,98,99
clust_eq,lpm1,76,1,3,4,5,11,17,21,24,34,41,45,64,77,82,91,97
clust_eq,lpm1,77,10,19,23,25,35,48,49,51,61,65,70,75,86,89,90,92
clust_eq,lpm1,78,2,15,27,33,34,41,46,56,60,62,69,71,73,89,92,97
clust_eq,lpm1,79,2,3,6,11,19,20,28,34,40,41,55,72,73,74,76,79
clust_eq,lpm1,80,18,21,30,35,40,46,50,61,70,73,79,81,85,89,91,96
clust_eq,lpm1,81,4,13,21,22,27,32,39,55,60,63,66,76,84,93,94,95
clust_eq,lpm1,82,1,6,8,32,36,38,40,41,44,81,84,85,87,89,91,95
clust_eq,lpm1,83,3,12,19,22,23,24,26,38,39,42,48,51,55,66,73,98
clust_eq,lpm1,84,5,8,9,16,24,31,32,49,58,63,65,70,80,81,90,96
clust_eq,lpm1,85,9,19,20,22,41,43,50,51,52,55,70,85,87,89,95,97
clust_eq,lpm1,86,2,8,10,13,35,40,42,51,59,69,79,82,85,89,92,93
clust_eq,lpm1,87,1,3,4,25,33,38,39,47,50,53,55,56,71,72,84,85
clust_eq,lpm1,88,8,9,33,34,36,38,40,43,47,49,55,56,64,68,82,88
clust_eq,lpm1,89,7,9,10,16,18,20,27,39,40,53,77,79,85,93,98,99
clust_eq,lpm1,90,3,6,8,23,25,35,36,42,46,48,53,67,72,84,92,95
clust_eq,lpm1,91,12,17,19,21,26,29,31,38,45,47,80,85,91,96,98,99
clust_eq,lpm1,92,6,12,13,19,21,26,34,44,48,59,65,66,73,74,76,81
clust_eq,lpm1,93,2,14,22,23,24,28,32,36,51,52,53,55,56,72,78,96
clust_eq,lpm1,94,8,21,22,28,31,34,36,41,52,53,58,66,69,72,78,86
clust_eq,lpm1,95,8,12,24,44,46,49,51,53,59,61,67,78,82,84,85,87
clust_eq,lpm1,96,2,19,30,31,32,41,42,64,70,74,77,82,88,91,94,96
clust_eq,lpm1,97,1,5,14,18,25,33,35,39,43,49,56,61,62,77,83,84
clust_eq,lpm1,98,2,3,5,10,25,30,36,56,61,71,89,91,92,94,96,100
clust_eq,lpm1,99,2,23,25,35,38,43,48,56,62,72,75,78,83,84,88,100
clust_eq,lpm1,100,1,2,8,9,11,21,23,26,32,41,54,57,62,71,74,76
clust_eq,lpm1,101,9,22,25,32,35,36,39,41,62,76,78,90,91,94,95,100
clust_eq,lpm1,102,2,19,32,33,36,40,45,48,52,55,59,68,71,89,97,99
clust_eq,lpm1,103,3,6,13,17,21,35,46,48,51,54,64,68,77,91,98,99
clust_eq,lpm1,104,4,17,18,21,29,33,38,39,54,63,66,69,74,77,79,99
clust_eq,lpm1,105,2,5,6,17,37,40,42,57,59,70,79,84,88,89,98,99
clust_eq,lpm1,106,10,13,18,27,37,38,39,40,42,61,63,68,77,83,94,95
clust_eq,lpm1,107,8,11,30,46,49,54,55,57,64,66,85,87,91,92,93,99
clust_eq,lpm1,108,7,8,9,13,19,30,53,58,76,79,80,81,88,95,96,98
clust_eq,lpm1,109,16,22,24,28,34,36,38,50,53,68,70,71,78,80,87,96
clust_eq,lpm1,110,1,9,18,26,30,32,36,38,47,70,74,77,88,90,91,93
clust_eq,lpm1,111,1,7,19,24,25,38,41,49,53,58,67,77,94,96,99,100
clust_eq,lpm1,112,4,8,9,10,14,25,42,43,46,62,68,74,80,83,84,95
clust_eq,lpm1,113,3,5,9,10,17,18,36,43,47,49,63,64,67,79,90,98
clust_eq,lpm1,114,19,36,43,44,73,74,75,77,78,82,86,89,90,91,94,98
clust_eq,lpm1,115,5,14,17,39,40,42,46,48,49,56,69,73,83,90,91,97
clust_eq,lpm1,116,3,7,14,22,34,46,54,57,60,70,78,87,91,94,95,99
clust_eq,lpm1,117,1,6,7,8,9,12,13,19,21,31,32,39,66,78,85,93
clust_eq,lpm1,118,2,4,8,12,14,25,34,38,40,45,57,78,79,82,86,96
clust_eq,lpm1,119,11,19,26,30,35,43,45,51,55,56,69,76,85,94,97,99
clust_eq,lpm1,120,8,16,19,20,36,44,49,65,66,76,79,81,92,93,95,96
clust_eq,lpm1,121,4,8,19,23,26,33,47,52,59,60,67,71,76,80,97,98
clust_eq,lpm1,122,22,23,30,33,56,57,60,62,69,74,82,88,89,90,96,100
clust_eq,lpm1,123,9,13,23,33,44,46,47,54,56,61,66,83,84,85,96,97
clust_eq,lpm1,124,5,6,14,15,22,23,36,47,52,53,61,72,78,84,86,98
clust_eq,lpm1,125,29,31,32,37,40,46,48,59,60,61,64,72,78,81,83,91
clust_eq,lpm1,126,2,4,5,7,14,18,30,44,63,67,72,78,79,92,94,99
clust_eq,lpm1,127,7,10,13,38,48,54,60,67,71,77,79,88,90,93,94,96
clust_eq,lpm1,128,1,3,21,39,45,49,56,57,69,73,74,77,86,95,97,98
clust_eq,lpm1,129,3,4,5,6,13,23,24,32,34,50,64,65,68,86,87,88
clust_eq,lpm1,130,20,21,28,39,44,57,63,72,74,75,81,84,90,91,93,98
clust_eq,lpm1,131,3,9,11,14,33,34,35,37,40,45,47,49,73,75,77,97
clust_eq,lpm1,132,11,13,21,23,28,38,42,58,60,62,64,67,79,84,88,97
clust_eq,lpm1,133,8,11,30,42,45,46,48,49,52,53,57,64,69,82,84,90
clust_eq,lpm1,134,3,10,18,19,28,70,71,73,76,77,79,81,86,90,92,98
clust_eq,lpm1,135,7,18,20,23,25,26,27,29,36,37,38,59,62,66,87,91
clust_eq,lpm1,136,2,7,23,28,35,41,60,65,72,73,75,77,81,84,93,97
clust_eq,lpm1,137,1,19,20,21,26,29,39,40,47,48,57,70,81,88,89,99
clust_eq,lpm1,138,18,20,24,42,51,55,56,60,62,68,73,76,78,90,91,92
clust_eq,lpm1,139,3,10,11,21,28,41,57,60,61,64,73,77,89,91,92,95
clust_eq,lpm1,140,10,20,21,27,31,47,63,70,71,76,84,85,86,91,93,96
clust_eq,lpm1,141,7,12,17,18,21,22,24,28,33,46,47,52,71,81,96,100
clust_eq,lpm1,142,1,5,11,18,19,23,31,42,48,58,61,62,63,66,83,91
clust_eq,lpm1,143,6,7,13,14,24,27,33,42,47,52,54,56,60,62,84,96
clust_eq,lpm1,144,11,12,17,19,27,33,47,48,57,58,76,83,86,87,95,100
clust_eq,lpm1,145,3,18,21,24,28,29,38,43,45,46,54,66,69,77,83,91
clust_eq,lpm1,146,5,14,19,27,32,33,42,47,51,56,68,77,82,92,93,100
clust_eq,lpm1,147,3,5,16,17,22,28,29,31,36,46,55,64,67,78,86,96
clust_eq,lpm1,148,19,22,32,38,44,63,68,70,72,73,74,83,86,87,93,95
clust_eq,lpm1,149,4,8,12,13,22,24,32,43,55,68,71,76,83,86,88,97
clust_eq,lpm1,150,6,13,20,21,23,26,35,54,58,60,61,65,77,78,80,99
clust_eq,lpm1,151,3,4,28,33,47,57,61,65,67,70,74,75,88,89,92,94
clust_eq,lpm1,152,24,34,37,39,40,41,45,46,55,57,65,66,68,89,90,93
clust_eq,lpm1,153,1,17,27,34,47,49,60,61,65,66,70,71,76,93,97,100
clust_eq,lpm1,154,14,16,26,32,38,40,43,49,51,55,65,70,82,85,88,94
clust_eq,lpm1,155,13,20,31,33,42,48,62,65,68,69,79,84,85,90,93,99
clust_eq,lpm1,156,8,20,27,31,37,41,55,60,63,65,75,78,87,89,93,95
clust_eq,lpm1,157,6,27,31,34,36,48,61,64,66,70,82,87,91,92,93,94
clust_eq,lpm1,158,7,14,22,26,30,39,49,51,52,58,77,81,82,85,87,100
clust_eq,lpm1,159,6,11,25,26,29,36,47,66,77,78,80,85,86,89,94,100
clust_eq,lpm1,160,3,7,26,27,31,38,47,50,53,58,75,80,83,86,92,95
clust_eq,lpm1,161,5,6,9,12,19,25,32,38,42,44,65,71,78,94,96,100
clust_eq,lpm1,162,1,3,14,16,17,24,25,33,38,51,57,59,73,82,90,97
clust_eq,lpm1,163,2,35,37,38,40,48,49,51,53,54,61,70,92,93,97,98
clust_eq,lpm1,164,15,21,25,26,28,36,44,60,67,70,71,73,75,91,93,96
clust_eq,lpm1,165,3,18,35,47,48,54,56,65,67,68,71,75,78,81,84,92
clust_eq,lpm1,166,4,7,8,18,27,32,35,38,40,41,48,63,75,92,94,95
clust_eq,lpm1,167,6,16,25,33,37,40,41,60,70,72,76,88,89,93,96,100
clust_eq,lpm1,168,3,10,23,28,35,36,38,41,43,46,51,55,56,68,69,89
clust_eq,lpm1,169,2,18,22,29,34,37,38,45,53,54,56,62,71,81,89,96
clust_eq,lpm1,170,2,5,13,16,19,39,43,44,50,51,66,75,85,89,93,97
clust_eq,lpm1,171,6,13,19,22,25,27,40,42,48,53,64,70,93,95,98,100
clust_eq,lpm1,172,9,19,21,23,26,33,34,43,49,58,61,64,73,74,77,99
clust_eq,lpm1,173,2,6,8,26,38,52,65,69,70,72,84,85,92,98,99,100
clust_eq,lpm1,174,8,13,15,39,42,44,52,53,61,72,74,79,80,86,88,98
clust_eq,lpm1,175,14,22,32,39,50,51,52,56,60,68,72,74,78,83,87,100
clust_eq,lpm1,176,7,8,18,37,43,46,47,49,59,64,67,70,78,86,99,100
clust_eq,lpm1,177,2,7,24,36,38,46,53,58,60,67,68,77,78,91,99,100
clust_eq,lpm1,178,7,11,12,13,20,23,24,26,42,44,51,76,92,97,99,100
clust_eq,lpm1,179,2,7,8,10,15,36,43,52,54,60,65,66,72,75,89,98
clust_eq,lpm1,180,3,6,13,17,19,22,31,47,48,55,67,76,77,88,96,99
clust_eq,lpm1,181,2,4,7,8,10,12,13,23,28,39,45,53,68,76,89,95
clust_eq,lpm1,182,3,11,22,26,32,36,42,50,51,54,56,60,64,68,71,82
clust_eq,lpm1,183,7,23,29,38,41,46,47,48,54,63,65,66,80,96,98,99
clust_eq,lpm1,184,12,14,17,27,35,39,51,65,68,69,78,82,85,87,93,100
clust_eq,lpm1,185,4,9,16,25,35,41,43,49,52,60,63,70,79,83,88,95
clust_eq,lpm1,186,14,15,18,19,26,37,38,43,61,68,88,90,93,94,97,98
clust_eq,lpm1,187,2,8,26,28,36,43,55,58,60,62,67,73,84,91,92,95
clust_eq,lpm1,188,9,25,39,46,49,52,54,56,63,68,69,71,80,89,94,99
clust_eq,lpm1,189,8,25,29,34,49,54,59,63,67,75,80,82,85,86,89,91
clust_eq,lpm1,190,11,12,25,32,33,36,40,42,46,58,71,76,79,84,86,90
clust_eq,lpm1,191,12,18,20,33,35,43,52,61,66,68,72,78,79,90,99,100
clust_eq,lpm1,192,4,6,15,16,19,21,29,33,41,44,49,50,60,65,76,83
clust_eq,lpm1,193,6,11,12,13,16,17,40,46,60,66,73,81,87,89,91,95
clust_eq,lpm1,194,12,15,19,20,21,22,26,28,35,40,42,51,59,69,88,93
clust_eq,lpm1,195,4,9,10,13,20,24,41,42,44,47,50,56,59,75,97,99
clust_eq,lpm1,196,8,11,13,15,16,18,34,35,38,62,75,77,78,84,86,89
clust_eq,lpm1,197,8,15,22,26,35,47,51,55,56,59,66,78,81,82,84,93
clust_eq,lpm1,198,1,8,23,24,36,43,45,48,58,63,64,69,73,79,87,98
clust_eq,lpm1,199,5,7,13,23,24,27,29,42,51,67,68,86,87,91,92,100
clust_eq,lpm1,200,1,15,20,32,38,39,42,45,51,52,56,74,78,81,91,100
clust_eq,lpm1,201,22,28,30,35,41,44,46,50,53,54,56,69,80,85,87,92
clust_eq,lpm1,202,21,24,27,33,38,40,43,58,67,71,73,75,77,82,84,98
clust_eq,lpm1,203,5,6,7,10,18,29,30,48,70,71,77,79,83,84,87,96
clust_eq,lpm1,204,3,11,27,37,40,55,56,57,64,66,67,69,79,92,99,100
clust_eq,lpm1,205,3,5,11,25,36,47,54,58,63,67,75,88,92,95,98,99
clust_eq,lpm1,206,1,13,20,24,26,34,37,40,48,51,55,64,70,80,94,96
clust_eq,lpm1,207,13,14,23,29,31,38,46,53,54,55,69,71,81,86,95,97
clust_eq,lpm1,208,10,12,17,28,38,39,49,52,61,71,73,81,83,85,88,92
clust_eq,lpm1,209,2,7,11,23,27,28,38,52,56,57,66,68,79,80,84,89
clust_eq,lpm1,210,2,4,9,20,23,32,37,39,52,62,66,73,75,76,84,91
clust_eq,lpm1,211,9,15,17,22,34,35,42,43,51,59,67,70,72,73,82,84
clust_eq,lpm1,212,1,14,21,37,47,48,56,62,72,78,80,84,89,95,96,100
clust_eq,lpm1,213,1,26,29,43,44,51,55,57,60,69,73,82,89,94,95,97
clust_eq,lpm1,214,1,2,10,12,14,18,19,24,28,30,39,49,52,62,69,81
clust_eq,lpm1,215,10,12,22,25,27,34,37,44,51,66,82,84,85,87,94,96
clust_eq,lpm1,216,3,14,16,17,19,32,38,49,59,78,79,86,88,89,96,99
clust_eq,lpm1,217,13,21,24,28,43,44,45,56,59,61,66,73,79,83,91,94
clust_eq,lpm1,218,3,9,15,18,22,32,36,38,39,46,47,53,77,81,84,85
clust_eq,lpm1,219,8,11,16,18,20,26,28,34,36,37,62,70,74,75,78,87
clust_eq,lpm1,220,7,11,15,35,37,42,44,47,49,57,58,71,78,85,88,97
clust_eq,lpm1,221,19,27,30,33,35,48,51,52,55,57,59,70,77,83,87,95
clust_eq,lpm1,222,12,19,33,39,49,57,61,62,65,66,67,80,85,90,94,99
clust_eq,lpm1,223,1,5,8,9,13,21,23,34,52,54,55,57,66,91,97,99
clust_eq,lpm1,224,12,14,15,23,31,39,45,48,61,65,68,80,81,86,87,93
clust_eq,lpm1,225,19,20,22,24,27,32,44,47,48,51,55,60,68,91,93,100
clust_eq,lpm1,226,9,12,14,23,30,34,37,41,54,57,61,63,88,90,91,92
clust_eq,lpm1,227,8,11,21,24,26,27,28,53,61,62,80,81,83,84,85,100
clust_eq,lpm1,228,9,13,16,19,25,40,44,64,65,70,72,78,85,87,95,96
clust_eq,lpm1,229,8,38,40,48,52,54,55,57,59,64,65,67,87,88,90,92
clust_eq,lpm1,230,2,4,18,20,25,26,27,64,65,69,70,74,86,92,94,95
clust_eq,lpm1,231,1,8,13,20,25,51,54,58,61,65,70,78,82,85,87,92
clust_eq,lpm1,232,5,13,15,17,30,33,34,37,42,46,51,52,59,84,87,92
clust_eq,lpm1,233,1,4,6,14,15,20,39,45,51,55,56,62,76,78,86,87
clust_eq,lpm1,234,9,13,15,17,22,27,37,43,56,57,61,62,76,87,89,97
clust_eq,lpm1,235,5,10,12,16,18,20,28,34,37,46,52,60,84,94,97,100
clust_eq,lpm1,236,2,3,9,12,14,18,30,46,59,63,69,74,75,84,89,100
clust_eq,lpm1,237,8,10,11,21,27,31,48,68,69,70,71,73,83,85,86,93
clust_eq,lpm1,238,16,25,26,28,29,44,45,50,64,65,68,71,74,84,90,100
clust_eq,lpm1,239,3,8,9,12,16,19,37,43,63,71,72,74,78,79,87,89
clust_eq,lpm1,240,5,11,16,27,49,51,52,55,58,67,79,86,87,95,97,100
clust_eq,lpm1,241,9,15,16,23,25,29,32,36,44,51,53,64,68,72,76,79
clust_eq,lpm1,242,1,2,11,12,23,27,49,51,54,60,62,63,69,76,82,83
clust_eq,lpm1,243,2,6,8,11,31,41,44,58,64,67,68,69,72,78,86,95
clust_eq,lpm1,244,3,8,20,54,55,57,64,68,71,72,79,85,86,92,94,97
clust_eq,lpm1,245,8,14,18,22,33,45,59,61,70,73,74,83,84,90,93,99
clust_eq,lpm1,246,21,28,31,33,34,35,36,39,40,50,54,62,64,68,69,95
clust_eq,lpm1,247,3,7,8,13,19,22,23,35,42,45,51,67,85,86,90,92
clust_eq,lpm1,248,6,36,38,44,52,61,68,72,73,77,78,83,85,90,96,99
clust_eq,lpm1,249,4,8,10,14,16,35,52,56,57,60,68,79,84,89,95,96
clust_eq,lpm1,250,2,3,11,26,27,36,48,50,55,56,66,76,79,80,81,83
clust_eq,lpm1,251,2,4,5,9,10,11,14,40,46,49,58,68,69,77,98,99
clust_eq,lpm1,252,8,10,21,25,28,31,34,45,52,56,59,80,86,90,92,95
clust_eq,lpm1,253,6,7,8,10,20,31,47,50,51,70,71,73,75,76,85,99
clust_eq,lpm1,254,2,13,34,46,48,52,69,70,76,78,89,91,92,94,99,100
clust_eq,lpm1,255,1,4,10,15,20,37,41,42,44,48,54,59,71,77,90,93
clust_eq,lpm1,256,9,11,15,18,31,32,39,40,45,52,55,77,83,85,90,91
clust_eq,lpm1,257,6,10,14,16,22,25,28,51,53,57,67,76,88,93,94,95
clust_eq,lpm1,258,5,17,18,19,36,40,47,55,59,63,64,65,67,73,86,95
clust_eq,lpm1,259,6,7,13,14,17,19,23,28,38,42,56,59,75,80,83,88
clust_eq,lpm1,260,5,7,8,10,12,14,15,28,31,45,51,52,75,89,90,92
clust_eq,lpm1,261,4,7,9,11,17,20,25,38,51,70,78,88,90,91,92,99
clust_eq,lpm1,262,9,18,24,25,27,40,44,46,61,63,66,67,79,92,94,99
clust_eq,lpm1,263,1,8,12,14,21,36,48,51,52,60,78,79,92,98,99,100
clust_eq,lpm1,264,7,15,26,27,28,29,30,51,62,74,75,87,89,92,94,100
clust_eq,lpm1,265,7,9,17,21,22,26,40,49,56,57,60,71,73,80,83,96
clust_eq,lpm1,266,1,6,11,18,28,33,38,40,49,55,56,67,69,85,94,100
clust_eq,lpm1,267,6,7,9,12,20,23,36,42,45,49,51,65,74,76,79,93
clust_eq,lpm1,268,3,16,23,33,34,38,39,57,60,72,75,82,84,87,95,97
clust_eq,lpm1,269,3,10,11,14,16,22,28,31,34,37,64,70,71,80,81,88
clust_eq,lpm1,270,4,22,23,37,41,44,47,51,53,56,67,71,76,81,85,92
clust_eq,lpm1,271,2,8,9,19,25,26,27,44,57,59,64,69,75,85,93,96
clust_eq,lpm1,272,1,5,7,13,14,18,27,28,40,42,47,60,91,94,96,100
clust_eq,lpm1,273,3,9,13,17,18,24,30,31,32,33,43,47,50,71,75,89
clust_eq,lpm1,274,1,14,27,29,30,35,46,50,51,55,59,63,73,87,93,98
clust_eq,lpm1,275,5,21,32,33,38,39,49,52,65,66,83,84,94,97,99,100
clust_eq,lpm1,276,17,28,42,47,51,52,53,56,59,60,67,72,73,76,79,95
clust_eq,lpm1,277,2,12,22,26,35,49,50,57,61,63,67,82,84,86,92,93
clust_eq,lpm1,278,6,10,22,42,44,45,47,51,59,67,76,84,85,86,93,95
clust_eq,lpm1,279,1,8,14,15,36,38,44,61,67,72,73,74,78,93,96,97
clust_eq,lpm1,280,5,6,19,26,29,32,39,48,57,66,68,72,87,94,95,98
clust_eq,lpm1,281,2,11,12,24,26,34,38,48,52,57,58,72,81,84,89,97
clust_eq,lpm1,282,7,9,18,19,30,31,44,63,65,68,72,76,83,87,94,95
clust_eq,lpm1,283,3,4,8,13,20,22,24,25,37,47,54,60,61,63,70,92
clust_eq,lpm1,284,4,6,8,19,32,35,37,40,42,64,65,72,90,93,96,99
clust_eq,lpm1,285,6,8,10,21,24,28,31,36,37,38,39,61,64,65,70,84
clust_eq,lpm1,286,3,4,6,7,10,11,35,40,42,48,49,58,67,68,71,82
clust_eq,lpm1,287,6,16,18,33,35,49,67,73,75,77,78,83,85,86,93,95
clust_eq,lpm1,288,5,17,33,34,39,41,42,46,52,56,60,87,90,97,99,100
clust_eq,lpm1,289,3,14,18,19,24,32,41,42,45,58,59,60,75,87,91,94
clust_eq,lpm1,290,9,12,14,15,16,33,38,46,51,55,62,65,83,94,96,100
clust_eq,lpm1,291,5,12,13,15,20,28,39,43,52,60,61,63,73,79,84,94
clust_eq,lpm1,292,3,36,41,45,46,61,67,74,75,81,82,87,92,94,95,97
clust_eq,lpm1,293,3,6,9,11,14,16,25,38,49,50,51,71,77,83,84,91
clust_eq,lpm1,294,7,8,13,22,37,45,47,53,54,60,70,76,89,93,96,99
clust_eq,lpm1,295,3,16,23,31,39,41,42,46,55,63,66,73,77,86,89,95
clust_eq,lpm1,296,5,6,11,17,21,25,29,44,46,66,68,69,73,80,86,98
clust_eq,lpm1,297,8,12,15,19,25,35,46,47,51,52,59,63,64,69,85,92
clust_eq,lpm1,298,1,6,15,22,27,28,30,36,44,58,61,64,76,77,78,81
clust_eq,lpm1,299,9,12,13,31,39,47,52,61,66,78,79,81,85,89,92,94
clust_eq,lpm1,300,1,2,8,12,28,31,41,42,52,53,71,84,86,88,89,96
clust_eq,lpm1,301,1,11,20,32,35,57,61,62,72,73,78,82,85,89,94,97
clust_eq,lpm1,302,7,9,12,13,14,25,31,44,46,47,64,68,78,91,92,95
clust_eq,lpm1,303,5,10,15,17,18,27,28,30,32,35,46,61,62,63,77,92
clust_eq,lpm1,304,11,13,17,22,35,37,44,51,58,64,69,81,83,85,88,92
clust_eq,lpm1,305,2,4,6,7,10,12,28,35,37,38,51,62,75,81,88,98
clust_eq,lpm1,306,10,18,20,32,38,40,47,49,56,74,79,82,88,92,95,97
clust_eq,lpm1,307,1,4,13,16,24,25,27,29,33,38,39,44,50,54,82,89
clust_eq,lpm1,308,3,9,14,23,49,57,61,65,67,74,75,80,87,88,92,99
clust_eq,lpm1,309,1,5,24,32,34,36,37,43,45,50,51,58,64,78,90,97
clust_eq,lpm1,310,7,8,10,22,24,36,52,56,66,67,80,81,82,88,90,97
clust_eq,lpm1,311,7,8,21,30,31,36,37,60,66,70,72,79,81,92,93,97
clust_eq,lpm1,312,3,8,11,27,31,36,46,47,48,59,66,74,78,83,86,87
clust_eq,lpm1,313,24,53,54,55,57,58,60,62,69,75,76,77,83,88,90,96
clust_eq,lpm1,314,9,11,23,35,36,42,47,55,56,64,72,73,80,91,95,97
clust_eq,lpm1,315,1,3,6,15,20,25,37,49,51,56,60,69,76,94,96,100
clust_eq,lpm1,316,4,7,8,12,16,24,25,40,43,49,59,84,85,89,91,99
clust_eq,lpm1,317,2,22,35,43,44,45,56,60,61,68,78,80,94,98,99,100
clust_eq,lpm1,318,4,17,29,38,42,43,56,59,61,66,79,81,82,84,85,88
clust_eq,lpm1,319,13,19,24,31,34,41,44,48,53,58,59,60,61,64,79,81
clust_eq,lpm1,320,2,3,5,11,20,27,31,44,48,50,63,69,75,80,86,98
clust_eq,lpm1,321,2,5,10,11,18,23,28,41,53,58,60,61,67,70,73,81
clust_eq,lpm1,322,2,4,21,27,35,41,46,55,56,60,65,82,84,89,92,94
clust_eq,lpm1,323,2,6,14,28,36,38,42,46,50,54,58,64,72,91,96,98
clust_eq,lpm1,324,1,7,8,31,32,48,62,63,73,74,76,79,80,89,93,99
clust_eq,lpm1,325,7,8,9,11,32,44,45,49,52,54,63,64,66,79,83,99
clust_eq,lpm1,326,11,12,14,15,31,35,41,42,46,52,59,69,78,79,86,89
clust_eq,lpm1,327,1,7,37,38,41,42,50,52,57,60,65,66,70,73,84,97
clust_eq,lpm1,328,3,5,7,19,36,47,58,59,63,66,68,80,81,88,94,95
clust_eq,lpm1,329,8,10,18,22,24,40,47,52,55,59,63,68,73,76,86,87
clust_eq,lpm1,330,3,15,20,31,38,42,48,56,69,72,75,84,87,91,92,96
clust_eq,lpm1,331,1,29,33,34,38,43,48,49,62,69,77,79,80,89,95,100
clust_eq,lpm1,332,20,21,29,34,43,51,55,59,60,73,74,75,78,82,91,93
clust_eq,lpm1,333,3,5,18,20,28,47,49,53,56,59,61,66,73,77,79,96
clust_eq,lpm1,334,1,9,13,15,18,24,27,31,47,56,59,61,65,76,81,93
clust_eq,lpm1,335,1,13,17,18,47,52,54,59,60,62,63,64,74,81,95,98
clust_eq,lpm1,336,4,15,16,30,55,58,62,63,66,72,79,81,84,89,94,96
clust_eq,lpm1,337,1,5,8,16,44,48,51,53,56,64,73,83,84,90,95,96
clust_eq,lpm1,338,9,14,18,22,35,39,40,43,47,55,56,57,72,82,83,88
clust_eq,lpm1,339,2,8,9,10,16,20,29,31,36,39,41,42,56,65,66,99
clust_eq,lpm1,340,3,9,15,21,24,33,46,49,50,66,68,69,70,73,96,97
clust_eq,lpm1,341,2,5,8,9,10,20,24,43,51,52,54,55,63,64,72,79
clust_eq,lpm1,342,4,8,12,24,27,33,39,41,47,48,71,75,81,84,98,99
clust_eq,lpm1,343,6,10,13,16,28,34,46,52,57,58,66,70,76,90,91,96
clust_eq,lpm1,344,1,2,5,17,25,31,32,49,52,59,61,63,64,82,84,88
clust_eq,lpm1,345,3,8,10,14,24,30,34,38,41,49,57,63,67,75,90,96
clust_eq,lpm1,346,8,12,15,19,24,34,47,52,60,61,78,80,91,92,97,100
clust_eq,lpm1,347,9,17,18,26,32,34,35,40,43,54,70,71,72,79,97,99
clust_eq,lpm1,348,8,11,13,19,30,33,35,43,48,55,56,62,69,97,99,100
clust_eq,lpm1,349,1,3,14,17,19,24,28,30,31,34,43,63,69,70,72,87
clust_eq,lpm1,350,2,7,15,18,19,23,31,43,48,50,63,65,66,70,76,81
clust_eq,lpm1,351,4,9,24,26,27,40,47,59,60,69,75,81,84,89,93,94
clust_eq,lpm1,352,1,7,11,16,20,23,25,26,60,72,74,80,92,93,99,100
clust_eq,lpm1,353,4,16,24,26,38,51,62,64,65,75,77,78,88,90,93,98
clust_eq,lpm1,354,6,13,21,26,48,56,58,64,65,67,69,73,74,80,94,96
clust_eq,lpm1,355,14,25,29,48,49,50,53,60,61,68,73,80,82,87,93,96
clust_eq,lpm1,356,4,5,19,33,41,49,59,61,62,64,67,79,86,87,94,99
clust_eq,lpm1,357,1,4,5,13,21,23,26,30,32,43,48,57,66,78,93,98
clust_eq,lpm1,358,3,10,11,42,49,57,58,59,69,74,76,82,83,84,86,88
clust_eq,lpm1,359,7,16,17,28,36,37,40,45,51,64,70,73,85,91,96,98
clust_eq,lpm1,360,1,14,15,18,19,28,37,61,76,77,78,88,90,93,96,98
clust_eq,lpm1,361,13,14,19,22,25,33,50,58,67,72,73,82,85,86,87,96
clust_eq,lpm1,362,14,15,19,22,25,27,33,37,38,42,50,59,62,73,82,93
clust_eq,lpm1,363,9,24,27,31,32,33,34,49,53,55,58,62,68,75,90,97
clust_eq,lpm1,364,5,6,19,24,28,29,31,34,41,42,50,69,79,88,90,92
clust_eq,lpm1,365,8,22,30,35,39,41,42,58,61,67,72,82,84,95,97,100
clust_eq,lpm1,366,1,26,28,32,37,40,41,61,65,66,73,76,77,84,93,98
clust_eq,lpm1,367,8,12,19,21,25,31,40,45,47,60,65,74,82,83,84,92
clust_eq,lpm1,368,2,7,10,11,18,28,31,38,44,56,84,88,89,91,93,95
clust_eq,lpm1,369,8,16,30,41,48,53,57,58,68,74,75,76,87,97,98,100
clust_eq,lpm1,370,2,17,24,33,41,43,48,49,52,55,59,64,69,73,79,83
clust_eq,lpm1,371,3,15,17,27,38,46,51,61,65,67,77,82,84,87,89,97
clust_eq,lpm1,372,4,7,9,13,22,27,47,52,64,68,74,83,84,90,94,97
clust_eq,lpm1,373,2,7,8,15,30,31,33,45,52,56,59,60,76,80,83,84
clust_eq,lpm1,374,9,16,20,31,39,41,45,54,62,63,69,74,76,77,89,91
clust_eq,lpm1,375,14,21,23,28,31,32,45,52,55,59,63,70,74,84,91,95
clust_eq,lpm1,376,4,9,17,20,22,27,30,34,40,43,47,63,74,81,84,99
clust_eq,lpm1,377,4,15,16,17,18,25,38,44,46,66,68,78,89,91,93,96
clust_eq,lpm1,378,8,16,18,19,23,25,43,45,48,49,52,64,66,82,91,98
clust_eq,lpm1,379,12,13,18,22,23,26,28,35,63,69,86,89,93,95,97,98
clust_eq,lpm1,380,5,6,12,20,21,23,25,26,31,36,48,60,73,92,93,98
clust_eq,lpm1,381,1,7,9,13,19,20,21,24,48,52,53,70,78,81,88,100
clust_eq,lpm1,382,1,2,11,13,19,20,27,33,35,40,51,56,61,82,85,94
clust_eq,lpm1,383,5,6,7,8,20,28,33,40,52,54,64,71,72,79,84,90
clust_eq,lpm1,384,1,4,9,11,13,21,29,38,54,55,60,62,69,91,95,97
clust_eq,lpm1,385,6,13,15,51,56,59,62,64,69,74,80,82,84,90,91,93
clust_eq,lpm1,386,1,6,9,24,34,39,44,52,53,64,69,72,80,82,87,100
clust_eq,lpm1,387,5,16,24,25,31,34,40,43,45,50,54,75,82,91,93,97
clust_eq,lpm1,388,4,9,10,39,46,47,49,61,62,63,64,67,71,74,79,93
clust_eq,lpm1,389,23,24,25,27,46,52,59,64,69,77,78,82,86,87,91,100
clust_eq,lpm1,390,7,8,15,19,20,31,32,36,39,66,74,86,88,91,93,97
clust_eq,lpm1,391,5,6,7,39,42,47,49,51,53,58,60,62,66,79,88,94
clust_eq,lpm1,392,3,5,18,22,23,31,36,39,42,53,58,69,82,83,87,95
clust_eq,lpm1,393,1,13,16,17,33,34,38,40,43,48,56,66,84,85,87,88
clust_eq,lpm1,394,1,26,28,35,37,38,50,57,61,77,80,83,90,91,92,93
clust_eq,lpm1,395,16,18,19,24,25,32,44,52,59,75,77,78,85,86,99,100
clust_eq,lpm1,396,2,6,16,23,30,31,35,39,44,46,55,58,72,84,91,95
clust_eq,lpm1,397,2,4,8,10,19,24,39,40,51,55,65,70,75,83,85,99
clust_eq,lpm1,398,5,12,17,22,24,42,51,69,72,78,82,89,93,96,98,100
clust_eq,lpm1,399,1,9,13,16,20,25,27,33,37,40,50,65,76,90,93,97
clust_eq,lpm1,400,3,5,11,25,30,33,34,46,50,51,58,59,67,82,84,88
clust_eq,lpm1,401,12,22,25,27,28,38,43,44,57,61,63,85,88,90,93,95
clust_eq,lpm1,402,12,21,23,26,41,53,55,57,69,72,74,76,79,93,97,99
clust_eq,lpm1,403,5,8,18,25,29,47,48,66,70,72,73,83,87,91,96,97
clust_eq,lpm1,404,2,8,11,13,46,48,51,52,53,55,64,67,73,86,97,99
clust_eq,lpm1,405,16,24,33,41,44,50,52,57,67,71,73,76,79,83,84,96
clust_eq,lpm1,406,3,5,19,21,23,24,30,31,33,34,46,49,61,68,81,96
clust_eq,lpm1,407,14,17,25,26,28,36,39,60,65,67,69,70,72,76,77,84
clust_eq,lpm1,408,6,14,30,32,33,36,41,46,48,52,55,70,79,84,90,96
clust_eq,lpm1,409,3,13,21,23,26,35,54,61,64,67,68,77,81,86,91,96
clust_eq,lpm1,410,1,6,12,13,16,30,40,48,57,58,79,88,89,92,95,98
clust_eq,lpm1,411,9,11,15,17,21,26,34,40,42,54,57,63,66,68,85,88
clust_eq,lpm1,412,1,6,9,20,24,27,29,31,33,46,47,64,69,77,80,98
clust_eq,lpm1,413,2,14,30,31,36,39,41,44,46,56,63,65,69,71,85,98
clust_eq,lpm1,414,17,25,31,40,41,42,43,44,45,48,65,67,74,78,95,97
clust_eq,lpm1,415,1,16,35,40,41,45,53,55,56,60,71,80,87,93,96,99
clust_eq,lpm1,416,2,19,31,32,33,41,44,48,50,53,58,59,61,64,68,74
clust_eq,lpm1,417,1,7,12,13,20,30,33,45,52,54,59,71,74,76,81,94
clust_eq,lpm1,418,5,16,31,40,46,58,59,63,66,67,77,80,82,86,91,98
clust_eq,lpm1,419,1,9,12,21,23,35,42,43,49,52,63,67,73,78,88,98
clust_eq,lpm1,420,3,21,22,24,29,31,32,39,41,61,71,72,76,78,86,88
clust_eq,lpm1,421,6,12,13,22,27,28,30,31,34,44,64,67,85,90,91,94
clust_eq,lpm1,422,1,3,4,12,14,18,22,23,27,37,38,47,63,67,74,98
clust_eq,lpm1,423,5,7,20,30,39,47,50,51,52,63,64,73,79,88,91,99
clust_eq,lpm1,424,4,6,7,12,17,18,53,62,67,72,75,82,85,86,90,96
clust_eq,lpm1,425,2,4,8,11,14,23,26,27,41,55,63,68,70,95,98,99
clust_eq,lpm1,426,1,25,30,33,34,40,44,49,54,65,66,69,77,88,92,99
clust_eq,lpm1,427,3,7,8,11,16,34,36,37,38,59,71,72,74,75,77,88
clust_eq,lpm1,428,4,9,10,29,32,53,66,72,76,77,80,81,84,87,92,98
clust_eq,lpm1,429,4,8,11,16,22,27,37,38,40,51,56,64,71,78,81,83
clust_eq,lpm1,430,1,2,5,23,26,31,48,59,62,64,69,77,82,84,88,92
clust_eq,lpm1,431,5,7,8,15,30,31,36,40,46,50,59,65,67,72,78,90
clust_eq,lpm1,432,15,16,22,23,29,37,53,72,74,77,78,83,86,88,90,92
clust_eq,lpm1,433,10,15,18,21,22,40,47,48,49,56,73,74,75,81,94,96
clust_eq,lpm1,434,5,20,24,25,27,39,44,69,77,80,84,90,91,92,99,100
clust_eq,lpm1,435,15,21,26,28,29,31,44,45,50,61,65,68,71,73,74,97
clust_eq,lpm1,436,1,15,25,27,31,33,44,66,69,76,77,80,82,86,93,96
clust_eq,lpm1,437,1,11,17,20,24,32,38,45,51,53,57,61,70,86,90,93
clust_eq,lpm1,438,9,29,37,38,42,47,49,51,54,59,62,78,81,89,91,97
clust_eq,lpm1,439,5,8,19,26,34,37,44,55,57,65,66,68,72,81,95,96
clust_eq,lpm1,440,4,5,10,11,12,13,22,35,37,50,62,63,64,80,95,98
clust_eq,lpm1,441,3,9,13,16,33,34,39,45,46,55,56,64,73,74,94,97
clust_eq,lpm1,442,5,12,15,28,36,43,44,45,46,47,50,54,59,65,67,98
clust_eq,lpm1,443,2,5,6,10,14,19,28,39,44,51,81,86,93,94,98,100
clust_eq,lpm1,444,11,20,22,28,33,51,57,58,69,70,74,81,86,87,94,100
clust_eq,lpm1,445,3,5,10,15,17,25,27,28,30,47,57,59,73,79,83,87
clust_eq,lpm1,446,3,17,22,28,31,32,41,45,61,63,64,66,77,84,86,96
clust_eq,lpm1,447,2,10,11,13,14,52,55,57,59,60,77,79,81,82,86,94
clust_eq,lpm1,448,3,5,9,14,25,46,49,51,56,65,75,77,83,84,87,92
clust_eq,lpm1,449,8,10,13,18,20,32,38,39,44,54,61,63,79,82,85,93
clust_eq,lpm1,450,19,22,37,40,48,55,56,57,66,76,77,78,87,88,92,98
clust_eq,lpm1,451,4,9,11,18,20,34,35,40,43,47,50,68,71,72,78,93
clust_eq,lpm1,452,9,19,20,27,34,38,52,53,57,59,61,68,77,84,90,95
clust_eq,lpm1,453,10,15,19,21,22,25,45,56,57,60,61,76,82,89,92,93
clust_eq,lpm1,454,1,16,23,29,32,43,44,57,65,73,74,76,78,84,86,87
clust_eq,lpm1,455,2,5,6,12,19,28,34,42,45,46,51,53,68,77,93,95
clust_eq,lpm1,456,5,9,17,34,46,47,56,57,59,61,65,66,68,80,97,100
clust_eq,lpm1,457,1,12,18,24,44,46,48,50,53,55,59,67,73,84,90,99
clust_eq,lpm1,458,4,7,8,24,26,44,47,49,59,60,75,89,91,94,98,99
clust_eq,lpm1,459,1,11,21,23,24,26,34,41,43,48,60,67,70,73,81,84
clust_eq,lpm1,460,9,11,23,32,36,37,47,52,54,58,66,74,75,88,92,98
clust_eq,lpm1,461,19,21,29,30,33,35,43,59,61,64,72,80,82,93,97,98
clust_eq,lpm1,462,4,9,11,12,15,22,30,40,41,55,66,78,84,89,94,98
clust_eq,lpm1,463,2,10,12,23,24,41,42,53,59,61,76,80,92,98,99,100
clust_eq,lpm1,464,6,18,20,28,29,33,35,47,50,61,62,72,73,75,76,90
clust_eq,lpm1,465,3,5,8,10,20,23,31,43,48,55,63,72,79,81,87,99
clust_eq,lpm1,466,7,26,28,29,30,36,42,44,53,56,59,72,74,83,84,90
clust_eq,lpm1,467,3,5,11,24,25,31,34,37,39,40,45,46,61,64,73,77
clust_eq,lpm1,468,5,23,27,32,41,48,49,53,54,55,58,62,66,79,90,96
clust_eq,lpm1,469,2,8,24,29,33,36,38,49,51,61,65,67,75,86,97,99
clust_eq,lpm1,470,1,6,12,13,15,21,23,29,32,57,64,74,78,82,84,96
clust_eq,lpm1,471,5,6,8,22,26,28,51,52,54,69,80,83,86,87,92,95
clust_eq,lpm1,472,7,12,21,22,23,35,36,39,52,53,60,67,71,78,97,100
clust_eq,lpm1,473,4,13,24,28,46,47,51,60,64,70,75,78,81,93,97,98
clust_eq,lpm1,474,14,16,19,25,26,36,41,44,48,49,58,63,67,92,94,99
clust_eq,lpm1,475,36,37,38,44,45,47,53,55,56,66,68,71,78,80,81,94
clust_eq,lpm1,476,11,12,21,40,45,57,58,60,63,67,76,78,79,84,89,98
clust_eq,lpm1,477,2,20,29,33,34,37,39,40,48,50,57,64,69,72,84,95
clust_eq,lpm1,478,3,10,11,16,20,22,28,29,41,45,55,57,64,66,73,74
clust_eq,lpm1,479,4,15,24,33,44,45,48,59,68,71,81,84,87,93,94,98
clust_eq,lpm1,480,1,7,8,14,31,42,46,49,52,70,76,82,90,91,95,96
clust_eq,lpm1,481,15,39,41,51,52,53,67,76,77,81,85,88,94,97,98,100
clust_eq,lpm1,482,4,8,14,16,29,40,41,45,46,65,67,68,81,86,90,99
clust_eq,lpm1,483,14,17,23,26,28,29,47,49,54,60,61,63,67,76,80,96
clust_eq,lpm1,484,1,2,9,12,27,30,36,39,40,67,69,74,84,91,93,97
clust_eq,lpm1,485,20,27,28,37,41,43,47,49,52,54,64,65,66,68,69,77
clust_eq,lpm1,486,8,15,20,24,26,30,37,47,55,57,72,75,84,90,94,96
clust_eq,lpm1,487,3,10,15,16,32,35,37,46,49,54,55,70,75,77,90,96
clust_eq,lpm1,488,22,26,35,39,40,41,47,50,53,55,64,70,83,84,99,100
clust_eq,lpm1,489,7,24,31,32,37,38,49,50,53,56,62,75,85,88,90,96
clust_eq,lpm1,490,10,19,28,32,36,40,43,56,60,61,68,71,74,80,83,88
clust_eq,lpm1,491,10,17,21,28,41,42,43,49,53,54,58,60,66,67,70,75
clust_eq,lpm1,492,21,22,35,40,44,45,46,55,56,57,63,64,85,90,96,99
clust_eq,lpm1,493,2,6,9,11,12,15,22,27,32,41,51,57,58,64,66,94
clust_eq,lpm1,494,23,25,29,31,32,53,56,64,72,82,83,85,88,91,95,97
clust_eq,lpm1,495,7,16,18,22,27,33,35,44,48,56,66,68,94,96,98,100
clust_eq,lpm1,496,2,5,7,15,17,20,22,26,28,43,49,51,52,54,64,78
clust_eq,lpm1,497,2,7,11,14,22,33,36,52,60,77,81,84,88,94,95,99
clust_eq,lpm1,498,1,2,11,23,38,42,49,62,73,74,77,78,80,82,92,98
clust_eq,lpm1,499,1,2,5,6,15,18,30,39,42,45,62,66,73,77,79,98
clust_eq,lpm1,500,4,6,8,16,18,23,35,45,52,60,64,65,75,81,87,98
clust_eq,lpm1,501,5,14,17,19,27,28,34,36,41,69,70,77,79,81,96,97
clust_eq,lpm1,502,1,6,7,8,15,24,29,31,32,54,72,76,82,87,91,93
clust_eq,lpm1,503,9,16,20,23,31,34,35,44,46,52,59,60,72,75,81,97
clust_eq,lpm1,504,5,6,16,22,28,42,45,51,53,56,62,68,71,94,98,100
clust_eq,lpm1,505,2,7,15,22,26,30,45,48,56,57,59,66,73,93,97,98
clust_eq,lpm1,506,2,7,26,36,38,40,42,43,71,74,77,79,84,94,99,100
clust_eq,lpm1,507,9,14,15,21,23,29,37,72,73,77,78,80,89,91,96,98
clust_eq,lpm1,508,11,19,20,23,27,30,31,33,34,36,37,38,50,52,81,87
clust_eq,lpm1,509,5,6,8,9,10,15,24,32,36,39,41,42,52,91,98,100
clust_eq,lpm1,510,11,21,27,58,61,62,78,79,80,82,83,85,86,92,95,100
clust_eq,lpm1,511,8,13,19,20,24,28,29,30,31,32,39,40,55,71,79,88
clust_eq,lpm1,512,2,5,6,26,29,32,48,51,59,64,68,78,81,93,99,100
clust_eq,lpm1,513,2,3,15,23,28,32,36,41,49,56,76,83,88,91,92,97
clust_eq,lpm1,514,8,20,24,26,31,34,36,45,55,66,79,82,84,90,93,96
clust_eq,lpm1,515,5,12,17,18,20,27,28,32,33,36,43,46,61,64,75,95
clust_eq,lpm1,516,3,7,9,13,31,34,39,42,45,47,50,56,71,74,78,91
clust_eq,lpm1,517,5,11,14,18,19,27,30,36,40,47,53,55,77,89,97,99
clust_eq,lpm1,518,4,12,15,16,25,32,45,48,60,62,63,64,68,77,84,91
clust_eq,lpm1,519,3,4,8,11,13,24,30,37,42,46,47,57,63,75,81,89
clust_eq,lpm1,520,2,12,18,24,28,31,42,44,50,60,63,64,68,72,83,91
clust_eq,lpm1,521,8,12,19,23,27,34,36,43,55,64,79,80,85,90,97,99
clust_eq,lpm1,522,15,28,35,36,43,45,51,54,58,60,62,69,79,81,90,98
clust_eq,lpm1,523,6,9,24,26,27,31,39,41,50,52,64,67,69,77,85,87
clust_eq,lpm1,524,1,3,6,7,9,10,18,25,36,64,76,77,84,87,96,99
clust_eq,lpm1,525,2,10,16,23,24,34,38,39,41,46,48,52,63,70,82,100
clust_eq,lpm1,526,3,14,17,27,33,34,35,37,44,46,47,48,51,57,61,65
clust_eq,lpm1,527,7,8,21,25,29,30,31,48,49,62,63,75,78,89,92,95
clust_eq,lpm1,528,2,3,10,12,18,30,31,34,43,59,65,66,69,85,97,99
clust_eq,lpm1,529,11,15,16,24,28,34,39,40,49,57,62,73,76,79,81,94
clust_eq,lpm1,530,2,3,7,9,12,14,19,43,72,74,79,91,94,95,98,100
clust_eq,lpm1,531,4,14,19,27,38,39,42,43,50,52,67,77,79,83,86,99
clust_eq,lpm1,532,9,17,27,29,30,46,53,55,59,62,67,71,74,80,98,100
clust_eq,lpm1,533,4,6,9,20,26,30,42,52,56,69,75,80,85,88,92,98
clust_eq,lpm1,534,10,12,17,19,31,32,34,38,41,44,47,66,79,85,96,99
clust_eq,lpm1,535,3,5,6,15,17,20,25,36,45,47,49,51,53,82,89,96
clust_eq,lpm1,536,7,9,17,22,26,27,29,30,31,35,42,53,67,73,89,97
clust_eq,lpm1,537,4,5,14,26,32,40,55,56,68,72,77,91,92,97,98,99
clust_eq,lpm1,538,1,7,12,13,17,30,32,45,46,48,60,66,89,96,97,100
clust_eq,lpm1,539,2,4,7,13,27,29,33,68,71,75,77,83,85,94,96,99
clust_eq,lpm1,540,1,3,5,6,11,12,13,16,23,25,27,32,37,48,84,89
clust_eq,lpm1,541,10,11,14,32,37,38,51,56,59,61,72,74,84,93,94,100
clust_eq,lpm1,542,7,10,12,13,16,28,34,43,50,53,57,58,60,66,79,80
clust_eq,lpm1,543,9,14,17,32,37,42,52,55,57,63,72,74,77,78,79,91
clust_eq,lpm1,544,2,5,12,16,23,24,30,36,46,59,73,78,80,81,83,91
clust_eq,lpm1,545,2,4,5,13,27,32,33,39,42,75,86,89,93,94,95,97
clust_eq,lpm1,546,5,16,20,33,40,45,50,54,65,71,79,80,86,93,98,99
clust_eq,lpm1,547,1,3,33,37,42,47,50,57,58,59,64,67,72,73,85,95
clust_eq,lpm1,548,1,17,25,28,38,39,46,49,52,54,56,63,64,66,69,87
clust_eq,lpm1,549,5,8,10,23,31,37,45,47,52,55,59,63,64,83,95,96
clust_eq,lpm1,550,12,13,18,19,22,24,45,48,53,61,71,87,89,93,94,99
clust_eq,lpm1,551,5,9,12,20,23,29,35,49,53,54,55,69,79,80,88,92
clust_eq,lpm1,552,11,28,30,31,40,45,51,58,62,69,74,75,83,87,91,95
clust_eq,lpm1,553,7,12,14,15,17,19,31,33,40,42,43,48,72,75,76,97
clust_eq,lpm1,554,17,19,20,26,29,31,32,39,42,45,50,53,76,85,97,99
clust_eq,lpm1,555,2,10,14,21,36,40,41,43,45,58,59,60,63,74,77,98
clust_eq,lpm1,556,1,5,12,16,17,18,24,25,32,33,39,64,72,77,99,100
clust_eq,lpm1,557,3,8,40,49,55,66,67,68,79,84,86,87,91,97,99,100
clust_eq,lpm1,558,3,7,19,23,25,28,35,57,63,68,70,76,80,84,90,96
clust_eq,lpm1,559,1,9,15,20,21,22,24,27,51,54,55,56,69,70,94,96
clust_eq,lpm1,560,5,7,8,13,20,22,24,26,29,31,45,59,77,86,87,99
clust_eq,lpm1,561,6,7,9,23,31,39,45,46,49,52,53,56,66,83,85,90
clust_eq,lpm1,562,12,16,18,19,22,33,35,37,39,44,55,60,83,93,99,100
clust_eq,lpm1,563,4,8,11,19,26,35,47,56,60,78,81,90,91,94,95,98
clust_eq,lpm1,564,2,11,22,25,28,29,37,42,50,54,57,62,66,76,78,88
clust_eq,lpm1,565,1,9,17,27,29,34,42,43,48,55,57,71,80,91,97,99
clust_eq,lpm1,566,5,10,14,17,18,19,30,39,41,42,44,46,47,61,97,99
clust_eq,lpm1,567,5,6,16,19,21,36,37,39,52,53,58,72,80,90,98,99
clust_eq,lpm1,568,16,20,22,26,27,30,34,40,41,48,50,54,64,82,93,96
clust_eq,lpm1,569,5,6,11,12,18,23,24,28,30,31,47,52,61,68,88,89
clust_eq,lpm1,570,16,17,19,25,32,37,48,53,57,60,62,66,78,79,88,90
clust_eq,lpm1,571,2,3,7,8,24,25,48,49,57,63,64,82,83,84,91,92
clust_eq,lpm1,572,6,13,20,21,26,29,35,48,55,56,63,68,81,82,88,94
clust_eq,lpm1,573,1,3,5,33,34,40,42,64,69,70,72,73,80,85,95,96
clust_eq,lpm1,574,1,3,23,27,31,34,36,53,61,71,76,82,84,85,89,92
clust_eq,lpm1,575,14,24,25,29,32,33,37,41,62,68,72,87,92,94,98,100
clust_eq,lpm1,576,10,11,13,18,20,23,25,28,29,47,61,68,76,85,97,100
clust_eq,lpm1,577,2,11,26,27,32,40,42,51,52,60,66,73,77,82,92,95
clust_eq,lpm1,578,8,11,15,20,21,22,23,27,29,31,53,55,60,71,73,76
clust_eq,lpm1,579,14,16,21,22,26,34,35,49,50,51,52,59,82,85,96,100
clust_eq,lpm1,580,4,14,18,21,22,30,32,35,53,60,62,68,77,84,88,93
clust_eq,lpm1,581,1,3,13,14,27,28,42,51,53,58,74,83,90,92,95,100
clust_eq,lpm1,582,3,6,9,10,22,25,31,32,38,56,71,72,83,84,88,99
clust_eq,lpm1,583,2,20,27,28,29,31,33,34,41,50,53,60,62,64,75,87
clust_eq,lpm1,584,7,14,28,38,43,45,52,53,57,58,71,77,79,80,83,87
clust_eq,lpm1,585,6,10,28,31,37,38,40,49,58,59,61,71,87,88,94,98
clust_eq,lpm1,586,9,12,14,21,25,30,41,51,63,65,69,73,75,76,92,93
clust_eq,lpm1,587,6,15,17,20,28,29,33,49,51,54,60,61,74,87,88,96
clust_eq,lpm1,588,6,9,12,19,21,35,37,40,47,51,52,71,83,88,91,96
clust_eq,lpm1,589,2,29,31,35,38,43,44,50,65,67,78,82,84,85,88,98
clust_eq,lpm1,590,14,15,19,23,26,28,31,42,47,58,75,76,77,81,88,96
clust_eq,lpm1,591,6,8,12,18,22,35,47,50,53,66,67,68,72,98,99,100
clust_eq,lpm1,592,2,3,10,17,18,46,48,49,53,55,68,70,74,86,89,100
clust_eq,lpm1,593,4,7,8,10,22,27,37,38,52,62,66,68,81,89,90,97
clust_eq,lpm1,594,11,14,23,27,28,36,42,53,54,58,62,69,75,76,81,86
clust_eq,lpm1,595,2,15,18,22,25,27,30,33,50,62,73,74,89,93,96,98
clust_eq,lpm1,596,11,13,15,17,18,32,54,56,61,63,66,74,79,81,82,88
clust_eq,lpm1,597,3,7,13,20,21,22,35,45,50,54,57,77,85,86,96,97
clust_eq,lpm1,598,4,5,16,40,43,51,52,55,59,67,78,84,86,87,91,99
clust_eq,lpm1,599,4,12,22,23,24,27,38,42,54,55,58,59,60,67,68,78
clust_eq,lpm1,600,1,3,10,13,15,19,28,47,53,70,76,86,90,92,98,100
clust_eq,lpm1,601,8,13,20,22,24,26,34,43,44,47,48,61,78,80,84,86
clust_eq,lpm1,602,1,13,14,16,17,26,30,38,43,50,51,56,57,63,98,99
clust_eq,lpm1,603,1,2,6,24,28,38,57,64,69,70,80,81,84,88,91,93
clust_eq,lpm1,604,2,3,8,9,12,15,25,27,31,59,63,66,67,78,80,89
clust_eq,lpm1,605,3,13,33,43,47,48,58,61,64,67,68,72,74,77,79,97
clust_eq,lpm1,606,3,16,25,36,37,41,54,56,64,78,79,85,87,92,94,99
clust_eq,lpm1,607,9,24,38,44,45,47,50,51,52,57,61,89,91,92,96,99
clust_eq,lpm1,608,4,16,30,44,46,48,49,50,66,67,70,74,78,80,92,97
clust_eq,lpm1,609,7,10,12,20,23,31,37,38,42,45,47,48,51,52,75,96
clust_eq,lpm1,610,11,12,16,20,22,25,40,46,48,57,68,73,74,89,90,93
clust_eq,lpm1,611,8,20,21,25,39,44,45,48,51,54,56,63,69,76,79,90
clust_eq,lpm1,612,4,11,12,27,28,34,38,50,66,69,73,74,75,77,90,97
clust_eq,lpm1,613,4,6,11,17,18,21,27,30,34,42,48,52,71,84,91,99
clust_eq,lpm1,614,4,18,22,26,28,40,47,53,60,64,66,69,77,78,81,93
clust_eq,lpm1,615,7,17,21,34,43,49,50,60,70,74,75,90,91,92,99,100
clust_eq,lpm1,616,10,20,21,28,30,41,49,50,56,62,63,66,69,85,96,100
clust_eq,lpm1,617,9,13,20,23,25,29,32,38,45,51,54,59,75,82,90,97
clust_eq,lpm1,618,4,11,16,18,24,28,29,44,46,49,67,77,79,85,97,98
clust_eq,lpm1,619,5,7,11,13,27,28,29,37,44,47,50,71,73,79,92,98
clust_eq,lpm1,620,1,2,4,11,28,32,35,38,40,56,62,78,80,83,84,91
clust_eq,lpm1,621,1,3,13,16,19,20,31,35,37,39,58,71,77,78,79,85
clust_eq,lpm1,622,9,10,12,23,35,47,51,59,61,62,63,65,81,82,83,84
clust_eq,lpm1,623,18,20,22,27,38,48,50,61,62,74,84,90,95,96,97,100
clust_eq,lpm1,624,1,7,15,19,20,23,31,41,46,58,60,74,77,87,91,92
clust_eq,lpm1,625,8,31,36,37,42,45,48,52,59,64,69,79,84,97,98,99
clust_eq,lpm1,626,2,10,21,25,28,34,41,45,62,63,74,76,79,92,93,100
clust_eq,lpm1,627,17,21,22,29,34,39,42,44,51,53,66,72,73,74,82,86
clust_eq,lpm1,628,14,21,24,26,29,40,48,54,55,62,63,65,75,80,83,84
clust_eq,lpm1,629,4,6,8,11,14,21,26,48,49,52,54,79,83,85,90,99
clust_eq,lpm1,630,3,5,14,15,19,22,28,36,43,47,50,55,56,63,67,80
clust_eq,lpm1,631,4,24,26,30,41,45,50,53,58,76,84,89,90,92,98,99
clust_eq,lpm1,632,2,7,28,35,42,43,51,52,54,63,68,70,72,77,91,95
clust_eq,lpm1,633,3,10,16,19,22,27,34,40,41,50,57,66,69,76,86,97
clust_eq,lpm1,634,18,22,26,39,55,62,63,66,69,72,73,85,86,93,94,95
clust_eq,lpm1,635,17,18,20,24,32,45,53,54,59,61,70,76,77,79,90,99
clust_eq,lpm1,636,1,6,7,15,20,21,41,54,62,72,77,78,85,91,94,98
clust_eq,lpm1,637,6,7,9,18,29,35,40,45,47,56,59,64,71,73,82,91
clust_eq,lpm1,638,3,4,20,22,26,44,47,48,50,51,53,61,68,72,89,99
clust_eq,lpm1,639,8,13,21,22,30,31,32,40,44,54,64,71,89,91,95,97
clust_eq,lpm1,640,11,16,17,19,27,30,31,35,49,55,60,62,70,75,83,87
clust_eq,lpm1,641,24,41,45,50,52,56,57,60,61,65,71,75,84,86,89,92
clust_eq,lpm1,642,5,7,13,19,25,30,51,53,58,59,71,77,79,87,94,99
clust_eq,lpm1,643,6,13,18,31,33,37,39,45,47,52,71,82,85,87,94,98
clust_eq,lpm1,644,3,7,13,15,16,23,25,39,45,46,56,65,84,85,86,89
clust_eq,lpm1,645,1,10,12,20,21,35,43,50,57,58,60,63,66,69,72,73
clust_eq,lpm1,646,3,6,7,9,16,22,23,24,45,50,66,68,80,83,84,90
clust_eq,lpm1,647,4,14,18,24,26,29,47,50,53,59,69,85,88,93,97,99
clust_eq,lpm1,648,12,19,24,27,28,32,33,41,62,64,79,83,87,94,96,100
clust_eq,lpm1,649,9,23,25,27,37,52,53,59,74,76,77,80,87,88,89,91
clust_eq,lpm1,650,2,8,10,24,28,29,34,43,44,49,55,57,65,71,75,76
clust_eq,lpm1,651,4,8,11,35,39,48,49,52,61,71,78,79,83,84,86,90
clust_eq,lpm1,652,10,30,34,39,47,48,50,57,58,63,69,70,71,76,91,100
clust_eq,lpm1,653,8,11,16,20,22,25,30,31,33,41,44,54,60,72,82,95
clust_eq,lpm1,654,4,17,24,26,27,28,37,39,41,42,62,69,70,89,90,97
clust_eq,lpm1,655,7,9,10,14,15,37,50,51,56,57,65,74,88,92,93,98
clust_eq,lpm1,656,4,21,23,26,35,41,43,45,48,52,61,63,67,68,86,98
clust_eq,lpm1,657,11,61,63,72,75,76,77,80,81,86,87,88,89,93,95,100
clust_eq,lpm1,658,4,13,17,25,48,56,59,60,62,82,87,88,89,90,91,92
clust_eq,lpm1,659,11,19,20,21,23,27,44,55,56,60,66,74,79,81,97,100
clust_eq,lpm1,660,2,5,7,9,10,12,19,37,41,51,52,65,67,81,92,100
clust_eq,lpm1,661,4,7,10,12,13,15,16,27,30,38,48,50,52,59,63,67
clust_eq,lpm1,662,2,8,19,20,31,32,40,48,56,60,64,65,68,72,78,82
clust_eq,lpm1,663,4,9,12,16,17,19,20,22,32,71,72,77,80,85,91,92
clust_eq,lpm1,664,4,21,24,25,28,30,41,46,50,56,62,63,65,68,76,83
clust_eq,lpm1,665,10,11,28,36,40,42,45,52,60,66,69,79,80,86,94,98
clust_eq,lpm1,666,3,10,13,34,42,50,51,54,56,59,65,66,76,82,86,87
clust_eq,lpm1,667,4,5,7,9,13,15,17,32,35,39,44,56,79,84,89,92
clust_eq,lpm1,668,7,14,31,46,48,59,62,72,74,75,81,83,84,90,92,94
clust_eq,lpm1,669,30,34,36,39,40,45,52,64,74,75,78,80,81,90,92,99
clust_eq,lpm1,670,14,18,21,22,23,29,39,45,61,78,82,84,85,86,93,98
clust_eq,lpm1,671,1,6,14,21,31,44,56,65,71,72,81,82,85,86,88,94
clust_eq,lpm1,672,9,13,18,19,40,47,53,66,67,73,77,79,85,92,94,98
clust_eq,lpm1,673,5,6,7,15,19,24,26,39,41,47,49,68,70,77,89,93
clust_eq,lpm1,674,6,15,23,34,37,39,47,51,52,60,61,66,70,72,78,100
clust_eq,lpm1,675,1,2,4,18,26,39,45,48,56,61,65,71,76,81,89,93
clust_eq,lpm1,676,4,5,9,10,12,20,39,40,41,42,50,53,68,72,90,95
clust_eq,lpm1,677,1,3,6,7,15,18,20,26,48,54,58,72,76,90,94,96
clust_eq,lpm1,678,2,6,8,9,19,25,26,35,38,44,49,54,56,61,68,83
clust_eq,lpm1,679,1,2,13,14,16,35,40,55,73,84,86,91,93,94,95,96
clust_eq,lpm1,680,7,10,11,12,18,19,24,40,41,43,52,64,67,82,87,97
clust_eq,lpm1,681,2,5,8,10,22,23,24,29,30,31,34,65,80,87,89,97
clust_eq,lpm1,682,4,11,13,15,20,22,24,44,47,58,61,63,68,77,80,82
clust_eq,lpm1,683,6,7,9,16,22,34,38,49,50,52,58,59,80,88,95,99
clust_eq,lpm1,684,1,2,14,32,33,37,43,45,48,49,51,56,61,74,84,93
clust_eq,lpm1,685,7,16,26,27,28,31,39,40,41,44,53,60,66,75,89,94
clust_eq,lpm1,686,8,10,11,18,25,32,47,54,60,62,75,76,88,89,92,99
clust_eq,lpm1,687,6,7,17,21,35,36,37,44,45,59,67,70,73,90,91,99
clust_eq,lpm1,688,8,11,13,15,21,27,44,46,54,69,70,71,76,78,83,86
clust_eq,lpm1,689,2,16,23,24,28,31,39,43,46,58,62,76,79,81,83,88
clust_eq,lpm1,690,2,18,28,40,46,53,59,60,62,67,68,70,73,78,86,98
clust_eq,lpm1,691,2,10,11,13,25,67,71,76,78,82,88,92,93,94,95,100
clust_eq,lpm1,692,16,43,44,51,56,57,65,66,67,68,82,87,88,93,95,97
clust_eq,lpm1,693,1,2,12,23,31,33,35,36,48,61,73,83,84,86,93,96
clust_eq,lpm1,694,3,7,9,21,29,30,39,46,51,65,71,72,79,84,85,89
clust_eq,lpm1,695,3,8,10,13,21,22,39,44,53,54,55,67,83,84,85,99
clust_eq,lpm1,696,3,21,24,27,32,42,50,51,53,54,58,60,64,78,79,89
clust_eq,lpm1,697,5,15,16,20,25,26,31,37,40,41,42,59,77,91,92,93
clust_eq,lpm1,698,3,6,22,35,39,41,44,46,47,57,64,73,86,94,95,98
clust_eq,lpm1,699,1,12,13,17,20,30,34,38,47,55,57,62,71,88,96,97
clust_eq,lpm1,700,2,3,11,16,19,22,26,28,34,55,57,66,70,74,78,94
clust_eq,lpm1,701,10,12,15,20,23,39,41,58,69,73,74,80,81,86,91,97
clust_eq,lpm1,702,8,11,13,16,21,24,27,31,33,52,59,64,79,82,83,85
clust_eq,lpm1,703,31,37,41,49,56,62,63,66,67,69,75,81,85,91,92,94
clust_eq,lpm1,704,1,2,15,18,32,36,38,48,55,56,62,63,79,86,88,93
clust_eq,lpm1,705,8,10,36,38,40,42,43,58,64,65,69,73,80,90,97,99
clust_eq,lpm1,706,6,7,20,21,30,33,38,41,48,65,72,73,75,81,93,94
clust_eq,lpm1,707,6,9,29,30,35,36,42,49,53,55,67,73,77,79,89,93
clust_eq,lpm1,708,2,4,9,15,22,25,26,27,30,35,40,43,57,58,59,67
clust_eq,lpm1,709,1,10,14,16,29,31,36,38,53,56,60,67,84,94,96,98
clust_eq,lpm1,710,4,7,9,11,13,14,21,24,29,44,54,67,77,82,91,97
clust_eq,lpm1,711,4,23,38,49,55,64,65,68,74,77,78,84,86,93,96,98
clust_eq,lpm1,712,4,9,10,16,25,29,34,37,45,49,50,71,76,90,96,97
clust_eq,lpm1,713,1,8,9,10,19,35,36,55,69,70,72,83,91,93,96,99
clust_eq,lpm1,714,2,7,8,10,24,30,48,52,53,54,57,70,72,79,83,92
clust_eq,lpm1,715,3,8,16,23,26,31,32,34,36,48,63,71,74,75,84,96
clust_eq,lpm1,716,6,18,28,31,42,44,46,50,58,59,60,65,66,68,83,90
clust_eq,lpm1,717,1,8,15,18,21,36,37,40,54,61,63,65,66,72,76,98
clust_eq,lpm1,718,2,3,4,10,13,15,16,25,29,40,45,46,53,66,68,76
clust_eq,lpm1,719,2,8,11,14,27,31,33,34,36,41,48,52,55,63,76,85
clust_eq,lpm1,720,5,8,19,22,25,30,32,40,48,66,78,80,88,91,93,98
clust_eq,lpm1,721,3,10,30,45,54,61,65,66,70,74,75,77,81,82,89,96
clust_eq,lpm1,722,23,34,36,38,51,59,61,65,73,74,75,77,78,86,90,93
clust_eq,lpm1,723,2,9,24,26,29,31,39,55,62,64,75,77,84,88,89,97
clust_eq,lpm1,724,4,6,11,18,20,23,33,34,42,47,62,72,76,77,85,99
clust_eq,lpm1,725,10,12,17,18,35,36,42,65,68,69,71,72,85,86,92,98
clust_eq,lpm1,726,8,9,15,27,34,39,47,49,61,62,63,70,73,76,79,80
clust_eq,lpm1,727,10,13,20,21,24,42,45,52,54,59,60,65,82,86,94,97
clust_eq,lpm1,728,7,19,33,35,36,40,51,56,60,62,71,75,88,89,92,99
clust_eq,lpm1,729,4,5,8,10,24,28,47,54,61,62,68,80,83,91,93,96
clust_eq,lpm1,730,6,27,31,39,47,64,67,69,70,73,74,75,86,91,93,95
clust_eq,lpm1,731,5,9,14,15,16,27,29,31,41,46,50,53,62,68,78,83
clust_eq,lpm1,732,4,14,16,21,34,38,43,49,58,63,68,75,77,80,85,94
clust_eq,lpm1,733,6,12,30,38,55,58,59,69,72,80,83,85,91,94,99,100
clust_eq,lpm1,734,1,14,18,22,34,47,50,60,63,72,74,78,87,93,99,100
clust_eq,lpm1,735,5,10,13,14,16,31,34,37,40,65,75,87,88,92,93,94
clust_eq,lpm1,736,3,13,15,17,19,29,31,37,38,42,46,59,60,64,67,91
clust_eq,lpm1,737,8,13,14,22,24,42,46,51,62,69,73,78,82,83,86,96
clust_eq,lpm1,738,7,16,22,25,33,43,48,57,66,68,77,88,89,93,95,100
clust_eq,lpm1,739,1,4,16,20,29,38,46,50,51,66,78,86,91,92,98,99
clust_eq,lpm1,740,1,2,4,10,12,17,20,22,29,38,46,54,81,82,86,98
clust_eq,lpm1,741,10,13,15,20,23,25,27,29,38,39,69,74,75,80,82,92
clust_eq,lpm1,742,3,6,8,9,11,32,34,35,41,60,72,79,84,87,88,89
clust_eq,lpm1,743,3,7,9,13,14,15,22,47,54,59,70,74,78,89,94,97
clust_eq,lpm1,744,2,18,27,28,30,36,39,40,42,53,66,75,77,84,89,94
clust_eq,lpm1,745,14,21,33,36,38,40,48,55,58,65,68,70,80,83,95,100
clust_eq,lpm1,746,2,12,14,24,28,32,36,49,51,55,62,68,86,91,92,97
clust_eq,lpm1,747,6,7,8,11,21,31,32,36,38,44,46,64,70,86,88,95
clust_eq,lpm1,748,1,5,7,17,19,28,31,42,44,60,65,70,72,88,97,98
clust_eq,lpm1,749,3,7,8,18,37,42,43,60,66,70,72,75,83,88,91,99
clust_eq,lpm1,750,1,16,17,20,24,25,33,38,45,51,56,57,62,65,86,92
clust_eq,lpm1,751,13,19,25,27,29,31,37,48,59,62,64,67,87,91,96,99
clust_eq,lpm1,752,5,20,21,27,30,40,41,48,55,56,63,73,78,79,84,90
clust_eq,lpm1,753,5,10,12,18,19,31,42,48,53,59,69,83,90,93,94,99
clust_eq,lpm1,754,2,10,12,13,22,24,27,43,48,52,54,55,60,71,80,81
clust_eq,lpm1,755,2,3,14,18,19,23,29,37,38,39,55,63,73,85,91,98
clust_eq,lpm1,756,14,43,44,55,70,72,76,78,79,83,85,86,87,91,94,100
clust_eq,lpm1,757,1,7,10,16,17,48,53,67,76,77,80,81,85,92,96,100
clust_eq,lpm1,758,4,5,15,20,40,45,51,55,68,70,79,82,90,94,96,97
clust_eq,lpm1,759,2,5,9,14,17,21,46,49,51,54,59,63,70,79,93,98
clust_eq,lpm1,760,8,31,38,40,46,48,53,56,61,67,71,72,79,81,96,99
clust_eq,lpm1,761,10,11,15,16,17,19,31,36,44,53,55,75,76,81,85,89
clust_eq,lpm1,762,2,6,32,36,37,39,42,45,49,66,70,76,77,85,91,93
clust_eq,lpm1,763,21,31,36,39,40,46,54,66,69,70,76,81,85,91,97,98
clust_eq,lpm1,764,3,6,14,16,30,31,38,41,45,50,53,68,77,83,84,87
clust_eq,lpm1,765,2,8,9,12,15,25,26,34,35,37,53,57,62,73,80,96
clust_eq,lpm1,766,2,6,11,14,22,29,33,36,44,48,50,69,72,73,83,85
clust_eq,lpm1,767,2,6,7,11,24,26,31,41,52,62,64,72,81,82,84,94
clust_eq,lpm1,768,3,18,19,21,33,65,67,68,69,70,76,77,85,86,92,100
clust_eq,lpm1,769,5,10,15,16,22,37,39,41,49,52,53,55,58,64,73,83
clust_eq,lpm1,770,1,2,5,9,18,20,23,32,34,46,49,63,65,70,77,99
clust_eq,lpm1,771,12,16,19,20,24,32,39,45,66,73,78,85,91,93,94,99
clust_eq,lpm1,772,1,12,14,15,17,26,30,47,53,57,72,74,76,80,97,98
clust_eq,lpm1,773,2,3,12,24,34,43,49,55,58,68,79,82,86,88,89,100
clust_eq,lpm1,774,1,7,13,20,34,35,43,51,52,53,56,58,64,73,86,99
clust_eq,lpm1,775,4,15,16,19,30,40,42,43,46,49,58,64,66,77,78,83
clust_eq,lpm1,776,8,11,18,32,35,52,55,56,60,64,68,72,79,82,88,97
clust_eq,lpm1,777,2,5,8,13,26,27,55,56,57,62,67,71,75,81,82,92
clust_eq,lpm1,778,2,4,8,10,20,24,28,30,34,38,42,88,91,92,93,97
clust_eq,lpm1,779,6,13,28,29,31,40,42,46,59,64,67,72,81,84,85,94
clust_eq,lpm1,780,7,16,19,24,37,51,52,56,60,63,65,72,81,87,92,100
clust_eq,lpm1,781,4,11,24,32,33,38,40,51,61,62,68,82,88,90,92,93
clust_eq,lpm1,782,9,27,36,50,51,55,63,66,75,76,77,81,83,85,91,93
clust_eq,lpm1,783,2,16,23,36,39,43,46,48,51,52,56,63,64,67,71,100
clust_eq,lpm1,784,1,21,34,46,50,53,55,56,57,60,71,72,78,80,82,93
clust_eq,lpm1,785,1,2,24,27,29,34,38,46,50,55,57,65,85,89,97,100
clust_eq,lpm1,786,3,7,8,18,32,43,48,49,58,71,76,78,79,87,91,100
clust_eq,lpm1,787,5,11,18,23,25,27,30,52,53,60,67,73,87,90,91,97
clust_eq,lpm1,788,2,7,26,37,40,51,56,75,76,81,92,94,97,98,99,100
clust_eq,lpm1,789,2,5,7,12,19,24,25,28,57,68,80,86,88,91,93,96
clust_eq,lpm1,790,2,18,20,26,38,49,58,63,74,75,77,81,88,94,96,99
clust_eq,lpm1,791,4,6,8,27,35,37,47,62,65,67,75,81,82,84,89,92
clust_eq,lpm1,792,5,6,9,10,12,20,21,22,36,39,50,52,54,61,66,80
clust_eq,lpm1,793,9,12,14,19,24,36,39,62,72,76,77,81,87,91,92,98
clust_eq,lpm1,794,1,2,7,14,18,26,28,39,41,56,74,78,83,86,88,93
clust_eq,lpm1,795,7,10,16,22,29,31,37,38,45,56,63,74,84,95,96,98
clust_eq,lpm1,796,1,7,8,16,18,28,31,33,56,60,62,74,83,88,95,96
clust_eq,lpm1,797,6,7,9,15,17,18,19,26,52,66,72,77,85,90,96,98
clust_eq,lpm1,798,7,11,15,20,26,29,37,45,47,48,50,51,62,76,97,100
clust_eq,lpm1,799,13,14,15,24,27,40,42,44,51,59,67,75,84,86,91,98
clust_eq,lpm1,800,1,5,7,10,14,23,47,51,58,62,65,72,82,86,92,100
clust_eq,lpm1,801,2,3,6,10,15,18,19,20,28,35,36,39,40,42,58,68
clust_eq,lpm1,802,3,6,9,11,12,16,23,49,57,63,66,73,81,83,84,99
clust_eq,lpm1,803,3,7,12,18,42,45,54,63,67,71,75,78,86,92,94,99
clust_eq,lpm1,804,4,5,10,11,15,18,21,22,50,62,66,67,69,84,93,98
clust_eq,lpm1,805,2,6,9,12,33,36,42,46,50,51,55,62,65,76,88,95
clust_eq,lpm1,806,8,9,21,26,41,43,49,61,68,70,73,74,81,82,89,97
clust_eq,lpm1,807,2,17,27,32,33,34,35,36,38,40,52,54,79,80,96,99
clust_eq,lpm1,808,13,14,25,33,44,47,50,57,60,68,88,90,93,95,97,99
clust_eq,lpm1,809,6,13,17,25,29,37,39,45,54,60,67,69,74,89,91,95
clust_eq,lpm1,810,11,24,27,32,38,48,50,53,55,62,68,80,84,88,90,93
clust_eq,lpm1,811,2,8,12,29,33,34,38,48,54,55,65,66,80,82,88,92
clust_eq,lpm1,812,5,7,11,21,27,29,30,48,57,62,63,66,79,80,83,94
clust_eq,lpm1,813,10,17,18,22,36,42,48,59,62,66,73,74,77,83,89,97
clust_eq,lpm1,814,1,3,16,18,34,37,46,54,63,64,70,85,90,91,94,99
clust_eq,lpm1,815,4,5,14,29,42,44,46,47,48,50,65,72,73,83,86,92
clust_eq,lpm1,816,6,24,25,29,31,33,44,47,50,67,72,75,76,80,82,83
clust_eq,lpm1,817,2,10,13,25,28,30,32,46,50,56,62,64,73,74,96,97
clust_eq,lpm1,818,1,4,11,19,25,26,34,35,37,38,42,62,63,77,82,94
clust_eq,lpm1,819,1,2,6,8,12,14,32,37,38,45,51,52,55,79,96,100
clust_eq,lpm1,820,3,7,21,22,28,29,31,41,43,68,74,86,88,89,97,98
clust_eq,lpm1,821,1,39,40,44,45,46,47,50,51,55,60,66,76,78,83,99
clust_eq,lpm1,822,3,12,13,30,31,48,50,55,63,66,67,75,87,88,91,95
clust_eq,lpm1,823,2,11,25,29,30,36,44,46,48,54,59,71,74,89,91,94
clust_eq,lpm1,824,5,9,11,20,25,26,29,54,57,61,62,72,75,90,92,95
clust_eq,lpm1,825,3,5,7,9,12,39,42,57,67,75,77,88,95,97,99,100
clust_eq,lpm1,826,1,14,18,34,43,49,61,64,70,73,77,86,90,91,97,99
clust_eq,lpm1,827,7,9,14,15,16,29,33,49,50,51,54,56,65,67,85,97
clust_eq,lpm1,828,3,4,9,15,22,27,32,43,55,58,66,76,77,81,92,97
clust_eq,lpm1,829,3,5,6,7,11,13,15,37,50,56,57,66,67,84,87,91
clust_eq,lpm1,830,5,6,9,17,18,19,34,36,37,47,49,81,89,93,95,96
clust_eq,lpm1,831,2,5,10,14,16,22,23,29,39,41,45,57,63,67,77,82
clust_eq,lpm1,832,3,4,6,18,26,28,34,35,38,47,50,53,70,75,84,87
clust_eq,lpm1,833,2,3,8,27,28,41,43,46,61,64,65,67,73,84,95,98
clust_eq,lpm1,834,7,8,11,14,18,29,33,35,42,45,54,57,62,71,82,86
clust_eq,lpm1,835,5,13,14,25,28,31,40,45,47,53,54,56,61,75,93,96
clust_eq,lpm1,836,10,11,12,20,23,48,55,66,72,74,75,80,81,88,90,92
clust_eq,lpm1,837,1,6,15,16,18,21,23,24,27,31,44,56,59,60,83,91
clust_eq,lpm1,838,6,11,14,18,25,26,47,48,52,56,61,73,76,82,91,94
clust_eq,lpm1,839,9,21,32,33,35,36,37,39,61,62,72,77,83,88,93,99
clust_eq,lpm1,840,5,15,21,22,24,37,42,44,46,56,67,78,80,96,97,100
clust_eq,lpm1,841,2,17,19,22,26,38,45,50,52,59,71,73,74,83,86,97
clust_eq,lpm1,842,3,9,18,24,29,45,54,55,65,69,76,78,79,83,84,99
clust_eq,lpm1,843,21,25,27,30,32,36,39,46,52,68,70,77,80,89,95,97
clust_eq,lpm1,844,9,11,29,38,40,49,50,57,61,63,67,82,85,87,91,100
clust_eq,lpm1,845,7,29,31,42,43,44,45,56,66,73,76,78,80,85,89,92
clust_eq,lpm1,846,7,8,24,34,36,40,51,54,65,71,75,86,87,92,93,97
clust_eq,lpm1,847,2,4,11,13,16,18,19,26,28,34,56,58,60,74,89,91
clust_eq,lpm1,848,6,14,18,31,35,45,48,56,62,68,81,83,84,87,94,96
clust_eq,lpm1,849,3,8,12,16,32,35,51,55,73,78,79,82,85,88,89,96
clust_eq,lpm1,850,12,19,21,25,26,27,32,38,47,50,51,52,66,74,75,96
clust_eq,lpm1,851,6,13,22,23,27,29,32,39,54,61,71,74,76,82,83,84
clust_eq,lpm1,852,4,6,27,33,46,52,55,60,67,70,71,74,80,87,92,99
clust_eq,lpm1,853,4,9,15,17,18,29,42,44,45,49,53,67,69,74,79,96
clust_eq,lpm1,854,3,6,11,12,16,17,20,27,42,54,57,64,74,79,95,99
clust_eq,lpm1,855,2,8,9,12,16,35,39,46,51,52,65,76,78,98,99,100
clust_eq,lpm1,856,17,31,33,37,43,44,55,59,60,69,71,72,73,76,80,90
clust_eq,lpm1,857,7,8,20,26,30,42,47,49,52,60,88,91,95,96,97,100
clust_eq,lpm1,858,17,25,28,44,47,53,56,73,74,78,79,80,84,89,92,98
clust_eq,lpm1,859,4,9,10,14,25,30,32,34,38,40,41,50,58,65,84,96
clust_eq,lpm1,860,17,21,22,24,28,30,51,54,67,70,72,77,78,88,96,98
clust_eq,lpm1,861,1,4,8,9,14,24,29,32,33,37,45,46,80,81,83,96
clust_eq,lpm1,862,2,6,13,32,33,35,40,46,50,57,58,68,86,95,96,98
clust_eq,lpm1,863,9,12,18,23,27,33,46,61,71,74,76,83,87,93,96,100
clust_eq,lpm1,864,7,9,20,23,35,41,47,54,56,63,65,72,84,93,96,99
clust_eq,lpm1,865,1,3,4,18,23,25,30,33,39,56,60,63,67,69,87,95
clust_eq,lpm1,866,2,3,7,8,14,18,25,27,31,65,67,74,77,78,79,99
clust_eq,lpm1,867,7,19,21,27,41,58,60,63,71,73,81,86,91,92,94,99
clust_eq,lpm1,868,4,11,14,18,25,28,33,37,38,41,42,44,68,71,77,93
clust_eq,lpm1,869,8,23,26,27,29,30,34,36,69,71,73,76,82,87,96,97
clust_eq,lpm1,870,7,10,13,17,20,31,39,48,63,70,73,74,76,81,87,91
clust_eq,lpm1,871,4,14,18,33,35,50,54,58,61,62,68,79,83,85,86,90
clust_eq,lpm1,872,5,6,11,12,27,40,47,51,54,60,64,75,81,91,93,98
clust_eq,lpm1,873,8,21,22,29,31,38,49,53,67,78,85,86,89,92,93,98
clust_eq,lpm1,874,3,13,14,16,33,46,48,58,69,73,75,80,82,83,92,94
clust_eq,lpm1,875,4,20,21,23,39,41,46,48,56,60,61,62,71,79,81,84
clust_eq,lpm1,876,3,8,12,20,26,31,35,45,47,48,54,65,69,97,98,99
clust_eq,lpm1,877,5,9,17,24,27,32,46,56,59,62,73,80,87,89,91,97
clust_eq,lpm1,878,4,20,23,26,32,37,38,53,54,61,62,70,72,74,80,96
clust_eq,lpm1,879,3,11,20,32,35,39,41,47,60,72,77,78,82,88,94,98
clust_eq,lpm1,880,12,23,26,27,42,47,48,58,65,67,73,76,80,84,96,99
clust_eq,lpm1,881,1,6,21,31,34,36,37,40,48,52,61,65,71,76,77,88
clust_eq,lpm1,882,8,19,42,43,46,48,51,56,57,62,67,68,69,74,76,97
clust_eq,lpm1,883,2,3,7,8,13,26,27,28,38,39,54,66,74,75,94,98
clust_eq,lpm1,884,2,7,8,9,26,31,38,43,44,52,54,65,74,78,95,98
clust_eq,lpm1,885,5,8,9,10,23,31,36,41,55,63,65,66,68,89,90,93
clust_eq,lpm1,886,10,11,13,15,42,50,52,57,60,66,69,81,83,84,88,92
clust_eq,lpm1,887,14,16,23,26,34,36,41,48,53,58,59,62,74,86,92,100
clust_eq,lpm1,888,6,15,19,20,29,32,37,39,40,47,57,70,81,85,88,91
clust_eq,lpm1,889,4,17,20,33,35,39,40,47,52,54,55,64,78,79,80,99
clust_eq,lpm1,890,2,7,12,17,18,26,38,42,44,48,57,59,65,66,78,95
clust_eq,lpm1,891,2,3,13,20,33,37,40,56,57,60,65,73,74,87,92,98
clust_eq,lpm1,892,2,3,4,7,17,19,26,39,45,60,63,65,74,77,83,95
clust_eq,lpm1,893,4,22,27,34,40,41,50,53,55,60,62,64,69,82,95,96
clust_eq,lpm1,894,11,21,25,40,46,55,56,63,68,72,76,79,80,85,94,95
clust_eq,lpm1,895,8,12,18,35,37,38,43,46,47,49,52,55,79,85,88,98
clust_eq,lpm1,896,10,19,25,38,50,61,70,72,74,75,84,87,88,89,92,95
clust_eq,lpm1,897,3,12,14,23,28,30,31,42,43,51,69,74,75,83,88,91
clust_eq,lpm1,898,1,4,5,6,10,15,29,30,32,50,57,62,65,81,87,88
clust_eq,lpm1,899,7,11,12,15,17,20,35,36,38,45,52,54,63,68,79,90
clust_eq,lpm1,900,3,4,8,18,21,22,26,38,39,54,61,63,82,85,86,98
clust_eq,lpm1,901,10,12,13,24,32,34,48,51,54,59,79,82,89,90,93,94
clust_eq,lpm1,902,2,9,14,29,41,43,53,61,62,68,74,76,78,84,94,100
clust_eq,lpm1,903,6,10,21,23,37,46,54,55,62,71,77,80,83,92,95,99
clust_eq,lpm1,904,1,3,12,14,21,26,38,43,54,57,61,65,67,72,85,94
clust_eq,lpm1,905,20,24,31,37,47,50,51,52,56,61,63,65,71,72,75,96
clust_eq,lpm1,906,3,6,21,26,33,35,45,48,51,58,67,68,81,84,89,95
clust_eq,lpm1,907,4,8,12,15,33,35,41,42,43,49,69,75,89,94,97,98
clust_eq,lpm1,908,3,10,12,14,19,38,41,51,63,69,71,73,77,87,96,98
clust_eq,lpm1,909,4,9,14,16,30,32,41,43,46,50,56,57,63,74,75,95
clust_eq,lpm1,910,6,17,22,33,34,37,42,45,52,57,71,73,76,85,87,96
clust_eq,lpm1,911,8,11,21,22,25,26,27,29,31,35,40,60,61,80,92,99
clust_eq,lpm1,912,2,8,10,13,20,22,25,28,40,51,60,66,68,71,94,100
clust_eq,lpm1,913,7,8,21,24,48,53,57,59,62,67,72,73,76,78,79,89
clust_eq,lpm1,914,1,4,10,14,25,34,40,42,49,51,60,62,92,93,95,97
clust_eq,lpm1,915,5,8,12,18,27,30,34,43,48,54,59,61,64,79,84,90
clust_eq,lpm1,916,1,3,15,20,21,26,33,36,37,47,70,72,74,77,80,81
clust_eq,lpm1,917,3,5,12,26,34,36,42,51,55,59,73,89,94,95,97,99
clust_eq,lpm1,918,7,11,12,23,29,35,38,45,57,63,68,71,78,80,85,98
clust_eq,lpm1,919,18,19,21,24,28,31,40,43,55,58,60,65,69,78,83,97
clust_eq,lpm1,920,11,15,16,20,22,28,32,35,39,40,46,54,57,60,70,93
clust_eq,lpm1,921,22,31,37,39,42,46,48,50,52,56,64,65,67,72,85,90
clust_eq,lpm1,922,5,7,21,23,29,41,46,48,51,59,63,65,67,70,79,95
clust_eq,lpm1,923,10,13,20,28,31,32,70,76,79,80,81,84,86,93,96,98
clust_eq,lpm1,924,4,9,26,30,32,34,35,37,41,42,49,52,56,89,91,97
clust_eq,lpm1,925,6,31,33,46,47,48,49,50,59,74,76,81,83,88,89,93
clust_eq,lpm1,926,3,10,18,21,23,30,38,49,50,54,63,66,69,92,95,98
clust_eq,lpm1,927,12,19,20,21,22,26,34,41,44,51,58,63,66,74,86,92
clust_eq,lpm1,928,3,4,7,39,41,42,46,53,60,68,70,72,87,94,98,99
clust_eq,lpm1,929,2,4,5,8,12,18,24,33,52,55,59,65,69,72,81,82
clust_eq,lpm1,930,4,11,29,35,41,47,55,56,64,79,82,84,86,87,88,94
clust_eq,lpm1,931,8,19,20,22,35,40,47,51,60,61,70,84,88,96,97,98
clust_eq,lpm1,932,5,11,19,20,31,33,42,48,50,52,56,64,69,72,79,87
clust_eq,lpm1,933,2,6,35,37,41,46,49,59,69,70,71,73,81,89,91,94
clust_eq,lpm1,934,5,7,14,23,28,38,42,57,62,63,65,70,72,75,90,96
clust_eq,lpm1,935,1,6,24,36,38,42,46,54,59,62,67,72,87,93,98,99
clust_eq,lpm1,936,8,22,23,38,39,45,51,53,54,55,58,67,71,85,95,98
clust_eq,lpm1,937,4,15,17,19,21,22,28,39,51,52,60,66,67,78,88,98
clust_eq,lpm1,938,3,6,12,38,40,45,46,49,53,61,64,74,82,84,90,98
clust_eq,lpm1,939,3,5,9,20,21,23,24,34,42,43,45,46,57,65,70,80
clust_eq,lpm1,940,12,13,15,17,18,31,33,42,47,52,60,68,74,89,96,98
clust_eq,lpm1,941,2,14,17,29,31,32,33,38,40,43,48,49,68,74,88,98
clust_eq,lpm1,942,3,13,23,26,30,44,45,48,55,76,79,83,89,90,96,100
clust_eq,lpm1,943,1,2,7,16,31,39,44,51,52,72,76,85,89,91,95,97
clust_eq,lpm1,944,1,4,9,11,17,18,19,21,25,40,45,60,61,62,67,95
clust_eq,lpm1,945,7,8,14,16,26,32,37,54,68,70,80,85,88,94,96,99
clust_eq,lpm1,946,4,18,22,27,29,33,34,43,64,68,71,82,84,87,94,95
clust_eq,lpm1,947,5,12,14,23,34,39,46,48,54,57,77,78,79,81,86,87
clust_eq,lpm1,948,11,18,23,26,34,47,53,58,69,73,77,78,79,86,95,99
clust_eq,lpm1,949,4,24,29,33,40,47,48,49,51,65,81,82,83,87,92,97
clust_eq,lpm1,950,3,9,10,11,18,23,35,38,45,53,55,71,77,81,84,98
clust_eq,lpm1,951,8,13,20,27,30,32,35,37,39,40,42,52,73,85,91,97
clust_eq,lpm1,952,22,23,35,43,44,48,49,51,56,60,68,69,73,75,87,98
clust_eq,lpm1,953,3,14,17,19,25,28,30,38,40,47,51,59,68,72,91,92
clust_eq,lpm1,954,4,22,23,25,42,47,52,54,76,77,78,82,83,88,95,96
clust_eq,lpm1,955,11,14,18,21,30,33,36,46,52,54,55,58,59,74,82,83
clust_eq,lpm1,956,1,8,12,21,24,33,44,51,55,57,78,82,84,85,90,92
clust_eq,lpm1,957,1,16,20,28,30,31,43,52,56,60,72,78,90,91,94,98
clust_eq,lpm1,958,10,14,16,19,31,40,43,62,63,77,79,80,86,89,95,98
clust_eq,lpm1,959,2,3,6,24,26,27,28,32,34,39,40,51,54,65,71,85
clust_eq,lpm1,960,1,7,12,18,38,43,47,53,64,71,72,74,93,94,97,100
clust_eq,lpm1,961,4,12,13,32,33,38,46,48,52,59,68,71,80,82,83,90
clust_eq,lpm1,962,5,26,30,35,39,44,47,49,53,58,61,73,77,80,81,99
clust_eq,lpm1,963,4,5,7,10,30,47,62,66,72,83,84,91,93,94,96,99
clust_eq,lpm1,964,4,9,16,20,25,35,37,44,46,50,59,72,77,78,84,99
clust_eq,lpm1,965,1,15,17,18,28,33,38,49,52,66,68,69,73,83,87,97
clust_eq,lpm1,966,2,4,10,15,23,32,34,37,41,43,58,59,65,72,85,89
clust_eq,lpm1,967,1,6,7,10,13,21,29,31,35,42,53,62,67,76,80,85
clust_eq,lpm1,968,2,12,17,20,25,31,33,38,49,59,66,80,82,88,92,95
clust_eq,lpm1,969,3,16,20,22,25,31,32,37,39,48,50,64,78,80,88,91
clust_eq,lpm1,970,17,30,32,34,48,49,50,51,56,65,74,79,81,90,96,100
clust_eq,lpm1,971,10,19,31,32,37,38,41,43,50,58,59,64,71,80,83,99
clust_eq,lpm1,972,6,9,13,16,23,27,30,42,51,54,56,79,83,85,90,92
clust_eq,lpm1,973,3,11,16,34,36,41,46,47,48,50,54,58,63,66,74,79
clust_eq,lpm1,974,2,4,15,19,24,25,52,58,59,65,72,77,78,79,86,87
clust_eq,lpm1,975,1,16,24,26,27,54,55,57,63,67,70,71,76,84,86,93
clust_eq,lpm1,976,3,4,5,9,10,13,15,16,25,27,34,50,58,68,91,97
clust_eq,lpm1,977,3,17,19,24,28,31,32,33,42,49,50,64,65,75,97,98
clust_eq,lpm1,978,12,14,18,24,28,30,34,46,49,52,55,73,87,91,94,96
clust_eq,lpm1,979,2,3,12,32,36,50,60,63,66,68,72,79,80,82,89,96
clust_eq,lpm1,980,2,18,28,34,38,41,42,45,52,53,56,66,73,74,79,96
clust_eq,lpm1,981,5,9,18,23,27,33,41,42,43,47,59,64,70,84,98,99
clust_eq,lpm1,982,9,20,36,38,41,47,54,56,59,75,81,82,88,90,93,97
clust_eq,lpm1,983,9,13,15,16,18,23,24,26,34,37,39,52,65,70,75,81
clust_eq,lpm1,984,14,16,23,24,28,29,36,50,54,59,63,79,86,88,90,98
clust_eq,lpm1,985,17,18,37,39,51,53,56,60,64,69,71,72,78,79,87,98
clust_eq,lpm1,986,3,8,19,26,29,35,38,47,55,57,63,68,81,86,87,91
clust_eq,lpm1,987,7,15,19,24,26,42,51,52,56,68,79,86,88,89,92,94
clust_eq,lpm1,988,2,3,12,14,19,33,35,36,45,69,79,80,83,86,92,95
clust_eq,lpm1,989,8,13,27,32,44,55,58,60,64,65,68,71,79,82,88,98
clust_eq,lpm1,990,3,11,14,33,35,36,40,58,69,72,73,75,83,86,95,97
clust_eq,lpm1,991,11,23,26,29,31,38,45,53,55,56,64,66,68,80,95,98
clust_eq,lpm1,992,1,2,10,20,28,29,45,49,57,59,60,61,74,77,81,97
clust_eq,lpm1,993,6,7,22,23,24,32,33,51,57,58,60,82,88,89,90,96
clust_eq,lpm1,994,12,24,30,33,38,41,47,52,54,59,68,69,72,82,94,98
clust_eq,lpm1,995,2,7,49,51,62,65,70,71,73,75,76,81,86,94,95,97
clust_eq,lpm1,996,1,19,29,30,34,42,48,56,57,65,69,72,76,89,94,96
clust_eq,lpm1,997,2,3,15,28,34,35,41,54,60,63,67,68,72,77,79,84
clust_eq,lpm1,998,1,2,7,13,27,30,31,34,35,43,48,50,65,71,77,97
clust_eq,lpm1,999,1,4,17,20,21,27,29,51,61,64,66,68,74,86,96,97
clust_eq,lpm1,1000,3,20,29,30,36,45,47,50,61,63,66,75,84,85,92,99
clust_eq,lpm1,1001,7,10,13,29,40,47,54,57,62,71,76,79,81,82,85,92
clust_eq,lpm1,1002,6,10,17,28,38,52,53,56,67,69,71,72,84,86,90,100
clust_eq,lpm1,1003,5,11,22,30,40,45,47,49,50,51,52,61,71,87,97,99
clust_eq,lpm1,1004,1,13,21,31,37,45,47,50,56,67,77,84,85,91,92,95
clust_eq,lpm1,1005,7,10,15,20,23,28,35,36,37,41,43,45,47,70,77,79
clust_eq,lpm1,1006,6,14,17,31,39,40,41,46,67,69,72,74,78,81,82,90
clust_eq,lpm1,1007,13,17,40,47,53,60,61,66,70,73,74,75,80,83,84,91
clust_eq,lpm1,1008,10,14,25,28,30,34,42,44,51,56,59,74,80,88,91,97
clust_eq,lpm1,1009,2,6,16,28,29,34,35,37,45,51,54,62,65,77,89,92
clust_eq,lpm1,1010,3,6,10,18,34,54,55,64,67,68,72,74,82,90,92,94
clust_eq,lpm1,1011,20,21,29,32,35,36,38,43,50,51,54,55,63,75,88,95
clust_eq,lpm1,1012,3,6,20,26,32,41,58,60,66,73,74,79,81,82,84,96
clust_eq,lpm1,1013,3,5,9,10,13,21,24,56,57,58,65,69,71,73,79,83
clust_eq,lpm1,1014,3,8,14,26,31,37,47,53,59,60,61,64,70,72,78,84
clust_eq,lpm1,1015,20,26,31,34,38,49,55,62,63,65,68,70,80,85,94,99
clust_eq,lpm1,1016,9,12,26,27,29,34,39,41,53,54,61,71,75,76,77,85
clust_eq,lpm1,1017,1,14,29,30,32,46,49,51,56,61,62,65,73,76,87,95
clust_eq,lpm1,1018,2,4,8,14,15,16,18,25,39,43,48,68,74,78,91,93
clust_eq,lpm1,1019,1,11,18,21,33,35,48,50,55,67,70,71,78,88,93,99
clust_eq,lpm1,1020,6,11,14,16,19,23,25,33,34,44,57,68,72,82,85,86
clust_eq,lpm1,1021,3,10,20,30,41,48,61,64,72,73,74,77,81,91,96,97
clust_eq,lpm1,1022,21,27,31,36,43,52,59,63,64,65,67,69,74,77,86,95
clust_eq,lpm1,1023,6,20,23,29,45,46,48,54,55,56,76,80,87,90,91,96
clust_eq,lpm1,1024,9,11,12,14,23,25,29,33,34,49,51,64,75,82,87,88
clust_eq,lpm1,1025,3,7,8,12,13,14,19,21,33,37,57,74,88,96,98,99
clust_eq,lpm1,1026,1,8,11,13,26,30,45,56,57,69,71,76,83,84,87,99
clust_eq,lpm1,1027,21,26,43,44,48,51,56,57,59,64,66,67,69,75,78,94
clust_eq,lpm1,1028,3,8,26,30,32,39,50,51,61,63,79,82,83,84,85,100
clust_eq,lpm1,1029,18,23,26,28,34,47,52,53,60,70,72,75,76,84,89,96
clust_eq,lpm1,1030,9,18,27,34,42,46,50,58,62,65,69,74,90,96,99,100
clust_eq,lpm1,1031,4,19,20,24,28,42,51,52,53,61,66,70,75,77,86,97
clust_eq,lpm1,1032,1,4,6,11,32,33,55,62,64,66,72,80,82,83,87,94
clust_eq,lpm1,1033,2,11,12,16,40,49,54,57,60,68,77,79,84,89,98,99
clust_eq,lpm1,1034,1,7,10,42,46,48,49,51,59,60,64,70,77,83,90,94
clust_eq,lpm1,1035,7,13,22,23,27,30,33,34,47,52,56,59,73,85,95,99
clust_eq,lpm1,1036,14,19,24,28,49,53,58,59,60,61,70,87,94,97,98,100
clust_eq,lpm1,1037,7,8,10,15,21,23,24,29,42,43,51,65,79,83,86,100
clust_eq,lpm1,1038,2,5,9,17,22,25,26,32,41,51,52,71,72,89,96,97
clust_eq,lpm1,1039,6,13,27,34,40,42,48,50,51,58,71,73,74,87,91,96
clust_eq,lpm1,1040,3,6,7,8,9,16,18,31,44,46,53,54,59,66,67,74
clust_eq,lpm1,1041,1,6,10,19,25,28,29,34,35,40,57,71,84,87,95,96
clust_eq,lpm1,1042,3,5,7,12,16,17,36,45,48,51,59,67,75,91,95,97
clust_eq,lpm1,1043,1,4,6,26,35,40,41,42,51,56,60,64,65,69,77,83
clust_eq,lpm1,1044,4,5,8,9,13,40,46,52,53,54,69,89,95,96,97,98
clust_eq,lpm1,1045,1,9,17,29,34,39,45,49,55,60,64,65,73,79,90,99
clust_eq,lpm1,1046,3,4,8,22,23,39,47,51,61,63,68,78,82,85,89,98
clust_eq,lpm1,1047,7,35,36,39,42,45,53,62,68,70,81,82,84,85,89,94
clust_eq,lpm1,1048,4,8,9,12,20,33,43,52,54,57,59,60,61,81,90,95
clust_eq,lpm1,1049,11,26,40,43,45,58,61,62,68,74,80,82,83,86,87,100
clust_eq,lpm1,1050,1,5,6,11,20,31,36,37,50,52,55,64,82,84,87,91
clust_eq,lpm1,1051,17,22,36,37,39,45,46,47,48,50,52,61,67,74,76,80
clust_eq,lpm1,1052,4,9,12,14,25,33,47,51,53,59,72,79,87,93,98,99
clust_eq,lpm1,1053,1,11,14,21,29,31,40,46,60,61,74,80,81,94,97,99
clust_eq,lpm1,1054,1,6,8,23,32,39,46,54,57,61,66,78,85,86,87,89
clust_eq,lpm1,1055,26,29,48,49,59,65,66,69,73,76,84,86,90,94,97,98
clust_eq,lpm1,1056,1,13,19,26,28,32,35,42,45,50,53,55,64,70,86,91
clust_eq,lpm1,1057,11,26,32,38,40,45,55,57,58,62,68,73,74,81,89,97
clust_eq,lpm1,1058,5,16,17,20,26,28,44,73,77,78,80,86,90,95,96,97
clust_eq,lpm1,1059,5,14,16,17,36,40,43,51,59,60,65,70,78,81,83,88
clust_eq,lpm1,1060,9,19,20,21,30,38,39,42,44,52,57,63,75,77,78,95
clust_eq,lpm1,1061,14,19,26,30,32,36,40,43,55,58,74,79,87,94,99,100
clust_eq,lpm1,1062,4,5,11,12,14,17,26,34,50,61,72,75,84,87,97,99
clust_eq,lpm1,1063,4,12,13,24,27,30,38,40,43,47,61,62,64,68,79,98
clust_eq,lpm1,1064,9,10,23,37,42,45,50,51,64,65,66,69,74,84,96,98
clust_eq,lpm1,1065,3,8,18,24,25,29,30,31,36,42,59,82,83,85,88,91
clust_eq,lpm1,1066,3,21,28,35,37,39,49,51,53,54,64,69,83,91,94,97
clust_eq,lpm1,1067,3,4,8,11,12,16,26,28,51,53,60,64,66,84,87,98
clust_eq,lpm1,1068,15,19,27,28,35,39,42,55,58,60,62,63,67,73,79,80
clust_eq,lpm1,1069,16,19,28,31,34,43,50,58,62,65,71,72,75,80,86,87
clust_eq,lpm1,1070,4,5,9,12,20,26,29,34,42,45,47,50,63,69,78,92
clust_eq,lpm1,1071,23,26,29,35,36,47,48,60,61,62,64,73,75,78,92,98
clust_eq,lpm1,1072,9,19,24,26,29,40,41,43,57,59,67,69,76,79,81,89
clust_eq,lpm1,1073,4,14,15,17,22,29,43,48,54,61,62,72,78,86,89,98
clust_eq,lpm1,1074,4,10,14,16,18,23,27,37,38,39,42,44,63,79,83,85
clust_eq,lpm1,1075,20,34,36,37,42,53,59,66,68,70,72,80,85,87,94,97
clust_eq,lpm1,1076,4,9,10,34,38,47,50,58,62,71,72,74,75,81,91,92
clust_eq,lpm1,1077,1,3,8,9,13,38,46,57,61,71,74,78,80,81,91,98
clust_eq,lpm1,1078,1,9,10,15,21,23,25,29,51,53,61,62,64,73,85,92
clust_eq,lpm1,1079,1,11,20,26,28,34,38,51,53,61,62,71,72,74,77,94
clust_eq,lpm1,1080,13,15,16,20,37,40,55,58,59,60,63,64,73,75,80,91
clust_eq,lpm1,1081,8,10,29,31,34,39,42,48,53,56,72,76,79,80,87,89
clust_eq,lpm1,1082,7,9,24,36,38,45,47,50,51,59,70,79,89,92,93,99
clust_eq,lpm1,1083,2,10,17,22,31,37,39,48,56,61,62,71,74,88,97,98
clust_eq,lpm1,1084,2,9,11,12,13,17,24,26,27,29,42,54,59,76,91,98
clust_eq,lpm1,1085,8,11,15,29,34,35,42,46,49,54,55,57,60,62,63,75
clust_eq,lpm1,1086,1,3,12,16,18,19,24,30,34,49,50,54,63,65,71,90
clust_eq,lpm1,1087,1,4,9,23,60,65,66,67,70,73,77,78,81,89,90,92
clust_eq,lpm1,1088,1,5,7,11,13,20,21,28,33,37,44,46,54,56,64,80
clust_eq,lpm1,1089,13,25,28,32,44,46,50,60,63,73,74,87,91,93,96,98
clust_eq,lpm1,1090,10,18,32,40,43,44,58,60,61,65,66,68,72,73,76,83
clust_eq,lpm1,1091,8,12,14,16,18,19,29,33,36,41,43,55,59,74,82,86
clust_eq,lpm1,1092,9,18,19,22,34,35,43,50,52,57,61,78,81,89,92,99
clust_eq,lpm1,1093,4,17,22,26,38,42,49,50,52,64,66,68,69,90,95,97
clust_eq,lpm1,1094,7,9,11,15,20,38,41,42,46,49,50,58,62,63,66,84
clust_eq,lpm1,1095,4,10,21,22,23,30,39,44,52,55,57,60,71,72,82,89
clust_eq,lpm1,1096,3,7,15,17,21,36,38,40,51,53,66,67,73,75,86,96
clust_eq,lpm1,1097,2,10,18,22,32,35,45,58,59,60,77,81,83,94,95,100
clust_eq,lpm1,1098,4,5,10,18,23,30,52,53,59,61,67,70,73,79,90,95
clust_eq,lpm1,1099,6,9,10,12,17,20,30,35,47,49,52,59,69,73,79,88
clust_eq,lpm1,1100,5,11,19,20,45,49,55,57,62,71,77,81,86,91,93,95
clust_eq,lpm1,1101,6,8,19,33,42,52,57,60,65,66,69,78,83,86,90,100
clust_eq,lpm1,1102,19,20,27,38,39,51,53,55,56,73,74,79,86,87,93,95
clust_eq,lpm1,1103,3,9,21,25,30,53,58,66,67,72,78,79,80,82,96,100
clust_eq,lpm1,1104,3,7,8,12,16,27,35,39,41,48,65,67,68,78,86,100
clust_eq,lpm1,1105,1,6,8,10,25,31,48,53,55,56,73,76,80,83,87,95
clust_eq,lpm1,1106,1,2,25,28,36,44,58,65,76,78,83,88,89,92,94,95
clust_eq,lpm1,1107,9,15,19,22,25,31,34,37,45,50,52,71,76,77,96,97
clust_eq,lpm1,1108,1,2,20,26,32,43,44,50,54,57,63,74,80,81,86,93
clust_eq,lpm1,1109,4,29,38,39,45,61,62,64,77,78,82,84,91,95,97,98
clust_eq,lpm1,1110,9,24,31,37,40,45,46,50,63,65,67,71,76,92,93,98
clust_eq,lpm1,1111,3,4,11,12,16,19,22,23,27,35,48,55,63,67,90,92
clust_eq,lpm1,1112,2,6,8,27,28,34,35,46,52,57,59,68,81,86,89,100
clust_eq,lpm1,1113,15,21,22,38,44,45,46,57,59,64,67,69,70,86,93,97
clust_eq,lpm1,1114,4,11,12,17,22,32,38,41,44,45,55,63,66,68,86,98
clust_eq,lpm1,1115,9,20,23,26,27,34,41,42,43,52,56,71,76,79,84,100
clust_eq,lpm1,1116,6,7,8,14,18,19,21,38,53,62,71,73,78,84,85,99
clust_eq,lpm1,1117,3,10,11,13,22,38,47,61,63,71,77,86,94,95,98,100
clust_eq,lpm1,1118,1,13,16,23,25,37,43,56,64,76,78,82,88,93,98,100
clust_eq,lpm1,1119,14,17,18,22,26,37,41,42,49,51,53,55,70,74,83,95
clust_eq,lpm1,1120,10,13,17,38,47,55,62,63,67,80,81,82,88,89,91,100
clust_eq,lpm1,1121,10,12,18,20,21,24,28,44,49,63,64,68,69,73,75,94
clust_eq,lpm1,1122,11,15,31,33,34,37,40,47,50,52,55,72,74,75,80,87
clust_eq,lpm1,1123,11,17,29,41,44,45,53,57,60,61,66,67,68,78,89,98
clust_eq,lpm1,1124,4,5,14,18,21,37,40,43,48,58,59,69,72,75,83,91
clust_eq,lpm1,1125,3,19,29,30,36,40,41,59,61,65,79,85,87,89,99,100
clust_eq,lpm1,1126,3,5,29,46,50,55,64,67,71,80,88,91,92,95,97,100
clust_eq,lpm1,1127,5,16,18,22,23,30,41,45,56,67,70,75,84,90,95,96
clust_eq,lpm1,1128,2,7,23,29,44,45,46,57,64,73,76,79,81,85,96,99
clust_eq,lpm1,1129,3,4,7,15,17,24,33,45,47,51,53,68,76,83,96,97
clust_eq,lpm1,1130,9,19,22,23,35,36,39,42,51,58,63,69,71,78,89,98
clust_eq,lpm1,1131,4,19,20,28,29,39,43,47,55,56,72,74,78,80,89,94
clust_eq,lpm1,1132,10,14,23,27,28,37,42,43,47,56,65,68,73,80,81,95
clust_eq,lpm1,1133,10,25,31,32,35,36,43,50,56,75,82,85,87,88,93,97
clust_eq,lpm1,1134,4,10,19,29,39,41,43,47,63,67,71,77,81,85,90,93
clust_eq,lpm1,1135,4,14,25,39,41,43,50,52,54,69,82,83,85,86,88,91
clust_eq,lpm1,1136,9,29,39,44,46,50,55,57,66,67,68,72,76,78,87,91
clust_eq,lpm1,1137,1,3,4,16,27,34,56,64,65,77,80,81,85,90,97,99
clust_eq,lpm1,1138,3,6,13,22,34,37,42,46,56,64,71,73,84,91,94,95
clust_eq,lpm1,1139,4,21,22,25,29,35,44,45,47,49,63,64,85,92,93,99
clust_eq,lpm1,1140,3,9,10,19,25,31,42,49,58,65,68,71,83,85,95,97
clust_eq,lpm1,1141,1,7,9,17,27,31,32,36,40,46,59,63,66,70,74,87
clust_eq,lpm1,1142,1,7,9,23,27,35,36,43,46,47,52,64,65,73,83,95
clust_eq,lpm1,1143,1,12,20,23,26,32,33,35,55,60,62,72,73,84,92,99
clust_eq,lpm1,1144,14,18,24,31,32,33,45,62,75,77,86,87,93,96,98,99
clust_eq,lpm1,1145,2,10,30,48,49,50,51,57,58,63,65,66,69,70,76,98
clust_eq,lpm1,1146,28,32,38,43,45,49,52,58,59,71,75,80,81,87,89,91
clust_eq,lpm1,1147,1,2,4,5,15,17,28,33,34,43,49,55,56,71,80,93
clust_eq,lpm1,1148,1,19,21,36,50,51,58,67,70,71,72,83,85,86,91,97
clust_eq,lpm1,1149,2,11,12,16,22,28,29,44,46,51,63,66,73,78,86,89
clust_eq,lpm1,1150,2,9,11,12,19,26,27,34,36,38,40,55,66,74,80,92
clust_eq,lpm1,1151,3,10,11,23,24,28,29,30,31,41,47,63,81,83,88,90
clust_eq,lpm1,1152,7,12,15,17,25,37,43,52,57,68,72,73,79,82,85,90
clust_eq,lpm1,1153,11,17,23,24,33,36,44,45,55,64,75,85,90,97,98,100
clust_eq,lpm1,1154,7,18,21,28,33,43,49,52,56,71,73,76,79,81,92,98
clust_eq,lpm1,1155,1,13,20,27,38,39,40,47,51,52,60,63,65,66,77,98
clust_eq,lpm1,1156,1,11,15,20,26,27,29,39,41,61,64,73,85,86,87,93
clust_eq,lpm1,1157,1,4,9,14,16,18,21,23,24,52,63,65,70,72,82,98
clust_eq,lpm1,1158,1,4,13,23,24,27,30,32,48,55,56,65,80,83,90,92
clust_eq,lpm1,1159,14,15,26,38,39,40,42,47,49,57,58,68,69,77,80,85
clust_eq,lpm1,1160,24,26,28,29,37,40,42,43,51,54,63,69,71,89,91,94
clust_eq,lpm1,1161,3,15,20,21,31,35,46,48,55,65,68,69,78,80,94,96
clust_eq,lpm1,1162,2,7,10,13,14,17,31,35,40,42,48,53,56,59,75,82
clust_eq,lpm1,1163,8,11,13,14,17,26,28,30,34,69,78,79,80,87,95,100
clust_eq,lpm1,1164,2,3,14,19,25,31,33,48,49,56,61,79,83,96,97,99
clust_eq,lpm1,1165,4,11,16,17,21,26,49,50,51,62,81,85,89,91,97,99
clust_eq,lpm1,1166,2,15,27,30,35,37,41,43,46,58,59,61,62,77,89,100
clust_eq,lpm1,1167,2,8,18,23,26,27,28,31,32,34,35,42,43,62,79,86
clust_eq,lpm1,1168,2,5,14,18,23,29,36,55,65,81,84,88,95,96,97,99
clust_eq,lpm1,1169,1,7,11,21,23,31,38,48,49,66,70,78,82,84,89,97
clust_eq,lpm1,1170,4,11,14,18,23,33,34,38,45,52,61,67,70,75,97,99
clust_eq,lpm1,1171,20,27,30,34,42,44,48,49,55,58,59,70,73,79,95,96
clust_eq,lpm1,1172,2,4,13,20,26,48,55,56,59,68,70,77,78,84,85,86
clust_eq,lpm1,1173,14,21,27,39,41,43,48,52,61,62,73,78,79,82,89,98
clust_eq,lpm1,1174,25,26,44,52,59,65,73,76,77,80,82,84,85,89,90,97
clust_eq,lpm1,1175,16,18,24,31,39,43,55,56,58,60,75,78,82,87,89,91
clust_eq,lpm1,1176,19,23,34,38,42,48,49,51,56,59,62,65,66,73,82,90
clust_eq,lpm1,1177,23,24,25,37,39,47,54,58,65,67,71,72,78,79,80,86
clust_eq,lpm1,1178,5,11,13,19,20,23,24,25,32,33,37,45,52,56,87,100
clust_eq,lpm1,1179,34,36,40,43,45,48,49,52,60,61,65,77,79,87,89,99
clust_eq,lpm1,1180,21,27,43,48,50,54,55,62,64,65,74,75,83,84,86,93
clust_eq,lpm1,1181,1,24,25,36,39,54,58,60,61,65,67,70,78,84,88,99
clust_eq,lpm1,1182,4,16,23,24,29,30,33,43,48,56,57,64,69,78,79,83
clust_eq,lpm1,1183,17,25,36,38,43,45,47,60,71,73,75,77,84,87,89,91
clust_eq,lpm1,1184,1,3,21,28,32,33,35,45,49,50,65,86,89,97,98,100
clust_eq,lpm1,1185,7,9,10,12,16,36,40,46,49,51,53,74,76,90,94,96
clust_eq,lpm1,1186,5,10,16,19,22,37,40,50,73,80,81,83,93,95,96,99
clust_eq,lpm1,1187,2,9,18,27,31,35,39,43,44,69,71,91,93,94,98,99
clust_eq,lpm1,1188,1,5,6,9,10,13,16,24,29,40,55,77,80,83,84,91
clust_eq,lpm1,1189,4,8,9,27,35,46,47,52,54,55,58,59,64,67,82,97
clust_eq,lpm1,1190,7,8,11,12,24,28,30,33,45,47,54,57,64,68,89,94
clust_eq,lpm1,1191,2,11,17,24,29,33,38,41,48,51,55,67,73,81,82,97
clust_eq,lpm1,1192,2,8,10,13,24,34,40,42,50,53,54,75,86,88,89,99
clust_eq,lpm1,1193,1,2,4,5,8,11,14,15,16,23,25,26,29,48,57,97
clust_eq,lpm1,1194,1,9,16,21,26,43,44,49,56,58,63,71,74,84,98,100
clust_eq,lpm1,1195,1,18,20,24,33,46,47,55,69,70,76,82,84,94,96,97
clust_eq,lpm1,1196,4,14,17,41,43,44,58,63,68,69,76,78,79,86,90,98
clust_eq,lpm1,1197,3,8,9,22,39,42,66,67,70,72,76,78,82,84,87,100
clust_eq,lpm1,1198,6,16,32,41,50,59,68,70,72,74,76,82,83,84,93,100
clust_eq,lpm1,1199,5,9,10,11,16,31,32,34,40,41,49,52,58,63,82,90
clust_eq,lpm1,1200,7,35,38,42,58,62,65,72,77,78,79,80,89,92,99,100
clust_eq,lpm1,1201,8,19,31,47,48,49,55,59,60,63,66,70,79,88,89,94
clust_eq,lpm1,1202,7,18,20,24,25,28,30,33,38,39,52,56,72,87,92,100
clust_eq,lpm1,1203,1,2,6,29,36,39,50,53,55,74,77,80,82,88,95,98
clust_eq,lpm1,1204,12,14,16,27,29,31,33,48,50,55,67,74,79,80,82,97
clust_eq,lpm1,1205,2,3,5,7,8,13,23,25,33,35,48,51,59,75,83,84
clust_eq,lpm1,1206,5,6,7,13,22,23,25,30,52,56,87,88,91,95,99,100
clust_eq,lpm1,1207,2,3,5,15,19,27,31,33,51,56,61,64,67,75,86,96
clust_eq,lpm1,1208,1,9,13,16,23,29,31,53,55,71,73,74,77,92,97,99
clust_eq,lpm1,1209,6,11,14,22,25,29,31,36,46,47,50,61,63,82,85,86
clust_eq,lpm1,1210,10,21,22,29,31,40,46,49,55,60,74,82,89,93,95,96
clust_eq,lpm1,1211,3,10,14,21,23,29,30,31,47,48,54,55,59,72,75,76
clust_eq,lpm1,1212,1,5,6,13,14,23,31,61,77,78,83,85,90,91,93,96
clust_eq,lpm1,1213,22,25,39,40,43,49,56,60,69,76,78,80,88,93,95,98
clust_eq,lpm1,1214,8,19,21,23,40,46,47,49,60,65,67,71,80,95,96,97
clust_eq,lpm1,1215,3,5,6,22,28,33,37,40,69,71,72,73,78,81,84,89
clust_eq,lpm1,1216,2,12,17,28,39,44,46,51,61,66,67,72,73,74,78,86
clust_eq,lpm1,1217,3,8,30,35,36,43,63,68,69,70,73,75,83,87,90,99
clust_eq,lpm1,1218,2,4,15,25,35,37,42,52,54,70,79,83,88,94,96,97
clust_eq,lpm1,1219,7,20,21,23,24,43,46,49,51,56,60,68,71,78,79,93
clust_eq,lpm1,1220,2,3,9,18,21,22,25,35,37,45,49,59,63,76,94,100
clust_eq,lpm1,1221,13,16,23,26,37,39,44,45,52,63,71,73,74,81,83,99
clust_eq,lpm1,1222,1,6,9,23,29,42,56,65,71,72,74,80,81,83,96,100
clust_eq,lpm1,1223,2,3,4,14,26,30,48,51,53,57,58,59,61,64,81,92
clust_eq,lpm1,1224,2,7,17,26,31,41,43,58,60,62,66,72,76,79,98,99
clust_eq,lpm1,1225,10,19,20,34,39,41,42,43,47,48,54,58,70,76,78,86
clust_eq,lpm1,1226,17,28,29,33,41,42,50,63,66,67,68,76,86,87,88,100
clust_eq,lpm1,1227,3,5,6,30,42,47,48,50,54,57,67,70,88,89,91,96
clust_eq,lpm1,1228,2,4,6,13,20,25,37,57,59,64,69,70,74,84,91,93
clust_eq,lpm1,1229,1,7,9,11,19,21,41,49,51,66,76,77,89,91,93,95
clust_eq,lpm1,1230,17,26,37,41,52,53,54,56,57,60,67,69,76,78,89,90
clust_eq,lpm1,1231,1,5,6,9,16,20,25,39,45,50,57,79,84,90,93,98
clust_eq,lpm1,1232,6,17,18,21,28,33,35,36,52,54,60,65,67,70,79,95
clust_eq,lpm1,1233,8,29,36,37,38,43,47,48,59,61,63,75,80,87,98,100
clust_eq,lpm1,1234,2,4,5,17,22,30,37,42,45,50,55,63,64,68,73,77
clust_eq,lpm1,1235,10,29,30,39,41,47,54,55,56,62,72,79,82,83,85,95
clust_eq,lpm1,1236,3,7,12,13,14,16,19,22,34,37,40,63,86,88,95,100
clust_eq,lpm1,1237,3,4,14,21,22,28,30,32,43,51,58,68,72,85,88,98
clust_eq,lpm1,1238,4,18,20,23,35,38,61,62,68,71,78,79,85,88,93,97
clust_eq,lpm1,1239,6,8,23,42,45,51,61,62,66,68,73,79,85,86,90,98
clust_eq,lpm1,1240,8,11,14,19,28,32,36,37,38,55,62,73,78,90,95,97
clust_eq,lpm1,1241,16,26,34,35,38,39,48,49,50,56,57,71,75,93,97,100
clust_eq,lpm1,1242,5,8,11,18,29,33,46,47,55,64,67,68,84,92,93,95
clust_eq,lpm1,1243,2,10,11,17,18,21,30,40,43,55,70,72,74,75,82,83
clust_eq,lpm1,1244,2,24,32,37,44,46,60,65,72,78,81,83,92,93,99,100
clust_eq,lpm1,1245,1,2,4,17,26,29,30,34,40,45,59,61,74,89,92,99
clust_eq,lpm1,1246,5,18,27,32,36,42,46,50,53,66,70,82,86,93,96,98
clust_eq,lpm1,1247,1,2,10,18,22,23,25,27,29,32,56,66,76,82,86,92
clust_eq,lpm1,1248,3,13,14,17,21,22,24,31,46,48,61,63,64,75,81,84
clust_eq,lpm1,1249,4,12,14,16,19,23,25,26,32,49,74,76,91,96,97,99
clust_eq,lpm1,1250,3,16,23,28,30,41,54,60,63,70,71,87,88,89,91,96
clust_eq,lpm1,1251,1,17,26,32,44,51,54,56,59,61,66,78,85,90,91,99
clust_eq,lpm1,1252,14,28,30,41,43,44,45,46,47,50,55,60,67,75,78,93
clust_eq,lpm1,1253,16,17,25,29,32,43,53,57,68,72,76,82,84,88,89,95
clust_eq,lpm1,1254,14,26,28,29,33,34,37,44,49,51,60,69,73,87,93,96
clust_eq,lpm1,1255,7,8,23,31,35,36,47,48,52,67,68,78,88,91,92,95
clust_eq,lpm1,1256,26,27,42,47,50,51,58,59,70,75,76,86,90,95,97,100
clust_eq,lpm1,1257,4,10,13,15,17,20,21,32,37,44,47,63,65,74,84,88
clust_eq,lpm1,1258,11,15,22,24,27,28,37,40,52,57,63,69,81,87,88,98
clust_eq,lpm1,1259,1,4,32,33,42,49,50,53,54,56,60,62,64,95,98,99
clust_eq,lpm1,1260,6,12,13,17,26,32,47,54,59,62,65,66,76,83,86,95
clust_eq,lpm1,1261,2,7,19,22,27,31,39,42,44,48,58,66,76,77,97,98
clust_eq,lpm1,1262,6,29,32,37,56,57,61,68,73,74,80,88,89,90,95,96
clust_eq,lpm1,1263,7,11,29,33,35,36,37,45,51,59,64,77,83,87,93,99
clust_eq,lpm1,1264,7,9,15,16,22,27,43,51,58,70,73,74,83,90,91,94
clust_eq,lpm1,1265,7,11,16,24,33,36,37,39,48,49,50,64,73,77,90,93
clust_eq,lpm1,1266,9,14,16,22,34,35,53,57,70,73,78,81,84,88,93,99
clust_eq,lpm1,1267,5,16,21,30,31,33,34,41,45,52,53,59,64,70,92,95
clust_eq,lpm1,1268,7,8,20,28,33,44,45,65,66,73,74,80,81,84,86,90
clust_eq,lpm1,1269,1,4,6,20,30,41,45,47,50,56,60,61,62,74,78,96
clust_eq,lpm1,1270,8,9,21,25,31,34,46,52,54,56,63,71,74,90,91,96
clust_eq,lpm1,1271,8,11,15,16,31,33,35,38,46,58,67,68,70,72,86,98
clust_eq,lpm1,1272,20,22,25,27,34,48,50,51,63,68,76,82,87,93,96,100
clust_eq,lpm1,1273,2,8,14,25,26,27,31,41,48,63,68,70,74,82,89,93
clust_eq,lpm1,1274,1,5,10,12,18,23,28,29,30,32,49,53,61,64,88,90
clust_eq,lpm1,1275,1,4,5,8,9,12,27,46,53,59,61,62,71,83,87,97
clust_eq,lpm1,1276,1,23,24,27,28,42,44,46,54,57,60,63,69,70,83,91
clust_eq,lpm1,1277,1,10,36,38,39,41,43,44,58,61,74,77,83,86,90,100
clust_eq,lpm1,1278,7,15,17,19,20,35,42,45,49,53,60,68,70,73,86,97
clust_eq,lpm1,1279,15,23,25,29,30,31,32,37,72,75,76,77,80,87,91,96
clust_eq,lpm1,1280,5,7,11,15,18,23,29,30,39,47,48,72,73,78,79,83
clust_eq,lpm1,1281,4,19,21,22,28,49,57,58,61,62,64,67,76,85,92,94
clust_eq,lpm1,1282,20,22,33,37,45,47,49,50,52,55,68,71,84,85,87,96
clust_eq,lpm1,1283,1,14,18,25,31,45,50,52,58,60,65,67,69,76,84,96
clust_eq,lpm1,1284,17,18,19,21,27,29,35,61,65,70,78,86,89,92,95,100
clust_eq,lpm1,1285,2,12,30,31,35,36,41,43,55,63,67,71,75,84,93,99
clust_eq,lpm1,1286,3,6,14,15,24,26,34,44,45,47,54,57,59,79,89,94
clust_eq,lpm1,1287,18,20,35,42,43,46,48,52,70,71,72,75,81,87,91,100
clust_eq,lpm1,1288,8,14,15,25,26,32,38,44,57,73,78,82,87,91,94,96
clust_eq,lpm1,1289,2,13,25,27,28,31,34,38,65,69,70,74,79,92,93,94
clust_eq,lpm1,1290,1,3,13,14,32,35,46,48,54,61,63,70,80,83,92,94
clust_eq,lpm1,1291,2,4,7,12,18,35,38,43,50,54,62,71,72,91,92,99
clust_eq,lpm1,1292,12,19,23,25,26,37,47,59,60,61,67,72,78,93,95,100
clust_eq,lpm1,1293,1,4,7,14,17,39,42,54,62,72,74,77,79,90,92,99
clust_eq,lpm1,1294,7,8,16,19,20,24,37,41,44,45,56,65,76,78,79,92
clust_eq,lpm1,1295,5,7,11,17,20,27,29,38,40,41,46,51,53,54,82,90
clust_eq,lpm1,1296,3,6,12,13,15,16,17,26,27,28,32,54,79,81,85,92
clust_eq,lpm1,1297,13,21,22,23,34,39,46,48,52,58,61,76,88,89,97,99
clust_eq,lpm1,1298,15,16,19,22,34,35,43,52,57,60,67,72,73,78,86,94
clust_eq,lpm1,1299,1,7,15,23,31,38,42,45,56,65,66,73,80,83,86,97
clust_eq,lpm1,1300,3,6,16,34,38,49,50,51,60,64,75,88,90,91,95,96
clust_eq,lpm1,1301,1,3,8,9,12,24,26,37,45,51,53,54,87,89,98,99
clust_eq,lpm1,1302,8,11,15,24,29,30,33,40,47,49,54,55,64,79,80,99
clust_eq,lpm1,1303,9,13,20,24,39,42,46,50,64,69,70,72,81,91,93,97
clust_eq,lpm1,1304,9,19,21,34,38,43,44,49,61,70,73,85,88,89,92,93
clust_eq,lpm1,1305,24,28,29,32,36,42,50,56,64,65,68,71,80,84,88,96
clust_eq,lpm1,1306,8,26,27,31,37,39,44,69,71,74,83,84,87,93,97,99
clust_eq,lpm1,1307,4,6,9,11,22,23,25,34,35,41,62,63,70,72,89,99
clust_eq,lpm1,1308,20,26,31,32,33,36,40,60,66,68,76,82,87,93,94,96
clust_eq,lpm1,1309,22,25,31,33,35,37,38,41,42,46,50,62,68,89,90,97
clust_eq,lpm1,1310,5,8,10,12,13,15,18,20,21,24,44,55,86,91,96,100
clust_eq,lpm1,1311,6,7,16,20,23,28,29,31,33,44,49,60,74,79,81,96
clust_eq,lpm1,1312,1,6,8,16,23,24,25,26,54,57,58,59,64,67,88,99
clust_eq,lpm1,1313,15,19,21,23,32,46,52,57,59,60,61,72,77,78,83,86
clust_eq,lpm1,1314,9,12,16,20,22,23,24,31,36,42,53,72,73,77,98,99
clust_eq,lpm1,1315,9,14,19,24,27,31,42,44,47,51,53,64,75,77,93,96
clust_eq,lpm1,1316,5,7,12,21,23,31,32,39,41,44,66,72,82,88,91,97
clust_eq,lpm1,1317,2,7,14,24,43,45,49,62,67,82,84,86,91,92,93,94
clust_eq,lpm1,1318,1,4,7,9,14,18,26,38,45,56,62,65,74,77,90,98
clust_eq,lpm1,1319,5,10,12,13,14,31,32,37,41,50,58,90,91,95,96,98
clust_eq,lpm1,1320,2,5,10,15,16,19,20,22,36,43,45,48,52,56,77,81
clust_eq,lpm1,1321,10,20,22,31,36,40,42,48,50,52,55,60,64,73,92,96
clust_eq,lpm1,1322,10,18,21,25,41,43,44,52,60,66,67,68,73,74,75,77
clust_eq,lpm1,1323,3,8,14,22,29,30,34,35,45,47,51,54,60,96,97,99
clust_eq,lpm1,1324,1,2,13,17,24,25,32,38,44,54,56,59,64,79,88,97
clust_eq,lpm1,1325,15,23,28,29,30,34,39,41,43,47,51,55,66,72,78,84
clust_eq,lpm1,1326,2,3,5,15,27,34,57,61,65,68,70,80,86,89,94,96
clust_eq,lpm1,1327,3,7,11,12,19,23,28,33,41,45,60,66,68,83,87,100
clust_eq,lpm1,1328,3,7,9,10,12,13,15,17,32,38,42,46,57,84,96,97
clust_eq,lpm1,1329,7,15,17,22,37,56,57,66,73,75,76,78,80,89,90,92
clust_eq,lpm1,1330,7,11,22,27,28,36,37,63,70,71,73,83,85,89,90,94
clust_eq,lpm1,1331,6,9,18,24,27,31,33,50,52,53,55,56,75,87,89,99
clust_eq,lpm1,1332,9,11,16,17,18,27,34,52,54,63,75,76,78,81,85,89
clust_eq,lpm1,1333,4,9,15,17,21,35,52,55,59,63,64,73,77,80,82,91
clust_eq,lpm1,1334,5,12,19,20,32,36,48,50,52,59,61,63,65,75,82,100
clust_eq,lpm1,1335,2,4,6,9,11,27,38,51,52,61,70,77,83,91,95,99
clust_eq,lpm1,1336,2,17,19,20,33,38,48,53,57,58,70,71,72,75,86,98
clust_eq,lpm1,1337,4,8,9,20,33,37,42,52,54,55,56,65,72,76,92,99
clust_eq,lpm1,1338,3,15,19,21,35,39,44,46,50,54,60,65,69,72,81,89
clust_eq,lpm1,1339,2,3,11,18,24,27,30,31,39,50,63,64,67,79,81,99
clust_eq,lpm1,1340,3,10,20,21,35,57,58,66,68,72,82,92,94,96,98,100
clust_eq,lpm1,1341,1,3,8,16,24,33,37,39,40,45,51,55,71,73,76,86
clust_eq,lpm1,1342,2,3,19,36,38,42,48,51,63,67,70,75,78,85,89,96
clust_eq,lpm1,1343,6,19,22,30,32,40,42,44,45,49,57,58,66,68,89,95
clust_eq,lpm1,1344,1,11,13,20,23,44,50,60,63,69,79,81,84,86,95,100
clust_eq,lpm1,1345,3,8,14,35,37,39,43,60,61,70,72,81,87,88,91,97
clust_eq,lpm1,1346,2,5,24,28,29,32,33,43,46,50,54,56,57,80,83,86
clust_eq,lpm1,1347,1,4,5,12,14,27,28,42,49,52,57,61,86,96,97,98
clust_eq,lpm1,1348,3,4,7,22,38,45,51,58,63,66,68,70,78,82,83,87
clust_eq,lpm1,1349,9,22,24,25,39,40,45,47,52,54,57,61,63,64,67,77
clust_eq,lpm1,1350,14,15,27,32,35,36,40,41,46,52,55,56,63,65,84,85
clust_eq,lpm1,1351,4,12,16,22,23,33,52,53,55,66,72,80,82,83,85,86
clust_eq,lpm1,1352,3,8,10,21,22,27,29,35,37,48,51,63,69,71,89,96
clust_eq,lpm1,1353,5,6,17,20,26,33,40,47,50,51,55,59,72,73,90,95
clust_eq,lpm1,1354,2,6,9,13,23,32,35,55,68,73,77,78,82,89,91,93
clust_eq,lpm1,1355,1,2,4,5,9,15,18,20,29,32,33,59,62,78,89,94
clust_eq,lpm1,1356,6,7,12,13,16,31,45,48,53,62,68,71,74,77,79,99
clust_eq,lpm1,1357,5,20,22,25,26,29,31,36,37,53,62,77,84,85,90,96
clust_eq,lpm1,1358,2,7,14,17,24,27,30,36,48,56,59,62,63,83,84,91
clust_eq,lpm1,1359,1,7,12,15,29,32,50,53,74,78,80,81,86,88,90,96
clust_eq,lpm1,1360,10,22,29,36,37,39,44,48,51,55,63,74,81,84,90,94
clust_eq,lpm1,1361,14,21,23,28,45,49,53,67,68,74,78,80,81,90,93,96
clust_eq,lpm1,1362,11,14,21,27,33,34,35,37,41,57,58,62,69,75,86,92
clust_eq,lpm1,1363,2,6,17,20,21,26,29,32,35,40,57,59,73,85,86,91
clust_eq,lpm1,1364,2,4,7,9,17,38,39,44,46,56,57,65,74,97,98,99
clust_eq,lpm1,1365,4,8,13,14,16,25,27,44,56,63,67,79,82,85,87,92
clust_eq,lpm1,1366,3,8,9,13,14,16,18,26,39,43,45,67,81,85,90,97
clust_eq,lpm1,1367,4,8,11,12,20,22,33,34,37,46,48,54,62,71,74,81
clust_eq,lpm1,1368,4,9,14,15,19,47,49,51,58,63,67,77,85,87,91,92
clust_eq,lpm1,1369,1,19,24,25,45,48,53,62,69,71,76,80,87,93,94,100
clust_eq,lpm1,1370,8,10,15,16,19,24,32,43,57,62,68,73,82,83,92,93
clust_eq,lpm1,1371,5,19,22,24,30,34,40,57,63,69,72,88,90,93,94,96
clust_eq,lpm1,1372,5,7,16,22,23,27,30,36,37,52,63,64,67,70,71,92
clust_eq,lpm1,1373,6,12,15,33,41,46,50,58,59,61,68,82,85,87,89,100
clust_eq,lpm1,1374,1,13,16,28,32,43,44,51,72,76,81,86,89,91,92,93
clust_eq,lpm1,1375,3,30,45,46,54,55,60,63,64,69,80,83,91,94,96,99
clust_eq,lpm1,1376,5,8,15,18,27,37,40,53,54,58,61,66,67,78,79,87
clust_eq,lpm1,1377,1,4,13,30,53,58,59,60,62,64,69,78,80,87,95,98
clust_eq,lpm1,1378,7,8,21,40,51,53,56,66,68,76,79,82,83,86,88,100
clust_eq,lpm1,1379,6,11,18,24,36,40,60,61,62,72,77,78,81,82,89,98
clust_eq,lpm1,1380,2,12,31,34,36,42,48,52,55,63,65,85,86,88,94,96
clust_eq,lpm1,1381,4,9,32,40,43,49,51,54,55,59,64,70,71,90,91,93
clust_eq,lpm1,1382,13,20,22,46,47,51,52,56,63,64,66,68,69,73,82,96
clust_eq,lpm1,1383,13,15,17,25,29,31,34,46,48,53,56,60,87,89,96,97
clust_eq,lpm1,1384,13,16,20,32,35,41,46,56,57,62,63,75,82,86,91,94
clust_eq,lpm1,1385,30,34,39,41,43,45,61,63,64,70,74,77,79,87,93,100
clust_eq,lpm1,1386,2,7,17,33,39,40,51,53,67,72,74,76,77,88,95,99
clust_eq,lpm1,1387,9,10,13,20,40,43,58,61,68,71,76,81,88,94,95,100
clust_eq,lpm1,1388,1,11,15,25,28,31,33,41,47,52,54,67,72,74,92,94
clust_eq,lpm1,1389,11,15,19,24,27,36,37,52,62,68,69,76,77,78,87,98
clust_eq,lpm1,1390,2,10,14,27,29,37,50,51,53,57,59,69,79,85,98,99
clust_eq,lpm1,1391,9,11,15,19,20,26,29,50,51,61,66,72,76,88,97,98
clust_eq,lpm1,1392,8,10,11,14,21,22,24,25,34,46,49,52,57,63,70,86
clust_eq,lpm1,1393,5,6,12,16,27,29,50,55,57,66,73,81,91,92,95,99
clust_eq,lpm1,1394,10,17,20,31,34,36,41,48,50,68,70,76,87,92,95,97
clust_eq,lpm1,1395,3,6,9,18,20,21,25,26,27,41,56,65,66,69,76,99
clust_eq,lpm1,1396,2,7,24,31,32,33,44,53,68,73,76,80,82,93,94,97
clust_eq,lpm1,1397,7,13,17,32,33,38,47,48,57,62,64,79,86,93,96,100
clust_eq,lpm1,1398,4,8,13,22,34,35,37,44,45,52,63,69,85,87,96,99
clust_eq,lpm1,1399,3,16,41,50,54,57,63,74,82,83,86,87,88,91,95,96
clust_eq,lpm1,1400,1,19,23,34,37,53,56,57,64,69,70,71,80,85,88,99
clust_eq,lpm1,1401,6,8,16,37,38,55,57,62,65,66,67,72,79,93,96,100
clust_eq,lpm1,1402,6,11,17,32,33,38,45,47,49,55,64,70,74,80,82,93
clust_eq,lpm1,1403,9,10,12,15,51,53,62,64,68,69,72,76,88,92,94,98
clust_eq,lpm1,1404,3,5,6,8,10,12,21,27,36,37,59,66,68,69,98,99
clust_eq,lpm1,1405,10,15,17,21,24,36,38,40,41,64,68,73,90,91,92,98
clust_eq,lpm1,1406,6,19,23,26,32,37,55,57,66,70,71,80,83,91,93,99
clust_eq,lpm1,1407,9,16,24,38,52,55,70,72,77,78,79,81,84,87,96,100
clust_eq,lpm1,1408,2,15,27,28,30,33,34,36,39,40,54,61,70,75,85,94
clust_eq,lpm1,1409,10,11,12,15,16,30,48,49,52,54,55,66,67,75,91,94
clust_eq,lpm1,1410,4,10,14,19,28,47,52,56,57,60,61,63,74,94,96,98
clust_eq,lpm1,1411,1,2,14,15,24,30,43,45,49,52,55,56,57,62,91,98
clust_eq,lpm1,1412,16,19,20,30,33,44,50,60,65,66,70,72,81,82,88,97
clust_eq,lpm1,1413,6,20,22,27,28,29,38,39,46,47,74,80,81,86,94,100
clust_eq,lpm1,1414,2,7,16,35,40,49,53,73,77,78,83,84,85,86,91,93
clust_eq,lpm1,1415,3,10,12,21,22,23,32,36,48,64,72,73,81,95,96,99
clust_eq,lpm1,1416,3,7,35,40,41,43,47,48,57,66,73,75,77,82,97,98
clust_eq,lpm1,1417,3,5,6,13,19,45,55,58,66,73,79,82,87,94,96,98
clust_eq,lpm1,1418,2,7,17,28,29,30,36,53,56,66,72,75,78,83,85,92
clust_eq,lpm1,1419,1,8,10,30,34,35,52,65,70,71,73,80,81,82,95,97
clust_eq,lpm1,1420,7,9,15,18,23,25,31,33,58,59,72,74,78,83,90,92
clust_eq,lpm1,1421,2,7,26,28,30,41,51,53,57,59,64,76,78,93,94,98
clust_eq,lpm1,1422,1,8,18,30,34,37,43,45,47,51,60,62,63,70,90,95
clust_eq,lpm1,1423,2,14,18,34,40,49,56,62,63,65,68,69,86,95,96,100
clust_eq,lpm1,1424,13,15,21,24,29,38,40,53,59,67,70,75,82,88,98,100
clust_eq,lpm1,1425,1,16,20,25,31,52,59,60,73,74,78,84,92,94,95,98
clust_eq,lpm1,1426,19,21,27,30,34,40,51,58,63,66,67,68,70,74,79,100
clust_eq,lpm1,1427,8,21,22,24,28,34,36,39,46,51,55,56,60,64,93,97
clust_eq,lpm1,1428,4,11,12,14,23,28,29,38,41,47,78,79,86,88,97,98
clust_eq,lpm1,1429,4,10,12,13,25,28,30,39,40,42,54,58,65,67,71,88
clust_eq,lpm1,1430,4,26,27,48,58,63,69,70,71,74,75,80,83,87,92,94
clust_eq,lpm1,1431,6,22,24,27,30,47,49,56,60,73,76,77,80,81,94,98
clust_eq,lpm1,1432,12,17,26,42,43,44,47,57,59,66,82,83,84,85,86,100
clust_eq,lpm1,1433,2,20,23,24,61,64,68,70,78,80,81,86,93,96,97,100
clust_eq,lpm1,1434,11,16,18,23,27,32,33,37,38,54,70,79,81,85,89,97
clust_eq,lpm1,1435,2,7,25,35,37,39,49,51,52,56,63,64,79,85,88,94
clust_eq,lpm1,1436,2,10,14,16,27,36,48,52,53,54,55,56,68,74,76,79
clust_eq,lpm1,1437,6,9,12,15,24,25,26,42,51,54,58,62,65,67,68,80
clust_eq,lpm1,1438,1,8,13,16,41,46,48,51,53,67,74,79,81,89,90,93
clust_eq,lpm1,1439,2,11,12,19,22,24,25,28,49,53,62,66,73,77,89,98
clust_eq,lpm1,1440,3,5,7,12,17,18,19,26,31,35,42,43,72,82,89,91
clust_eq,lpm1,1441,7,10,13,15,20,40,41,42,43,58,66,77,79,81,86,100
clust_eq,lpm1,1442,4,10,14,30,44,53,58,61,64,77,80,81,85,88,90,96
clust_eq,lpm1,1443,9,27,31,40,42,47,52,53,59,71,73,77,85,91,97,98
clust_eq,lpm1,1444,7,11,34,40,46,48,52,53,57,62,66,68,72,87,95,97
clust_eq,lpm1,1445,1,4,25,34,35,40,43,45,47,52,60,64,70,84,91,97
clust_eq,lpm1,1446,11,21,22,24,33,36,42,50,52,54,64,72,83,85,97,99
clust_eq,lpm1,1447,3,4,6,10,11,16,17,22,25,41,48,50,51,76,89,95
clust_eq,lpm1,1448,4,16,17,33,37,41,42,46,48,58,66,68,70,81,88,90
clust_eq,lpm1,1449,2,4,12,14,22,24,28,29,33,45,50,61,84,86,92,98
clust_eq,lpm1,1450,1,6,7,19,35,40,46,47,50,70,78,80,85,91,98,99
clust_eq,lpm1,1451,2,8,22,26,30,53,55,57,71,73,78,84,85,94,95,98
clust_eq,lpm1,1452,2,23,30,41,42,43,46,55,56,57,64,67,78,85,91,93
clust_eq,lpm1,1453,6,17,19,28,32,35,37,52,56,57,61,64,75,83,88,92
clust_eq,lpm1,1454,17,21,26,30,44,45,48,56,57,65,76,78,82,83,90,92
clust_eq,lpm1,1455,4,15,23,30,33,34,38,42,46,54,62,67,71,79,80,96
clust_eq,lpm1,1456,18,20,21,48,53,64,68,70,71,72,81,82,84,92,93,94
clust_eq,lpm1,1457,3,5,16,17,26,28,32,40,59,63,66,68,80,86,98,100
clust_eq,lpm1,1458,7,12,17,25,33,37,41,43,44,47,49,54,60,67,68,74
clust_eq,lpm1,1459,8,9,24,25,37,39,40,42,45,49,51,52,63,76,89,100
clust_eq,lpm1,1460,5,14,18,21,24,34,36,40,50,58,59,61,65,73,82,96
clust_eq,lpm1,1461,4,11,13,26,28,30,35,52,53,61,67,78,81,84,85,94
clust_eq,lpm1,1462,3,4,20,21,22,23,24,37,38,49,61,70,73,75,96,98
clust_eq,lpm1,1463,3,9,16,26,29,43,49,54,60,65,66,68,80,89,94,98
clust_eq,lpm1,1464,7,11,20,23,41,44,47,58,66,72,74,75,78,81,82,88
clust_eq,lpm1,1465,3,4,5,10,13,29,34,42,50,65,69,79,85,90,96,99
clust_eq,lpm1,1466,2,9,17,25,27,29,49,57,65,66,67,84,85,89,92,97
clust_eq,lpm1,1467,9,12,13,17,19,20,29,35,37,45,69,71,75,96,97,98
clust_eq,lpm1,1468,5,11,22,28,30,34,45,47,51,58,77,87,92,94,95,100
clust_eq,lpm1,1469,5,8,13,24,37,39,44,52,57,63,65,69,72,83,86,87
clust_eq,lpm1,1470,2,16,20,22,23,25,30,35,36,41,62,70,73,82,91,97
clust_eq,lpm1,1471,1,9,11,14,21,25,33,34,36,50,62,73,80,85,93,95
clust_eq,lpm1,1472,8,12,18,24,25,33,37,41,61,73,79,83,87,92,94,99
clust_eq,lpm1,1473,2,13,23,24,34,51,54,58,60,61,65,72,77,89,96,99
clust_eq,lpm1,1474,9,13,18,19,21,27,29,53,56,68,69,74,81,89,92,94
clust_eq,lpm1,1475,4,12,14,25,43,47,52,60,63,65,68,69,84,86,88,89
clust_eq,lpm1,1476,16,17,20,33,37,40,47,48,51,54,68,71,76,77,79,88
clust_eq,lpm1,1477,7,21,26,29,31,36,44,48,60,63,65,66,83,90,92,94
clust_eq,lpm1,1478,4,8,10,11,12,16,35,37,43,51,52,71,81,83,88,95
clust_eq,lpm1,1479,7,26,28,31,41,44,45,47,58,59,65,67,70,71,76,95
clust_eq,lpm1,1480,4,11,15,22,23,26,41,48,50,69,76,81,83,84,93,97
clust_eq,lpm1,1481,3,5,7,22,27,33,37,57,58,59,60,73,83,84,90,94
clust_eq,lpm1,1482,24,27,33,40,43,46,47,50,52,55,57,59,71,76,85,87
clust_eq,lpm1,1483,12,20,23,30,44,46,57,60,61,75,87,91,95,96,97,98
clust_eq,lpm1,1484,23,26,31,32,47,65,68,70,71,73,76,80,86,87,95,96
clust_eq,lpm1,1485,5,7,17,18,29,31,37,43,45,62,63,64,68,71,81,99
clust_eq,lpm1,1486,7,8,10,22,24,37,44,54,57,58,65,83,85,87,90,92
clust_eq,lpm1,1487,6,7,9,24,36,44,53,59,60,64,67,72,73,79,87,93
clust_eq,lpm1,1488,3,16,17,20,22,31,39,41,46,50,53,55,72,74,82,95
clust_eq,lpm1,1489,11,24,26,36,39,44,49,54,61,68,71,81,83,86,93,94
clust_eq,lpm1,1490,10,17,31,43,47,49,61,62,63,64,67,71,74,77,82,88
clust_eq,lpm1,1491,5,17,26,44,48,49,50,54,55,60,68,87,89,91,95,97
clust_eq,lpm1,1492,10,15,24,25,29,39,47,49,51,63,64,73,83,84,86,94
clust_eq,lpm1,1493,3,6,25,26,36,58,69,75,78,80,82,83,86,88,90,95
clust_eq,lpm1,1494,1,3,19,24,25,26,29,34,36,41,48,77,79,89,90,97
clust_eq,lpm1,1495,4,14,18,21,29,34,38,41,43,69,75,77,81,91,95,97
clust_eq,lpm1,1496,12,21,22,23,28,33,41,43,44,57,61,73,74,83,88,95
clust_eq,lpm1,1497,13,21,38,48,51,54,55,64,67,70,75,77,78,91,92,93
clust_eq,lpm1,1498,1,16,26,30,48,49,50,52,54,56,63,66,69,81,89,96
clust_eq,lpm1,1499,2,3,4,13,17,24,25,59,60,65,67,72,78,89,97,99
clust_eq,lpm1,1500,4,9,20,25,27,33,35,37,41,44,47,50,51,56,79,92
clust_eq,lpm1,1501,16,25,28,31,32,36,39,41,46,60,68,70,76,90,93,97
clust_eq,lpm1,1502,4,10,11,20,38,41,46,48,50,52,57,63,66,69,70,90
clust_eq,lpm1,1503,1,6,10,12,13,18,21,28,29,54,61,64,65,71,74,77
clust_eq,lpm1,1504,23,28,32,36,44,55,58,66,71,73,75,76,78,86,91,96
clust_eq,lpm1,1505,1,9,11,13,17,18,25,33,35,62,69,82,88,89,90,100
clust_eq,lpm1,1506,6,22,28,29,30,33,35,42,49,55,56,64,67,88,90,94
clust_eq,lpm1,1507,7,17,25,35,36,40,45,46,50,53,59,82,84,87,89,95
clust_eq,lpm1,1508,6,7,10,15,16,19,20,25,27,39,51,52,56,74,78,86
clust_eq,lpm1,1509,1,2,4,9,25,35,38,40,42,51,72,77,79,82,93,96
clust_eq,lpm1,1510,9,20,32,37,39,51,52,53,54,55,56,74,75,78,87,88
clust_eq,lpm1,1511,11,25,26,49,55,57,62,67,71,75,85,92,93,94,99,100
clust_eq,lpm1,1512,17,21,24,26,38,41,57,63,75,77,88,89,93,96,98,99
clust_eq,lpm1,1513,1,12,18,23,27,30,32,38,46,58,61,87,92,95,97,100
clust_eq,lpm1,1514,6,8,24,30,46,49,52,54,55,56,64,65,69,82,83,96
clust_eq,lpm1,1515,6,9,12,18,25,30,32,33,40,58,61,73,75,76,78,95
clust_eq,lpm1,1516,9,17,22,30,39,51,53,69,72,74,77,78,88,89,90,98
clust_eq,lpm1,1517,6,14,22,26,32,36,42,48,50,51,55,59,60,73,76,93
clust_eq,lpm1,1518,2,4,6,9,13,15,20,37,45,55,62,65,75,76,77,93
clust_eq,lpm1,1519,5,33,34,42,44,45,48,56,57,68,71,73,79,92,93,99
clust_eq,lpm1,1520,7,13,29,31,39,40,45,46,63,64,71,75,82,87,94,98
clust_eq,lpm1,1521,6,22,23,24,29,33,37,41,42,48,51,62,64,69,87,100
clust_eq,lpm1,1522,2,10,24,25,29,31,38,39,63,75,77,80,83,86,88,99
clust_eq,lpm1,1523,18,22,24,27,29,37,43,47,49,54,55,60,62,76,81,87
clust_eq,lpm1,1524,1,16,18,38,43,44,46,49,54,55,66,70,82,83,85,92
clust_eq,lpm1,1525,1,3,5,7,8,11,12,16,41,53,64,73,81,83,95,97
clust_eq,lpm1,1526,6,9,13,16,25,27,34,40,58,59,60,62,66,68,73,75
clust_eq,lpm1,1527,2,4,6,10,12,32,39,42,46,51,64,86,89,91,93,99
clust_eq,lpm1,1528,5,8,13,15,18,27,29,44,54,61,75,82,89,91,96,98
clust_eq,lpm1,1529,2,9,11,18,25,26,29,34,36,38,50,54,63,66,91,93
clust_eq,lpm1,1530,2,4,13,15,16,20,22,23,33,51,58,59,70,74,86,97
clust_eq,lpm1,1531,4,8,30,45,52,54,56,63,68,69,76,83,85,87,91,99
clust_eq,lpm1,1532,1,9,14,19,24,25,32,36,51,59,61,62,94,96,99,100
clust_eq,lpm1,1533,3,12,19,20,21,32,38,45,57,59,63,65,74,81,86,94
clust_eq,lpm1,1534,1,5,7,9,10,30,32,45,50,57,62,66,70,73,97,99
clust_eq,lpm1,1535,5,17,18,21,22,36,37,43,44,46,48,53,55,66,69,70
clust_eq,lpm1,1536,5,8,12,20,25,26,28,34,43,51,58,65,75,78,84,90
clust_eq,lpm1,1537,3,8,9,13,16,23,38,54,68,71,74,81,83,88,91,92
clust_eq,lpm1,1538,10,21,28,30,35,36,39,50,64,65,69,70,79,84,93,98
clust_eq,lpm1,1539,12,14,28,30,33,34,39,45,50,51,61,62,79,90,95,100
clust_eq,lpm1,1540,1,3,5,31,33,36,42,45,58,67,71,77,86,95,96,98
clust_eq,lpm1,1541,10,16,24,30,48,55,57,70,72,73,79,83,87,92,93,94
clust_eq,lpm1,1542,2,18,25,33,34,35,46,49,50,64,70,73,86,93,95,96
clust_eq,lpm1,1543,1,5,10,18,21,23,24,34,36,37,43,58,64,69,84,91
clust_eq,lpm1,1544,1,5,12,13,24,28,32,33,39,42,51,53,58,73,87,89
clust_eq,lpm1,1545,5,11,13,40,47,50,53,54,61,67,70,71,78,79,80,99
clust_eq,lpm1,1546,2,4,16,23,27,37,39,52,65,71,74,79,80,81,89,99
clust_eq,lpm1,1547,23,41,47,48,57,58,63,65,67,68,77,87,88,89,95,96
clust_eq,lpm1,1548,2,3,39,41,46,48,58,61,65,66,68,76,80,89,94,100
clust_eq,lpm1,1549,6,9,11,15,21,25,33,34,35,38,45,50,54,57,75,93
clust_eq,lpm1,1550,8,10,12,20,25,29,49,64,65,69,71,73,74,86,96,97
clust_eq,lpm1,1551,1,4,14,17,29,34,38,41,46,55,59,63,64,72,77,99
clust_eq,lpm1,1552,1,4,13,29,34,40,50,61,66,78,85,86,87,88,91,99
clust_eq,lpm1,1553,4,13,19,21,23,27,32,37,43,48,56,62,74,89,91,98
clust_eq,lpm1,1554,7,33,37,41,42,47,50,64,68,72,73,75,83,85,93,95
clust_eq,lpm1,1555,4,19,23,29,30,48,53,55,59,64,69,71,72,75,77,88
clust_eq,lpm1,1556,8,9,10,18,19,20,32,56,60,65,68,72,81,87,92,99
clust_eq,lpm1,1557,6,8,22,25,34,35,37,40,48,49,57,64,69,88,93,96
clust_eq,lpm1,1558,8,27,33,34,36,37,40,55,59,70,71,73,84,85,87,95
clust_eq,lpm1,1559,13,16,17,29,39,44,51,69,71,73,74,78,79,82,89,97
clust_eq,lpm1,1560,5,28,29,35,40,41,45,47,51,54,59,61,65,89,92,94
clust_eq,lpm1,1561,4,6,28,33,35,41,58,65,69,73,77,84,86,87,94,98
clust_eq,lpm1,1562,9,17,18,21,35,47,62,67,68,72,84,85,91,95,96,100
clust_eq,lpm1,1563,2,8,13,24,40,48,51,52,55,63,65,66,73,86,89,92
clust_eq,lpm1,1564,3,6,11,17,19,22,30,34,35,49,55,56,71,73,80,85
clust_eq,lpm1,1565,6,13,15,17,29,31,35,39,48,54,55,67,68,69,79,87
clust_eq,lpm1,1566,1,5,14,17,37,39,42,43,44,48,49,57,78,88,90,98
clust_eq,lpm1,1567,3,5,13,21,24,26,28,32,51,58,61,70,78,81,96,100
clust_eq,lpm1,1568,1,21,28,37,40,53,54,56,57,67,69,72,74,77,89,91
clust_eq,lpm1,1569,4,6,8,12,13,21,28,32,33,51,55,60,68,76,92,93
clust_eq,lpm1,1570,5,9,11,17,23,25,32,54,57,77,80,89,90,91,97,99
clust_eq,lpm1,1571,13,15,23,25,33,39,41,42,53,54,58,61,70,74,76,88
clust_eq,lpm1,1572,10,21,24,25,31,34,38,40,48,58,64,65,70,72,75,96
clust_eq,lpm1,1573,2,17,22,35,36,51,52,53,56,72,76,81,82,86,96,98
clust_eq,lpm1,1574,8,14,21,32,36,40,46,51,53,60,74,75,78,82,94,96
clust_eq,lpm1,1575,4,6,7,8,19,25,29,37,48,59,75,76,85,88,90,91
clust_eq,lpm1,1576,2,20,28,39,42,45,49,52,54,60,63,77,79,80,94,98
clust_eq,lpm1,1577,2,7,13,24,39,40,54,70,75,77,80,83,85,88,91,99
clust_eq,lpm1,1578,15,17,27,31,34,43,44,47,54,59,61,63,70,74,79,86
clust_eq,lpm1,1579,2,14,17,19,39,48,49,52,56,68,69,76,78,80,83,100
clust_eq,lpm1,1580,7,9,14,18,30,33,46,50,58,59,62,73,82,84,92,98
clust_eq,lpm1,1581,3,13,15,19,20,23,27,30,39,47,48,58,76,90,91,97
clust_eq,lpm1,1582,6,11,29,34,46,49,62,68,69,71,73,74,80,82,86,87
clust_eq,lpm1,1583,3,5,9,11,13,17,22,26,47,51,54,70,89,90,95,99
clust_eq,lpm1,1584,1,3,4,11,18,19,28,34,35,37,38,40,61,63,72,77
clust_eq,lpm1,1585,5,18,28,30,31,46,47,50,56,62,65,71,75,81,97,98
clust_eq,lpm1,1586,1,5,12,13,35,43,52,69,73,83,84,86,90,91,95,97
clust_eq,lpm1,1587,8,10,21,27,34,37,38,41,48,58,64,71,81,91,96,100
clust_eq,lpm1,1588,2,31,34,37,42,49,50,58,59,62,65,71,79,85,96,99
clust_eq,lpm1,1589,12,13,22,41,47,50,51,52,59,61,73,74,78,86,98,99
clust_eq,lpm1,1590,4,5,6,11,13,20,33,45,52,61,62,71,75,81,86,87
clust_eq,lpm1,1591,7,27,42,43,49,52,57,73,76,77,79,85,87,89,92,94
clust_eq,lpm1,1592,2,3,22,26,28,29,34,35,36,42,59,60,77,78,89,100
clust_eq,lpm1,1593,1,10,23,31,34,41,42,48,56,61,65,66,73,76,84,90
clust_eq,lpm1,1594,1,5,8,14,18,21,22,23,33,36,39,46,48,58,69,81
clust_eq,lpm1,1595,2,11,17,20,27,29,31,35,41,42,53,54,55,76,79,95
clust_eq,lpm1,1596,16,23,32,35,59,62,65,72,80,81,86,90,93,97,99,100
clust_eq,lpm1,1597,1,4,8,23,26,28,29,30,34,35,47,49,57,59,61,63
clust_eq,lpm1,1598,8,9,10,11,21,24,29,41,44,54,55,60,63,67,72,89
clust_eq,lpm1,1599,3,15,21,22,23,28,29,30,45,49,51,59,66,69,89,100
clust_eq,lpm1,1600,11,12,15,20,29,40,41,45,46,54,55,84,85,86,87,91
clust_eq,lpm1,1601,7,10,17,18,28,29,30,39,40,45,53,60,87,95,98,100
clust_eq,lpm1,1602,6,11,23,31,34,42,46,55,58,72,76,77,80,85,90,91
clust_eq,lpm1,1603,3,11,13,16,19,20,22,26,31,48,58,66,76,85,87,94
clust_eq,lpm1,1604,1,4,5,6,13,15,16,22,27,29,32,39,44,64,83,86
clust_eq,lpm1,1605,13,20,26,47,57,62,63,64,71,74,75,77,80,81,86,92
clust_eq,lpm1,1606,3,25,26,34,37,42,53,57,60,66,70,75,78,80,89,92
clust_eq,lpm1,1607,3,5,15,23,24,31,34,37,39,42,61,63,73,77,84,91
clust_eq,lpm1,1608,8,10,14,15,16,36,49,51,59,63,70,79,81,85,86,87
clust_eq,lpm1,1609,13,18,29,33,40,42,43,48,55,59,66,69,77,79,89,100
clust_eq,lpm1,1610,8,9,12,22,29,34,36,37,42,43,51,61,78,88,90,95
clust_eq,lpm1,1611,6,10,13,17,28,54,55,66,68,70,81,83,85,88,92,93
clust_eq,lpm1,1612,3,13,33,46,50,55,58,65,68,71,76,80,86,87,89,100
clust_eq,lpm1,1613,1,3,4,5,9,10,15,43,49,63,64,69,70,77,80,83
clust_eq,lpm1,1614,4,8,10,51,52,55,62,63,66,68,81,86,89,90,91,95
clust_eq,lpm1,1615,6,11,17,29,32,33,36,60,61,62,74,82,84,88,90,98
clust_eq,lpm1,1616,2,3,6,28,29,31,34,54,64,67,74,77,79,80,88,92
clust_eq,lpm1,1617,4,5,8,9,18,33,42,43,44,45,66,67,69,70,75,99
clust_eq,lpm1,1618,3,20,23,25,26,27,42,57,64,70,75,84,85,91,95,98
clust_eq,lpm1,1619,5,27,30,31,32,37,41,50,55,63,65,70,83,84,92,95
clust_eq,lpm1,1620,3,21,24,25,31,37,40,41,45,47,53,56,60,79,84,89
clust_eq,lpm1,1621,6,20,34,41,42,46,56,62,74,75,91,92,94,95,99,100
clust_eq,lpm1,1622,2,4,8,11,15,18,20,22,26,35,38,44,49,63,70,81
clust_eq,lpm1,1623,12,13,27,30,31,35,42,48,51,52,53,83,89,90,92,94
clust_eq,lpm1,1624,18,19,20,26,29,37,43,45,47,64,70,74,75,87,94,95
clust_eq,lpm1,1625,6,8,10,15,25,32,36,38,46,52,54,64,68,80,83,96
clust_eq,lpm1,1626,7,8,14,16,25,40,43,54,62,63,65,72,79,80,85,95
clust_eq,lpm1,1627,1,3,14,15,18,27,37,44,47,63,73,74,77,84,96,98
clust_eq,lpm1,1628,16,27,37,50,55,57,58,59,60,63,66,80,82,83,88,91
clust_eq,lpm1,1629,4,5,13,18,19,20,23,39,50,61,65,70,79,82,86,98
clust_eq,lpm1,1630,12,16,20,21,23,26,57,63,66,74,79,80,86,93,96,100
clust_eq,lpm1,1631,4,6,9,10,16,18,24,45,52,53,56,64,68,81,83,86
clust_eq,lpm1,1632,5,8,21,31,49,52,53,55,71,79,81,82,84,85,88,96
clust_eq,lpm1,1633,3,9,10,25,31,50,54,56,59,61,63,67,72,74,80,89
clust_eq,lpm1,1634,7,8,15,18,22,40,42,62,64,74,78,82,96,97,98,100
clust_eq,lpm1,1635,16,22,31,35,40,43,46,50,67,70,71,72,81,82,85,92
clust_eq,lpm1,1636,1,19,31,33,34,35,42,49,52,56,65,67,71,80,86,94
clust_eq,lpm1,1637,19,21,35,38,41,45,49,52,62,65,67,68,77,95,96,98
clust_eq,lpm1,1638,26,36,39,40,54,58,60,65,68,74,76,80,81,83,89,99
clust_eq,lpm1,1639,4,12,17,21,38,43,49,51,59,61,82,83,86,91,95,97
clust_eq,lpm1,1640,1,2,26,27,35,40,43,50,52,54,57,60,61,71,98,99
clust_eq,lpm1,1641,2,3,9,11,12,18,25,33,34,49,59,66,68,77,89,100
clust_eq,lpm1,1642,12,16,22,24,25,27,36,40,43,48,54,63,71,83,84,93
clust_eq,lpm1,1643,3,8,13,21,37,43,48,59,78,81,83,84,88,90,91,99
clust_eq,lpm1,1644,2,3,5,13,20,23,25,30,46,51,53,56,69,79,92,95
clust_eq,lpm1,1645,2,4,10,18,23,28,34,43,59,61,64,70,71,73,75,85
clust_eq,lpm1,1646,5,9,13,17,34,39,43,47,51,54,56,71,79,81,82,88
clust_eq,lpm1,1647,1,5,10,11,16,21,25,40,46,51,52,53,54,71,77,82
clust_eq,lpm1,1648,19,20,24,26,27,30,40,42,47,48,52,65,68,96,98,100
clust_eq,lpm1,1649,7,24,27,28,29,39,44,47,57,63,71,77,79,80,86,89
clust_eq,lpm1,1650,2,6,7,11,17,18,28,44,49,54,63,64,71,75,81,85
clust_eq,lpm1,1651,4,13,14,22,23,26,27,47,51,52,61,70,74,83,86,97
clust_eq,lpm1,1652,5,16,17,26,27,41,51,54,58,59,63,69,71,82,83,95
clust_eq,lpm1,1653,21,28,29,34,35,36,41,46,50,59,60,69,86,88,91,97
clust_eq,lpm1,1654,5,13,15,17,27,39,40,44,46,47,48,65,67,73,81,98
clust_eq,lpm1,1655,13,16,24,46,56,62,63,64,67,68,80,82,87,92,94,100
clust_eq,lpm1,1656,2,3,12,17,26,27,30,35,43,48,51,59,69,71,89,100
clust_eq,lpm1,1657,17,32,44,48,49,57,61,68,74,78,79,80,89,90,93,96
clust_eq,lpm1,1658,14,18,26,28,37,49,50,53,54,56,60,61,70,87,92,98
clust_eq,lpm1,1659,2,6,10,17,22,31,34,36,37,38,40,53,67,71,77,88
clust_eq,lpm1,1660,10,20,21,31,44,49,50,59,61,66,75,80,85,93,97,99
clust_eq,lpm1,1661,2,3,4,6,17,25,26,27,35,37,50,53,64,69,85,99
clust_eq,lpm1,1662,5,6,8,31,35,42,45,47,52,64,70,73,79,86,96,98
clust_eq,lpm1,1663,1,4,5,6,15,17,26,28,32,56,62,72,80,83,87,96
clust_eq,lpm1,1664,7,27,32,33,37,43,44,51,52,54,60,71,75,77,89,99
clust_eq,lpm1,1665,8,10,19,20,22,27,30,40,47,53,55,74,92,93,99,100
clust_eq,lpm1,1666,4,7,17,28,30,38,43,47,51,62,66,73,75,89,92,97
clust_eq,lpm1,1667,2,4,5,6,14,17,18,29,40,53,59,61,71,72,82,83
clust_eq,lpm1,1668,7,9,24,31,36,43,44,59,60,64,65,67,70,78,80,93
clust_eq,lpm1,1669,4,28,29,32,40,49,61,64,78,83,85,91,94,95,96,97
clust_eq,lpm1,1670,9,10,19,32,40,64,65,71,72,77,82,83,87,88,92,93
clust_eq,lpm1,1671,3,5,8,9,21,22,26,29,35,36,41,43,63,68,69,98
clust_eq,lpm1,1672,15,21,35,36,37,48,50,52,56,61,65,78,84,88,96,98
clust_eq,lpm1,1673,9,11,22,24,27,38,47,53,55,57,71,77,80,83,93,97
clust_eq,lpm1,1674,3,6,16,19,28,31,37,38,65,66,67,75,78,80,81,94
clust_eq,lpm1,1675,25,43,49,50,56,62,63,69,73,74,76,79,80,87,89,95
clust_eq,lpm1,1676,1,4,5,7,15,17,18,20,33,35,40,46,56,66,87,92
clust_eq,lpm1,1677,10,21,29,41,42,53,54,62,64,72,76,77,79,86,95,98
clust_eq,lpm1,1678,9,10,17,22,34,38,47,52,56,57,66,72,73,74,96,97
clust_eq,lpm1,1679,3,16,19,57,58,68,72,76,81,83,86,87,91,95,96,97
clust_eq,lpm1,1680,15,17,26,28,32,34,38,40,41,42,45,64,68,79,92,100
clust_eq,lpm1,1681,8,14,23,24,31,34,39,42,50,53,61,72,76,84,86,88
clust_eq,lpm1,1682,9,13,14,15,21,23,29,31,34,37,39,46,55,76,80,91
clust_eq,lpm1,1683,4,9,15,18,22,25,44,46,63,69,76,78,84,85,89,94
clust_eq,lpm1,1684,4,5,8,10,13,14,19,46,55,59,62,64,86,87,92,93
clust_eq,lpm1,1685,4,5,12,16,17,19,21,26,28,62,71,72,75,80,96,98
clust_eq,lpm1,1686,2,3,8,10,12,16,31,43,45,59,64,66,79,80,82,98
clust_eq,lpm1,1687,7,12,16,24,37,38,46,57,68,71,73,79,80,93,94,98
clust_eq,lpm1,1688,10,14,16,18,22,28,46,51,52,53,58,86,90,92,95,98
clust_eq,lpm1,1689,1,2,4,12,19,23,30,48,53,62,69,71,74,78,88,98
clust_eq,lpm1,1690,2,12,14,15,22,24,41,43,45,50,61,67,68,84,93,100
clust_eq,lpm1,1691,5,9,11,12,22,41,46,51,61,62,67,73,78,87,94,99
clust_eq,lpm1,1692,2,3,12,25,27,28,31,40,42,53,59,66,67,75,80,85
clust_eq,lpm1,1693,1,12,16,18,20,21,31,41,50,55,63,66,68,74,88,99
clust_eq,lpm1,1694,8,12,33,37,41,42,47,52,54,66,72,76,79,83,85,92
clust_eq,lpm1,1695,2,3,4,13,30,35,40,43,45,51,55,59,60,64,68,81
clust_eq,lpm1,1696,9,12,17,18,20,21,24,25,32,43,45,49,68,84,91,99
clust_eq,lpm1,1697,1,38,41,42,43,44,51,56,65,66,67,69,73,78,82,86
clust_eq,lpm1,1698,5,10,22,28,36,40,54,56,61,66,86,87,88,89,93,96
clust_eq,lpm1,1699,8,18,21,25,27,28,30,31,34,37,53,70,79,85,90,96
clust_eq,lpm1,1700,2,3,5,6,8,10,11,22,23,24,31,49,55,67,89,99
clust_eq,lpm1,1701,1,11,16,18,24,45,55,56,73,76,79,82,83,86,93,94
clust_eq,lpm1,1702,2,6,10,20,34,39,42,49,50,60,62,65,73,74,80,93
clust_eq,lpm1,1703,5,10,13,17,39,43,44,51,56,61,68,86,89,95,97,98
clust_eq,lpm1,1704,28,35,46,49,50,61,62,63,73,80,81,83,85,86,92,93
clust_eq,lpm1,1705,2,8,22,29,33,38,43,44,45,48,49,57,59,61,89,95
clust_eq,lpm1,1706,16,19,21,31,40,45,53,58,64,76,80,82,83,85,91,92
clust_eq,lpm1,1707,1,6,7,8,16,23,29,30,38,41,46,48,66,67,72,100
clust_eq,lpm1,1708,1,2,3,4,5,9,19,20,27,58,61,78,79,81,82,92
clust_eq,lpm1,1709,5,10,20,23,39,41,65,66,69,77,80,87,90,93,99,100
clust_eq,lpm1,1710,8,15,18,27,29,33,47,60,61,62,63,64,67,86,88,92
clust_eq,lpm1,1711,12,14,17,18,21,28,31,39,45,58,68,69,79,85,97,98
clust_eq,lpm1,1712,2,8,9,10,13,18,22,25,35,38,40,45,58,67,68,96
clust_eq,lpm1,1713,25,29,33,47,50,51,56,59,71,72,74,79,83,97,99,100
clust_eq,lpm1,1714,8,16,20,26,28,30,31,39,40,62,65,71,72,75,85,89
clust_eq,lpm1,1715,4,12,30,33,44,47,51,55,59,68,72,76,85,89,93,95
clust_eq,lpm1,1716,4,8,12,19,41,45,60,61,64,75,78,90,94,95,96,98
clust_eq,lpm1,1717,9,11,13,15,20,27,34,37,76,77,80,81,91,93,94,100
clust_eq,lpm1,1718,1,4,18,29,37,55,65,66,67,69,76,78,87,88,94,95
clust_eq,lpm1,1719,1,2,4,7,10,23,24,25,41,44,45,76,86,89,92,96
clust_eq,lpm1,1720,3,22,23,28,30,39,43,46,57,61,67,74,84,87,89,100
clust_eq,lpm1,1721,3,4,19,26,38,39,47,58,61,63,66,75,77,80,87,99
clust_eq,lpm1,1722,21,22,24,32,36,39,44,48,52,56,60,64,73,78,81,84
clust_eq,lpm1,1723,6,13,15,16,19,31,38,50,68,70,74,78,82,87,96,98
clust_eq,lpm1,1724,2,12,20,22,32,43,44,54,65,72,76,81,82,85,88,94
clust_eq,lpm1,1725,11,16,21,25,28,29,31,37,44,50,63,66,73,80,85,92
clust_eq,lpm1,1726,18,30,36,44,45,47,50,58,59,61,65,71,76,78,96,98
clust_eq,lpm1,1727,3,9,10,15,22,24,30,31,53,55,67,72,73,77,81,97
clust_eq,lpm1,1728,4,15,23,27,35,41,59,61,62,63,68,81,85,90,91,98
clust_eq,lpm1,1729,2,4,10,35,38,41,61,70,72,75,83,84,85,93,95,96
clust_eq,lpm1,1730,4,5,9,10,37,40,41,42,47,56,64,83,91,92,95,97
clust_eq,lpm1,1731,6,16,17,24,26,28,32,34,41,52,65,70,72,73,75,85
clust_eq,lpm1,1732,10,17,19,21,24,34,49,56,61,65,68,76,80,86,97,99
clust_eq,lpm1,1733,12,18,26,31,41,43,45,61,62,65,71,74,81,82,94,98
clust_eq,lpm1,1734,2,6,7,10,11,15,23,27,44,57,58,60,73,79,86,89
clust_eq,lpm1,1735,4,9,26,29,34,41,42,72,76,79,89,90,93,96,97,99
clust_eq,lpm1,1736,17,33,43,47,50,51,52,54,55,60,65,67,74,88,90,99
clust_eq,lpm1,1737,13,14,18,21,28,29,43,50,53,62,68,69,76,78,86,100
clust_eq,lpm1,1738,12,13,14,23,25,52,57,59,61,64,73,79,86,87,95,97
clust_eq,lpm1,1739,1,3,7,18,21,30,31,34,40,43,76,77,85,88,89,91
clust_eq,lpm1,1740,15,36,44,45,49,54,55,65,67,69,74,75,86,90,92,93
clust_eq,lpm1,1741,3,11,29,32,36,61,63,75,77,78,81,84,86,90,95,99
clust_eq,lpm1,1742,1,3,20,26,35,39,58,60,61,64,72,77,84,90,99,100
clust_eq,lpm1,1743,3,7,26,28,35,42,49,57,58,65,67,68,73,86,94,96
clust_eq,lpm1,1744,1,2,6,9,17,34,38,49,51,52,55,57,65,66,71,79
clust_eq,lpm1,1745,1,12,13,24,27,37,38,44,47,52,54,57,67,83,91,96
clust_eq,lpm1,1746,11,14,15,21,29,31,32,37,40,48,72,78,79,80,81,93
clust_eq,lpm1,1747,7,14,15,16,22,24,25,49,53,58,70,82,88,94,96,100
clust_eq,lpm1,1748,6,7,14,16,36,37,39,40,52,54,58,67,80,86,91,95
clust_eq,lpm1,1749,6,10,16,20,23,27,29,41,42,54,60,77,82,89,95,96
clust_eq,lpm1,1750,5,8,25,43,44,46,47,63,72,79,82,89,90,93,95,100
clust_eq,lpm1,1751,6,8,11,13,46,52,57,60,61,75,76,81,83,84,87,95
clust_eq,lpm1,1752,5,6,10,17,18,21,34,42,52,56,65,72,79,86,95,100
clust_eq,lpm1,1753,1,6,11,24,25,31,32,33,37,41,45,48,56,89,90,93
clust_eq,lpm1,1754,5,6,14,17,27,34,39,40,46,51,53,54,56,69,82,87
clust_eq,lpm1,1755,4,17,25,26,35,41,52,68,69,70,80,82,86,90,91,92
clust_eq,lpm1,1756,11,13,27,37,38,40,48,52,56,67,69,74,81,91,97,100
clust_eq,lpm1,1757,5,11,31,32,33,37,40,42,46,48,49,58,78,80,83,87
clust_eq,lpm1,1758,15,17,22,29,35,53,55,62,68,73,78,80,82,88,90,98
clust_eq,lpm1,1759,6,7,8,26,28,41,57,60,62,63,70,71,80,87,89,95
clust_eq,lpm1,1760,18,25,31,35,42,43,52,58,60,63,68,69,70,82,88,98
clust_eq,lpm1,1761,9,11,15,25,38,51,56,57,58,63,64,69,72,75,78,87
clust_eq,lpm1,1762,7,8,37,42,44,47,48,51,57,64,65,66,72,79,92,93
clust_eq,lpm1,1763,2,8,35,37,41,42,46,49,63,75,81,83,92,93,95,100
clust_eq,lpm1,1764,2,9,14,26,31,32,38,43,45,50,61,62,75,93,97,99
clust_eq,lpm1,1765,2,8,11,15,28,32,33,36,41,62,66,70,73,79,97,98
clust_eq,lpm1,1766,4,9,21,39,40,43,54,56,61,65,76,80,85,88,93,98
clust_eq,lpm1,1767,12,14,17,24,27,31,36,43,62,64,65,69,79,84,85,98
clust_eq,lpm1,1768,3,9,13,17,32,34,41,63,65,70,73,74,79,81,89,99
clust_eq,lpm1,1769,5,8,9,10,11,18,22,34,40,45,56,64,69,73,87,95
clust_eq,lpm1,1770,1,7,13,39,42,51,60,62,65,66,77,78,84,93,98,99
clust_eq,lpm1,1771,12,22,23,48,52,61,71,73,75,76,80,84,90,92,98,99
clust_eq,lpm1,1772,3,5,20,22,27,33,37,49,50,53,54,56,61,66,82,87
clust_eq,lpm1,1773,14,21,26,28,29,30,36,50,54,61,68,71,77,85,91,97
clust_eq,lpm1,1774,23,38,47,51,56,65,71,72,74,75,81,82,92,93,98,100
clust_eq,lpm1,1775,4,33,38,41,42,45,52,61,65,68,71,77,86,94,98,99
clust_eq,lpm1,1776,5,9,10,11,20,22,29,42,44,45,47,54,57,66,92,94
clust_eq,lpm1,1777,4,11,13,15,21,22,23,24,30,34,54,61,70,77,82,97
clust_eq,lpm1,1778,1,8,12,15,19,32,39,40,45,51,57,63,74,82,83,87
clust_eq,lpm1,1779,3,11,13,21,22,31,38,55,56,69,71,74,88,92,97,99
clust_eq,lpm1,1780,1,8,18,21,24,26,36,37,48,59,61,62,71,73,83,93
clust_eq,lpm1,1781,3,10,14,17,21,34,37,41,49,65,70,79,85,89,90,92
clust_eq,lpm1,1782,5,8,18,21,27,33,34,39,40,48,56,66,79,86,89,100
clust_eq,lpm1,1783,4,8,16,18,29,30,34,35,49,65,75,78,87,89,92,99
clust_eq,lpm1,1784,5,18,23,25,28,30,39,58,69,72,78,79,88,89,90,97
clust_eq,lpm1,1785,12,25,26,30,38,42,43,49,65,69,71,73,80,93,97,99
clust_eq,lpm1,1786,7,9,12,15,16,17,18,20,26,40,53,54,60,75,90,96
clust_eq,lpm1,1787,11,18,20,26,32,34,40,48,50,66,72,73,75,85,93,97
clust_eq,lpm1,1788,1,3,12,18,25,27,28,31,37,39,60,61,63,66,73,83
clust_eq,lpm1,1789,1,2,12,19,26,31,43,55,59,62,71,76,82,85,88,89
clust_eq,lpm1,1790,1,6,13,14,25,34,44,46,47,48,50,54,76,91,93,99
clust_eq,lpm1,1791,6,12,14,22,27,31,41,42,48,53,76,77,89,90,93,96
clust_eq,lpm1,1792,10,23,29,34,35,44,48,51,55,68,69,72,84,91,95,96
clust_eq,lpm1,1793,4,9,11,18,20,33,34,35,42,49,54,62,75,87,93,95
clust_eq,lpm1,1794,1,14,19,23,24,33,38,41,43,51,58,69,73,81,86,90
clust_eq,lpm1,1795,5,8,12,13,15,18,31,47,52,55,69,78,79,82,89,96
clust_eq,lpm1,1796,1,6,25,41,48,54,65,67,70,71,72,76,87,88,93,99
clust_eq,lpm1,1797,6,27,30,34,38,40,47,66,68,70,73,78,80,81,85,91
clust_eq,lpm1,1798,4,7,8,20,21,33,35,58,71,72,75,80,81,82,86,96
clust_eq,lpm1,1799,6,7,11,14,21,32,35,37,40,45,49,57,58,60,62,84
clust_eq,lpm1,1800,1,4,5,12,18,20,27,32,48,49,50,53,58,59,61,89
clust_eq,lpm1,1801,4,9,11,14,16,30,50,52,53,54,55,76,77,88,91,99
clust_eq,lpm1,1802,2,6,12,14,15,17,19,26,31,34,37,40,41,59,60,76
clust_eq,lpm1,1803,7,11,19,22,28,34,38,41,47,49,68,73,74,93,94,95
clust_eq,lpm1,1804,5,6,18,23,28,33,39,49,50,60,62,67,73,75,87,89
clust_eq,lpm1,1805,8,10,11,21,24,29,37,41,45,57,59,60,61,62,71,98
clust_eq,lpm1,1806,9,11,19,21,35,37,38,52,53,61,67,72,77,79,89,100
clust_eq,lpm1,1807,9,17,25,29,32,35,36,50,84,87,90,91,92,97,99,100
clust_eq,lpm1,1808,5,21,24,27,43,46,52,56,58,59,64,67,73,78,80,82
clust_eq,lpm1,1809,5,9,12,14,21,34,46,49,51,52,65,71,84,88,94,96
clust_eq,lpm1,1810,2,5,27,28,30,33,34,44,50,54,55,57,58,64,75,96
clust_eq,lpm1,1811,18,28,31,38,45,50,52,53,56,59,69,74,75,83,84,87
clust_eq,lpm1,1812,9,13,15,34,35,39,42,46,51,53,58,76,77,90,97,100
clust_eq,lpm1,1813,3,5,8,19,22,25,27,29,30,32,33,43,48,64,90,100
clust_eq,lpm1,1814,11,13,16,27,31,39,40,55,66,76,78,79,82,83,85,94
clust_eq,lpm1,1815,2,20,32,38,39,43,44,48,51,68,70,78,87,88,93,95
clust_eq,lpm1,1816,4,16,18,19,24,33,38,55,62,64,67,79,93,94,96,99
clust_eq,lpm1,1817,2,6,10,15,16,17,31,36,37,45,48,54,62,64,79,98
clust_eq,lpm1,1818,18,26,28,30,40,54,58,61,65,67,71,74,77,78,81,92
clust_eq,lpm1,1819,7,16,17,30,35,39,44,45,48,49,58,63,73,79,83,89
clust_eq,lpm1,1820,31,42,47,49,52,56,58,63,64,65,66,68,74,83,88,99
clust_eq,lpm1,1821,1,17,26,30,35,36,42,64,67,70,77,79,87,95,96,100
clust_eq,lpm1,1822,1,2,6,13,14,24,28,32,38,57,70,73,77,91,92,93
clust_eq,lpm1,1823,11,13,26,28,37,50,61,62,67,73,75,84,85,90,95,97
clust_eq,lpm1,1824,6,11,14,17,25,27,32,46,52,56,57,76,84,86,90,99
clust_eq,lpm1,1825,13,14,19,23,24,27,42,53,55,58,70,76,86,88,90,96
clust_eq,lpm1,1826,14,17,21,27,33,36,38,40,58,59,64,65,68,69,80,99
clust_eq,lpm1,1827,1,8,13,18,23,29,47,55,64,74,78,83,88,95,96,97
clust_eq,lpm1,1828,8,13,14,25,33,38,51,52,56,59,61,79,82,83,85,100
clust_eq,lpm1,1829,1,2,10,14,17,19,24,25,28,34,52,53,57,76,97,100
clust_eq,lpm1,1830,3,7,12,19,23,27,28,31,32,33,35,37,49,53,83,85
clust_eq,lpm1,1831,1,4,9,12,14,19,21,43,49,52,67,76,80,81,94,99
clust_eq,lpm1,1832,6,14,17,32,42,45,48,50,53,55,57,68,70,74,86,100
clust_eq,lpm1,1833,1,6,29,44,57,66,72,73,85,87,89,90,91,94,95,98
clust_eq,lpm1,1834,3,9,11,25,31,45,56,67,68,69,71,76,80,85,91,97
clust_eq,lpm1,1835,23,27,36,42,47,48,49,60,66,68,70,73,77,83,91,96
clust_eq,lpm1,1836,5,9,11,12,23,24,36,46,52,55,63,75,81,89,90,100
clust_eq,lpm1,1837,15,25,31,32,35,36,38,42,53,58,59,70,84,86,91,97
clust_eq,lpm1,1838,2,8,9,12,20,22,25,26,27,31,42,52,53,64,80,95
clust_eq,lpm1,1839,10,15,20,21,22,28,36,37,51,54,62,66,81,85,93,96
clust_eq,lpm1,1840,3,4,9,13,19,23,33,39,42,53,66,67,71,78,82,89
clust_eq,lpm1,1841,6,11,13,18,32,34,45,48,54,58,62,71,77,85,89,91
clust_eq,lpm1,1842,5,15,17,20,24,33,37,43,49,54,57,69,75,90,92,93
clust_eq,lpm1,1843,3,9,12,16,19,26,40,49,53,59,66,74,84,87,89,99
clust_eq,lpm1,1844,2,7,14,15,43,45,54,57,62,68,74,75,93,94,97,98
clust_eq,lpm1,1845,10,14,17,30,31,34,40,41,50,53,60,61,72,75,76,96
clust_eq,lpm1,1846,4,10,16,17,20,32,49,51,52,53,60,66,79,81,92,95
clust_eq,lpm1,1847,3,5,12,17,20,36,41,46,54,55,63,65,66,87,92,99
clust_eq,lpm1,1848,29,30,32,41,44,45,48,54,61,63,65,71,74,78,80,81
clust_eq,lpm1,1849,7,13,23,24,34,47,58,59,65,70,76,80,82,92,97,100
clust_eq,lpm1,1850,1,8,10,11,12,30,31,34,38,41,61,64,87,88,94,99
clust_eq,lpm1,1851,16,23,24,25,38,50,51,53,54,58,68,71,78,87,88,89
clust_eq,lpm1,1852,15,16,17,18,19,20,24,38,39,50,53,56,72,78,87,98
clust_eq,lpm1,1853,6,13,20,26,32,40,48,50,56,60,63,64,75,87,92,100
clust_eq,lpm1,1854,1,16,18,23,28,53,62,71,73,76,78,84,86,87,89,92
clust_eq,lpm1,1855,1,2,8,9,12,24,26,33,41,44,57,64,66,67,69,73
clust_eq,lpm1,1856,3,12,15,16,26,30,32,36,38,59,63,65,66,73,77,81
clust_eq,lpm1,1857,1,6,31,47,48,52,58,65,72,76,81,83,88,92,94,95
clust_eq,lpm1,1858,4,16,45,52,55,59,71,76,79,82,84,85,89,94,96,97
clust_eq,lpm1,1859,4,8,27,39,56,61,65,74,76,78,79,80,89,94,98,99
clust_eq,lpm1,1860,1,18,23,33,47,49,56,62,71,76,83,84,85,86,90,96
clust_eq,lpm1,1861,1,5,15,16,29,32,50,51,54,63,66,72,79,82,92,98
clust_eq,lpm1,1862,23,30,33,43,44,49,57,64,67,68,69,71,77,87,99,100
clust_eq,lpm1,1863,7,9,12,17,26,35,39,54,57,67,77,79,80,81,95,97
clust_eq,lpm1,1864,1,6,12,17,32,41,42,45,57,64,91,93,95,96,98,99
clust_eq,lpm1,1865,1,2,7,34,35,36,37,41,46,60,62,65,71,72,89,93
clust_eq,lpm1,1866,28,38,39,41,49,50,56,62,65,66,69,78,83,85,92,100
clust_eq,lpm1,1867,3,5,14,23,30,45,47,55,57,58,60,65,67,68,73,96
clust_eq,lpm1,1868,3,13,19,24,33,42,45,47,50,51,58,59,64,67,71,86
clust_eq,lpm1,1869,3,5,7,15,21,23,46,49,57,58,60,65,66,81,84,92
clust_eq,lpm1,1870,1,8,14,20,23,24,28,32,33,36,39,41,52,72,90,92
clust_eq,lpm1,1871,4,9,12,16,18,27,38,39,43,50,62,67,75,91,95,98
clust_eq,lpm1,1872,1,8,10,13,19,20,28,34,38,39,45,57,81,90,93,95
clust_eq,lpm1,1873,8,13,33,35,37,38,40,43,44,46,48,55,73,83,87,97
clust_eq,lpm1,1874,21,22,30,46,48,51,62,67,71,72,74,78,81,94,96,100
clust_eq,lpm1,1875,4,11,14,15,21,26,28,43,44,49,50,51,58,69,75,85
clust_eq,lpm1,1876,9,14,15,19,22,26,43,47,57,58,62,74,77,87,88,98
clust_eq,lpm1,1877,2,5,9,12,18,30,33,44,45,49,52,53,59,67,69,79
clust_eq,lpm1,1878,2,17,24,34,36,37,42,45,56,59,62,78,79,84,85,89
clust_eq,lpm1,1879,2,9,32,33,38,44,45,46,49,51,52,59,74,81,89,92
clust_eq,lpm1,1880,14,32,35,36,42,43,55,60,62,65,68,80,82,84,88,94
clust_eq,lpm1,1881,1,12,13,15,16,20,41,59,74,76,78,82,91,93,94,100
clust_eq,lpm1,1882,1,3,4,11,15,21,25,32,40,46,60,72,74,77,82,91
clust_eq,lpm1,1883,13,20,21,22,24,31,39,45,50,55,56,63,69,85,86,93
clust_eq,lpm1,1884,5,7,9,14,19,23,29,49,57,59,62,75,89,90,91,99
clust_eq,lpm1,1885,2,4,9,10,16,25,39,44,49,50,54,74,76,83,93,97
clust_eq,lpm1,1886,1,2,3,17,18,27,33,36,39,53,55,74,77,81,89,99
clust_eq,lpm1,1887,2,7,8,12,25,35,43,49,71,79,86,88,89,91,93,100
clust_eq,lpm1,1888,2,6,8,13,14,21,34,39,45,58,62,68,76,79,84,99
clust_eq,lpm1,1889,11,20,36,45,49,50,52,53,54,55,66,69,74,75,90,99
clust_eq,lpm1,1890,1,4,13,35,39,42,52,55,56,63,83,84,86,91,94,95
clust_eq,lpm1,1891,7,15,19,21,23,38,49,57,58,62,63,65,66,80,89,92
clust_eq,lpm1,1892,1,15,19,25,28,29,30,32,33,39,45,50,51,62,83,85
clust_eq,lpm1,1893,6,9,12,17,36,41,42,46,52,60,61,64,79,90,92,100
clust_eq,lpm1,1894,4,6,10,13,19,23,30,44,48,52,53,61,64,67,87,95
clust_eq,lpm1,1895,1,5,9,10,18,21,29,35,40,42,53,77,79,83,90,100
clust_eq,lpm1,1896,11,16,25,29,31,46,60,62,63,64,68,76,80,90,91,98
clust_eq,lpm1,1897,9,13,19,31,43,44,53,55,58,66,67,76,78,85,90,92
clust_eq,lpm1,1898,8,9,22,30,33,36,42,66,73,74,83,84,87,93,96,97
clust_eq,lpm1,1899,3,21,23,24,41,48,57,61,75,76,77,78,83,84,96,97
clust_eq,lpm1,1900,7,10,14,28,38,42,43,49,53,56,57,62,67,74,93,97
clust_eq,lpm1,1901,4,14,17,19,25,37,45,55,62,64,74,79,87,91,92,97
clust_eq,lpm1,1902,5,13,20,25,29,37,43,60,61,77,88,90,91,92,99,100
clust_eq,lpm1,1903,4,17,29,37,38,47,50,55,63,69,84,85,88,91,92,99
clust_eq,lpm1,1904,10,12,19,21,31,34,36,50,52,60,65,67,68,74,92,99
clust_eq,lpm1,1905,1,5,10,12,13,16,22,31,48,50,55,64,87,93,96,99
clust_eq,lpm1,1906,5,6,7,15,17,18,19,21,22,23,28,39,64,67,73,78
clust_eq,lpm1,1907,3,5,11,13,14,23,24,34,37,41,42,53,72,75,81,99
clust_eq,lpm1,1908,4,8,9,11,18,21,22,27,30,37,38,46,52,61,66,67
clust_eq,lpm1,1909,22,23,28,33,34,36,38,43,44,51,58,69,85,89,97,100
clust_eq,lpm1,1910,3,10,17,22,35,36,60,61,67,68,72,77,81,90,97,99
clust_eq,lpm1,1911,5,17,41,46,52,54,57,61,65,66,68,77,86,90,96,98
clust_eq,lpm1,1912,14,19,23,26,29,30,32,39,44,45,47,57,76,79,81,85
clust_eq,lpm1,1913,9,13,17,19,21,22,32,53,62,66,73,80,81,96,98,99
clust_eq,lpm1,1914,7,10,12,16,40,43,45,49,64,66,68,73,90,93,95,97
clust_eq,lpm1,1915,5,28,43,49,54,59,64,69,70,71,77,79,84,90,93,98
clust_eq,lpm1,1916,9,14,15,17,42,44,45,49,67,68,80,82,91,96,98,100
clust_eq,lpm1,1917,1,8,15,16,18,26,35,36,40,42,48,49,69,76,91,96
clust_eq,lpm1,1918,9,16,17,39,52,53,54,56,57,64,71,72,74,78,80,83
clust_eq,lpm1,1919,5,27,30,32,36,43,50,55,56,59,64,73,90,91,97,99
clust_eq,lpm1,1920,3,11,14,16,18,26,28,29,38,63,67,75,77,84,88,95
clust_eq,lpm1,1921,8,10,13,21,28,34,39,40,54,60,63,64,65,66,68,93
clust_eq,lpm1,1922,18,22,23,31,33,41,42,55,70,71,75,76,85,86,89,93
clust_eq,lpm1,1923,3,16,26,29,36,42,51,66,84,85,89,92,94,96,97,99
clust_eq,lpm1,1924,1,4,7,17,20,28,39,42,44,45,49,51,52,76,78,85
clust_eq,lpm1,1925,11,19,20,40,43,45,64,69,70,73,78,80,85,86,90,93
clust_eq,lpm1,1926,9,10,16,25,34,35,38,43,51,52,63,70,71,72,91,94
clust_eq,lpm1,1927,6,8,13,18,20,27,35,47,48,56,62,69,71,91,96,100
clust_eq,lpm1,1928,16,18,23,28,31,34,39,43,45,56,62,66,76,79,90,97
clust_eq,lpm1,1929,2,3,7,9,14,19,22,33,36,41,43,58,73,85,89,99
clust_eq,lpm1,1930,4,5,11,21,28,34,37,44,50,56,63,64,80,88,92,95
clust_eq,lpm1,1931,4,6,16,17,22,24,28,41,52,54,60,64,78,83,87,92
clust_eq,lpm1,1932,6,8,10,22,23,24,28,31,36,46,47,70,71,76,87,98
clust_eq,lpm1,1933,10,17,28,37,40,43,45,55,56,57,69,71,74,89,90,92
clust_eq,lpm1,1934,1,11,13,21,24,33,39,40,58,60,69,71,72,77,83,100
clust_eq,lpm1,1935,4,8,10,25,29,38,39,40,41,51,66,67,79,82,87,92
clust_eq,lpm1,1936,16,19,20,25,30,39,40,43,51,62,68,71,72,77,78,99
clust_eq,lpm1,1937,10,11,16,22,27,31,35,40,54,56,67,70,71,82,86,89
clust_eq,lpm1,1938,1,5,19,21,35,36,51,52,63,67,72,77,89,90,91,99
clust_eq,lpm1,1939,5,10,14,15,47,49,52,53,58,59,69,77,79,82,89,100
clust_eq,lpm1,1940,2,12,23,37,41,49,51,52,65,67,69,71,79,97,99,100
clust_eq,lpm1,1941,2,4,11,13,14,17,38,48,51,55,59,62,67,85,88,97
clust_eq,lpm1,1942,5,12,13,20,26,50,55,59,60,66,68,69,81,91,93,100
clust_eq,lpm1,1943,2,7,13,17,20,24,29,43,51,62,63,65,73,75,76,86
clust_eq,lpm1,1944,8,15,16,26,28,31,39,62,64,65,72,76,86,88,97,98
clust_eq,lpm1,1945,1,8,20,21,22,31,35,41,52,55,58,63,64,72,84,85
clust_eq,lpm1,1946,3,5,10,15,23,29,34,49,53,54,64,69,75,80,82,87
clust_eq,lpm1,1947,11,12,17,21,28,45,49,59,61,66,74,84,86,91,98,100
clust_eq,lpm1,1948,2,5,7,12,17,46,52,54,57,59,71,72,79,83,97,99
clust_eq,lpm1,1949,3,5,6,9,17,19,21,24,31,33,40,59,68,69,78,98
clust_eq,lpm1,1950,7,9,21,37,38,39,53,56,57,58,66,78,79,81,83,88
clust_eq,lpm1,1951,7,10,11,15,21,50,52,54,57,67,72,75,85,86,90,92
clust_eq,lpm1,1952,2,13,14,23,26,28,40,55,63,64,65,70,73,74,80,92
clust_eq,lpm1,1953,11,15,17,18,19,24,26,38,39,52,55,69,79,82,90,100
clust_eq,lpm1,1954,18,32,42,43,45,48,55,58,59,63,66,75,89,94,99,100
clust_eq,lpm1,1955,4,5,18,19,20,29,49,55,56,60,75,81,91,94,97,99
clust_eq,lpm1,1956,6,11,14,21,29,33,48,57,72,76,80,81,82,84,94,98
clust_eq,lpm1,1957,2,3,8,23,31,33,34,36,45,65,67,74,75,86,95,97
clust_eq,lpm1,1958,2,3,4,8,10,11,12,25,28,60,61,64,72,80,95,97
clust_eq,lpm1,1959,2,5,13,15,17,19,23,34,39,42,44,73,78,82,86,91
clust_eq,lpm1,1960,3,9,17,18,25,32,33,38,42,66,70,72,75,88,97,100
clust_eq,lpm1,1961,7,20,27,35,39,40,47,54,70,75,76,80,85,91,93,97
clust_eq,lpm1,1962,14,15,21,25,28,41,44,46,53,59,73,77,78,79,85,94
clust_eq,lpm1,1963,23,24,32,36,42,46,48,58,68,70,71,80,82,88,96,98
clust_eq,lpm1,1964,1,2,4,5,10,13,44,58,61,67,77,84,89,96,97,99
clust_eq,lpm1,1965,1,12,22,23,24,30,32,37,38,41,45,57,61,77,90,96
clust_eq,lpm1,1966,19,26,37,38,56,57,60,66,69,72,75,80,83,87,93,97
clust_eq,lpm1,1967,17,29,34,40,41,42,65,66,72,73,80,85,86,87,96,97
clust_eq,lpm1,1968,1,5,7,10,17,30,47,51,64,65,70,80,81,88,92,95
clust_eq,lpm1,1969,3,5,13,20,22,24,25,31,32,33,45,59,87,94,97,99
clust_eq,lpm1,1970,1,3,6,21,41,48,53,55,56,57,58,66,83,86,88,100
clust_eq,lpm1,1971,15,17,20,21,43,44,45,51,52,55,60,74,79,81,92,100
clust_eq,lpm1,1972,1,2,4,12,20,26,30,37,43,50,51,52,61,74,78,99
clust_eq,lpm1,1973,6,12,24,31,38,40,41,42,47,48,53,54,68,69,89,93
clust_eq,lpm1,1974,3,8,11,14,16,23,33,36,45,46,54,55,85,86,92,95
clust_eq,lpm1,1975,14,18,22,29,34,40,43,44,47,54,60,63,74,81,88,95
clust_eq,lpm1,1976,1,14,17,19,27,28,31,35,44,53,61,80,83,86,92,93
clust_eq,lpm1,1977,9,14,16,22,27,33,36,40,51,53,56,76,81,84,98,99
clust_eq,lpm1,1978,2,12,18,25,40,53,54,60,62,69,71,75,76,88,97,99
clust_eq,lpm1,1979,10,31,45,47,53,54,61,68,74,76,77,89,93,96,98,99
clust_eq,lpm1,1980,2,6,13,22,26,35,39,40,48,57,61,64,77,80,83,94
clust_eq,lpm1,1981,14,16,22,25,32,33,37,40,52,64,70,72,73,74,84,92
clust_eq,lpm1,1982,16,17,21,38,43,48,49,58,64,65,66,68,84,88,98,100
clust_eq,lpm1,1983,2,3,23,26,27,34,37,38,41,55,57,59,70,79,85,92
clust_eq,lpm1,1984,2,4,5,7,8,39,41,43,46,60,64,67,70,79,84,93
clust_eq,lpm1,1985,7,12,15,17,37,43,52,63,66,67,72,79,84,86,87,100
clust_eq,lpm1,1986,3,6,13,19,20,24,58,59,60,68,69,71,77,79,87,88
clust_eq,lpm1,1987,13,15,21,22,24,26,32,42,43,51,70,76,86,88,93,94
clust_eq,lpm1,1988,10,13,17,20,25,37,38,43,47,48,62,65,84,90,95,100
clust_eq,lpm1,1989,7,19,28,32,37,39,45,51,62,63,74,77,87,89,91,93
clust_eq,lpm1,1990,17,25,41,48,53,60,62,67,73,78,80,84,89,90,92,99
clust_eq,lpm1,1991,1,21,22,23,25,29,31,39,46,49,62,64,69,71,74,95
clust_eq,lpm1,1992,2,5,9,10,18,23,34,37,43,56,59,61,62,72,84,99
clust_eq,lpm1,1993,8,13,16,21,52,56,57,63,71,74,75,78,82,83,88,96
clust_eq,lpm1,1994,9,12,16,30,43,49,51,52,64,74,75,83,88,91,94,95
clust_eq,lpm1,1995,4,6,19,23,26,28,30,34,41,42,49,52,71,85,87,96
clust_eq,lpm1,1996,21,26,29,31,40,51,55,56,60,74,76,79,83,88,95,96
clust_eq,lpm1,1997,4,12,17,27,32,48,59,63,71,74,76,79,84,87,93,98
clust_eq,lpm1,1998,2,3,5,6,9,11,24,34,46,49,50,69,81,84,91,100
clust_eq,lpm1,1999,5,8,13,18,26,29,42,56,65,68,73,82,83,90,95,96
clust_eq,lpm1,2000,2,3,6,9,10,23,35,36,37,38,42,51,81,91,96,98
clust_eq,wave,1,5,13,25,31,33,40,43,45,50,52,59,69,71,75,87,89
clust_eq,wave,2,6,9,12,13,16,17,30,31,44,46,55,59,66,67,76,91
clust_eq,wave,3,1,14,21,26,27,28,39,41,53,57,70,74,84,86,93,98
clust_eq,wave,4,9,17,27,32,39,40,54,57,61,71,76,87,89,91,97,99
clust_eq,wave,5,4,9,14,16,17,43,46,51,54,65,68,70,74,81,83,99
clust_eq,wave,6,11,12,26,34,36,42,47,51,63,75,76,77,84,86,93,95
clust_eq,wave,7,5,8,9,21,22,33,36,43,45,51,52,54,64,69,71,81
clust_eq,wave,8,7,9,12,26,27,35,36,39,53,54,71,75,77,87,89,93
clust_eq,wave,9,13,17,37,39,47,53,55,60,66,70,78,79,83,88,99,100
clust_eq,wave,10,11,17,24,41,47,51,54,55,64,67,70,71,72,78,79,85
clust_eq,wave,11,12,17,26,36,44,51,59,60,63,66,69,73,79,82,83,87
clust_eq,wave,12,15,16,17,25,26,30,32,41,45,57,64,65,68,70,84,85
clust_eq,wave,13,1,7,14,16,46,49,57,70,71,74,82,84,86,91,93,96
clust_eq,wave,14,6,8,13,16,19,24,25,29,40,57,59,64,67,82,86,91
clust_eq,wave,15,5,6,20,26,32,36,51,52,55,65,68,73,77,78,94,99
clust_eq,wave,16,6,9,15,26,36,47,52,55,59,64,74,75,78,83,88,94
clust_eq,wave,17,9,10,13,15,21,31,32,35,40,43,50,55,58,65,68,89
clust_eq,wave,18,1,17,18,34,44,46,61,63,64,70,72,85,90,96,99,100
clust_eq,wave,19,2,5,11,13,14,31,33,37,42,45,69,70,75,93,98,99
clust_eq,wave,20,2,6,7,19,20,24,38,49,65,70,75,78,80,86,93,100
clust_eq,wave,21,18,20,37,43,44,46,47,48,50,52,54,55,65,71,72,76
clust_eq,wave,22,5,16,19,27,34,44,48,56,57,64,68,80,91,94,95,96
clust_eq,wave,23,3,5,14,34,36,51,53,56,78,79,85,87,88,92,94,99
clust_eq,wave,24,4,14,17,28,44,47,49,53,54,56,59,61,74,79,86,98
clust_eq,wave,25,2,4,19,39,41,48,51,53,56,62,66,69,75,76,81,83
clust_eq,wave,26,2,12,41,43,48,51,58,59,61,66,72,76,83,88,91,93
clust_eq,wave,27,4,9,10,15,17,19,35,47,59,63,69,70,80,90,92,98
clust_eq,wave,28,16,19,22,27,41,53,57,58,62,64,67,82,85,92,94,98
clust_eq,wave,29,2,3,18,22,30,35,37,48,50,53,55,56,72,73,83,92
clust_eq,wave,30,1,2,4,7,19,20,29,43,57,60,64,71,88,91,94,99
clust_eq,wave,31,13,14,19,21,23,28,31,43,47,55,56,59,62,67,86,91
clust_eq,wave,32,5,7,8,10,13,22,29,31,40,48,53,71,87,88,89,92
clust_eq,wave,33,11,14,31,33,40,42,49,50,62,69,75,82,85,88,90,97
clust_eq,wave,34,1,10,17,20,32,37,44,54,57,60,61,65,70,87,95,98
clust_eq,wave,35,11,12,21,25,32,36,37,51,54,60,64,66,77,78,79,93
clust_eq,wave,36,9,10,11,12,15,23,25,35,42,44,49,51,54,67,88,97
clust_eq,wave,37,21,31,34,41,43,45,48,50,59,62,76,78,81,91,93,95
clust_eq,wave,38,6,9,12,16,25,32,41,45,57,65,68,71,77,84,89,93
clust_eq,wave,39,4,5,6,9,10,13,15,46,58,62,65,68,69,81,87,89
clust_eq,wave,40,1,9,18,23,26,29,34,39,42,49,64,66,73,74,90,91
clust_eq,wave,41,1,18,24,27,29,38,44,48,50,69,71,73,87,89,96,97
clust_eq,wave,42,24,33,43,47,51,55,65,67,68,70,72,73,76,82,86,93
clust_eq,wave,43,3,24,27,34,36,47,50,56,59,63,64,79,81,82,84,86
clust_eq,wave,44,8,11,27,34,35,41,42,52,57,79,81,84,85,90,97,99
clust_eq,wave,45,8,13,31,40,46,65,68,69,70,71,74,78,86,87,92,98
clust_eq,wave,46,8,21,24,26,29,30,40,43,55,59,64,67,72,73,75,78
clust_eq,wave,47,6,16,25,29,31,32,35,41,46,65,68,78,85,89,90,94
clust_eq,wave,48,1,3,9,16,18,25,32,33,43,46,56,71,72,76,89,100
clust_eq,wave,49,16,22,33,36,38,43,46,51,52,54,55,67,71,74,82,94
clust_eq,wave,50,5,10,11,14,21,25,32,37,52,57,72,75,77,88,97,99
clust_eq,wave,51,2,3,7,10,20,22,23,24,37,38,39,43,56,80,99,100
clust_eq,wave,52,1,18,20,26,30,39,40,47,50,53,55,70,74,78,99,100
clust_eq,wave,53,5,12,15,22,36,43,46,48,69,77,78,81,84,87,89,93
clust_eq,wave,54,6,17,26,34,35,36,42,48,56,62,65,68,73,81,90,92
clust_eq,wave,55,16,26,27,30,41,44,50,54,57,58,64,65,82,85,90,98
clust_eq,wave,56,2,3,10,11,19,24,49,58,61,64,68,73,80,83,86,97
clust_eq,wave,57,3,21,27,39,46,50,55,56,57,60,63,66,67,76,82,84
clust_eq,wave,58,1,2,12,20,24,27,33,38,43,57,61,77,84,86,93,98
clust_eq,wave,59,10,12,16,30,43,48,57,59,62,71,74,77,81,84,89,93
clust_eq,wave,60,10,11,13,20,47,51,55,56,62,66,73,75,76,82,86,97
clust_eq,wave,61,9,13,15,18,23,27,29,35,63,69,73,79,81,83,87,96
clust_eq,wave,62,8,10,20,22,52,53,55,57,60,69,74,84,87,88,98,99
clust_eq,wave,63,18,35,37,47,59,60,61,63,70,72,73,77,79,93,98,99
clust_eq,wave,64,6,7,13,27,29,38,39,46,47,65,67,71,85,94,99,100
clust_eq,wave,65,5,6,12,17,28,31,44,46,49,65,68,69,78,87,95,98
clust_eq,wave,66,3,13,14,21,45,53,56,59,61,74,75,82,83,86,94,100
clust_eq,wave,67,6,19,23,30,32,49,50,52,55,57,59,85,87,91,95,98
clust_eq,wave,68,5,9,10,14,17,36,51,53,59,62,69,81,83,84,87,99
clust_eq,wave,69,2,7,13,20,22,38,43,46,62,74,77,86,91,93,99,100
clust_eq,wave,70,5,11,13,20,27,32,37,52,54,55,64,77,79,90,94,99
clust_eq,wave,71,9,15,16,27,34,36,39,52,53,54,64,70,74,77,79,81
clust_eq,wave,72,3,22,25,28,36,45,51,54,58,60,66,69,70,76,90,92
clust_eq,wave,73,3,18,22,30,32,33,43,50,54,56,61,66,72,81,85,89
clust_eq,wave,74,5,8,27,28,30,36,40,51,53,66,69,79,83,84,90,92
clust_eq,wave,75,7,11,20,24,27,29,38,40,41,47,79,82,86,94,97,100
clust_eq,wave,76,1,15,35,43,46,48,51,54,61,63,65,70,72,77,83,93
clust_eq,wave,77,10,14,17,24,32,37,38,59,61,62,79,80,92,97,98,100
clust_eq,wave,78,1,12,17,24,32,37,39,44,45,57,60,61,63,64,84,99
clust_eq,wave,79,8,10,11,14,18,30,49,52,69,73,75,81,85,90,95,97
clust_eq,wave,80,4,5,7,9,10,12,15,19,21,43,65,75,77,80,83,93
clust_eq,wave,81,10,13,22,25,28,31,43,46,52,60,66,69,76,87,91,94
clust_eq,wave,82,17,24,27,28,36,38,39,47,51,53,54,55,60,62,67,75
clust_eq,wave,83,5,10,11,14,16,21,34,36,44,50,51,58,75,88,95,97
clust_eq,wave,84,3,5,8,19,27,32,48,53,55,57,68,70,71,80,89,92
clust_eq,wave,85,2,10,24,34,36,37,38,39,42,46,53,73,77,80,93,99
clust_eq,wave,86,3,5,14,22,28,32,33,43,45,50,56,57,61,84,95,98
clust_eq,wave,87,4,5,6,7,10,11,12,14,15,16,17,19,22,28,44,80
clust_eq,wave,88,4,5,11,19,21,28,30,52,57,69,75,78,80,94,95,98
clust_eq,wave,89,18,22,26,29,40,50,60,63,66,69,72,73,82,87,89,98
clust_eq,wave,90,8,10,11,12,13,24,34,37,38,42,73,75,81,90,93,97
clust_eq,wave,91,7,14,16,18,23,33,52,60,65,68,72,73,74,77,92,99
clust_eq,wave,92,1,16,20,23,26,36,38,62,71,73,77,78,86,96,98,99
clust_eq,wave,93,1,2,34,36,42,51,58,62,66,76,81,82,86,88,91,92
clust_eq,wave,94,1,6,8,9,16,25,39,45,52,57,65,67,71,74,78,84
clust_eq,wave,95,3,15,18,28,35,39,60,63,69,72,73,77,79,81,83,87
clust_eq,wave,96,4,8,13,25,30,35,45,48,52,61,63,65,67,84,89,90
clust_eq,wave,97,7,19,20,22,33,43,45,47,50,57,60,70,74,77,82,93
clust_eq,wave,98,4,5,12,33,34,41,42,59,64,75,77,86,90,93,97,99
clust_eq,wave,99,2,4,22,29,34,42,43,48,68,71,76,78,80,81,84,94
clust_eq,wave,100,1,15,16,18,23,35,48,55,56,62,67,72,73,89,91,96
clust_eq,wave,101,2,3,4,8,14,26,34,42,53,60,68,70,80,88,92,95
clust_eq,wave,102,12,19,25,27,32,36,38,42,63,66,68,77,79,82,93,96
clust_eq,wave,103,1,3,7,9,11,21,26,50,56,76,80,88,89,95,97,100
clust_eq,wave,104,3,6,9,12,15,16,19,27,31,35,55,59,83,87,91,94
clust_eq,wave,105,3,4,15,18,19,35,37,48,50,53,56,61,67,78,87,96
clust_eq,wave,106,2,8,19,24,27,28,34,42,44,57,70,71,81,86,91,92
clust_eq,wave,107,1,2,18,20,29,37,38,40,50,61,72,73,91,92,95,98
clust_eq,wave,108,12,17,18,19,38,39,44,47,48,49,53,55,66,67,78,79
clust_eq,wave,109,2,12,24,26,36,38,45,59,61,63,77,82,83,86,92,93
clust_eq,wave,110,4,24,27,38,47,52,54,55,59,67,77,80,82,86,91,92
clust_eq,wave,111,1,4,9,15,16,18,26,29,39,44,53,67,74,78,94,98
clust_eq,wave,112,1,2,7,11,20,27,29,36,38,48,51,54,66,79,94,97
clust_eq,wave,113,7,15,21,23,35,41,43,45,48,52,57,59,67,77,84,91
clust_eq,wave,114,23,24,26,30,31,37,56,62,64,69,72,75,83,88,96,97
clust_eq,wave,115,9,11,12,26,34,42,49,57,74,75,84,89,90,93,97,99
clust_eq,wave,116,9,11,21,23,27,34,36,51,54,70,71,74,79,81,89,97
clust_eq,wave,117,1,5,6,8,9,19,33,39,40,45,51,61,70,83,87,99
clust_eq,wave,118,1,11,26,29,30,34,47,49,57,63,64,81,84,85,94,95
clust_eq,wave,119,10,21,23,27,34,36,37,39,48,51,52,53,54,76,77,95
clust_eq,wave,120,1,5,6,15,16,32,36,39,48,54,64,70,88,91,93,98
clust_eq,wave,121,4,13,19,21,28,29,30,34,53,59,66,75,76,78,85,94
clust_eq,wave,122,3,7,20,27,30,37,57,58,59,64,84,85,90,91,92,99
clust_eq,wave,123,5,11,15,23,31,32,46,47,52,55,72,77,79,82,83,97
clust_eq,wave,124,6,13,17,21,24,27,31,33,34,38,40,46,65,70,81,86
clust_eq,wave,125,16,23,37,38,41,45,53,58,66,67,75,78,84,85,98,99
clust_eq,wave,126,13,14,15,21,22,26,30,34,37,52,63,73,81,85,92,94
clust_eq,wave,127,7,10,36,39,40,47,50,53,54,58,60,62,64,67,79,95
clust_eq,wave,128,20,21,23,36,39,45,51,53,54,60,62,75,78,90,95,98
clust_eq,wave,129,14,23,36,43,51,60,62,68,69,74,84,88,90,91,98,99
clust_eq,wave,130,2,12,19,24,26,28,31,38,39,49,53,61,77,83,86,93
clust_eq,wave,131,4,9,15,17,21,35,40,43,45,59,69,70,80,84,91,98
clust_eq,wave,132,12,14,22,28,38,43,45,54,57,68,69,74,78,81,90,93
clust_eq,wave,133,2,9,22,27,35,38,39,46,49,52,61,63,83,94,95,100
clust_eq,wave,134,1,3,7,27,30,35,37,50,58,70,83,85,90,91,96,100
clust_eq,wave,135,6,13,20,31,46,50,58,61,62,65,68,74,78,90,98,99
clust_eq,wave,136,8,13,19,22,31,33,37,38,40,43,45,48,61,66,83,90
clust_eq,wave,137,11,15,19,33,35,36,37,40,45,48,58,61,75,83,87,97
clust_eq,wave,138,5,12,16,24,27,28,39,55,63,64,77,79,80,90,93,100
clust_eq,wave,139,12,30,32,39,45,61,63,65,71,77,80,85,87,89,93,100
clust_eq,wave,140,2,7,11,18,20,23,33,38,56,62,71,72,73,74,79,86
clust_eq,wave,141,14,23,28,30,41,47,55,65,70,75,80,85,88,97,98,100
clust_eq,wave,142,9,21,25,29,32,44,63,68,72,73,76,79,80,94,95,96
clust_eq,wave,143,6,12,31,34,42,65,68,72,76,77,81,86,88,90,93,95
clust_eq,wave,144,1,2,15,29,35,39,41,44,46,60,63,65,69,94,98,100
clust_eq,wave,145,1,9,14,15,16,18,34,40,45,58,63,70,74,81,96,100
clust_eq,wave,146,2,11,14,27,28,36,51,56,61,74,79,86,93,97,98,100
clust_eq,wave,147,4,6,10,14,41,51,52,60,69,76,79,84,87,94,98,99
clust_eq,wave,148,12,20,22,33,43,47,48,55,57,66,72,76,77,86,88,93
clust_eq,wave,149,7,9,12,15,21,35,43,45,48,59,67,77,80,91,93,100
clust_eq,wave,150,1,18,23,33,35,39,42,45,50,52,54,60,69,87,98,99
clust_eq,wave,151,2,6,12,18,19,26,34,37,42,59,64,78,85,93,99,100
clust_eq,wave,152,5,15,16,18,23,25,32,39,48,58,62,72,73,89,91,97
clust_eq,wave,153,2,3,6,11,13,20,27,28,38,56,69,74,79,94,98,100
clust_eq,wave,154,3,13,21,22,24,30,34,42,50,57,58,63,76,88,96,99
clust_eq,wave,155,4,5,6,10,18,19,21,37,52,55,59,64,67,75,94,99
clust_eq,wave,156,3,4,6,7,15,19,32,35,49,50,56,59,75,80,83,87
clust_eq,wave,157,3,17,25,28,46,54,64,65,68,69,70,71,72,85,87,92
clust_eq,wave,158,3,17,28,36,39,51,69,70,71,78,79,81,84,85,87,88
clust_eq,wave,159,2,4,7,13,17,20,24,28,31,46,52,63,76,80,86,96
clust_eq,wave,160,17,19,21,27,29,34,40,48,57,63,66,68,69,76,79,96
clust_eq,wave,161,4,5,7,9,10,13,15,19,22,23,50,52,53,83,87,92
clust_eq,wave,162,4,6,8,22,28,39,49,52,69,74,80,84,86,89,91,98
clust_eq,wave,163,1,3,14,21,25,26,27,30,32,56,57,82,84,85,94,96
clust_eq,wave,164,12,28,32,36,51,53,54,71,74,77,78,79,87,89,93,98
clust_eq,wave,165,6,8,10,14,46,49,52,57,59,60,69,76,81,84,87,99
clust_eq,wave,166,10,11,16,20,22,24,34,38,44,49,56,63,73,80,86,94
clust_eq,wave,167,9,15,18,19,21,25,29,32,39,40,50,53,64,74,79,100
clust_eq,wave,168,3,18,28,54,56,61,63,64,68,72,74,79,83,86,90,96
clust_eq,wave,169,18,21,23,43,48,52,63,68,69,72,73,77,81,89,91,95
clust_eq,wave,170,2,6,8,19,23,27,52,57,59,60,61,64,66,82,83,91
clust_eq,wave,171,6,15,23,33,35,41,45,47,48,55,58,62,65,75,83,100
clust_eq,wave,172,3,4,5,9,16,19,29,49,63,67,71,75,80,87,94,96
clust_eq,wave,173,1,3,9,16,27,53,54,55,56,66,80,89,92,94,99,100
clust_eq,wave,174,1,9,12,13,15,25,31,32,33,35,42,45,77,89,92,93
clust_eq,wave,175,2,3,8,12,14,22,33,36,61,73,74,80,83,86,92,99
clust_eq,wave,176,5,7,12,14,37,49,51,53,54,59,62,77,88,90,93,99
clust_eq,wave,177,3,25,32,36,39,42,46,50,56,63,64,71,74,84,86,99
clust_eq,wave,178,6,16,24,33,37,38,44,46,49,51,55,56,67,84,94,99
clust_eq,wave,179,1,12,14,18,28,43,61,65,72,73,74,77,86,90,93,98
clust_eq,wave,180,1,12,16,17,26,27,39,48,53,55,57,62,64,83,84,95
clust_eq,wave,181,16,24,25,40,45,50,53,58,59,60,62,67,80,86,99,100
clust_eq,wave,182,2,3,4,26,37,43,50,56,59,61,67,71,80,85,88,99
clust_eq,wave,183,23,25,32,37,41,42,45,53,57,58,59,64,84,85,87,95
clust_eq,wave,184,11,30,34,37,47,49,50,51,56,64,71,73,78,79,85,99
clust_eq,wave,185,8,14,15,18,30,46,47,52,61,63,68,72,73,85,96,98
clust_eq,wave,186,2,3,14,26,38,39,49,50,51,53,56,61,74,82,88,98
clust_eq,wave,187,5,14,15,16,18,25,26,39,48,53,58,62,67,72,73,78
clust_eq,wave,188,1,5,10,14,26,34,36,37,42,52,73,77,90,96,97,99
clust_eq,wave,189,1,7,8,20,24,26,38,39,47,49,52,53,57,82,84,86
clust_eq,wave,190,7,11,13,14,28,33,50,51,54,58,62,74,75,86,87,88
clust_eq,wave,191,5,22,28,29,33,41,43,45,51,54,69,71,87,89,94,98
clust_eq,wave,192,12,17,28,30,38,44,49,61,74,75,78,80,83,90,92,100
clust_eq,wave,193,9,11,12,13,15,25,26,32,42,74,78,87,89,93,94,100
clust_eq,wave,194,1,4,18,24,29,38,40,47,50,61,67,82,88,91,96,98
clust_eq,wave,195,13,19,21,24,28,29,31,34,44,65,75,76,81,86,92,94
clust_eq,wave,196,21,33,34,41,44,45,56,60,64,66,75,81,82,92,94,100
clust_eq,wave,197,11,14,27,29,30,41,52,69,79,85,87,94,95,97,98,100
clust_eq,wave,198,1,10,20,23,24,36,43,47,54,55,56,62,65,76,82,86
clust_eq,wave,199,3,19,27,30,37,39,41,50,53,58,61,66,79,85,89,100
clust_eq,wave,200,2,5,12,13,14,31,34,42,48,59,77,81,88,91,93,95
clust_eq,wave,201,25,28,40,42,45,53,57,58,66,67,70,75,76,84,90,92
clust_eq,wave,202,1,2,3,30,35,46,48,49,54,56,57,61,63,94,96,98
clust_eq,wave,203,5,9,11,15,23,27,41,51,52,54,64,69,77,79,87,97
clust_eq,wave,204,6,8,29,36,40,42,45,54,65,69,71,75,82,85,89,98
clust_eq,wave,205,16,17,19,20,24,28,31,33,38,44,49,65,70,75,92,98
clust_eq,wave,206,5,8,11,27,29,31,37,40,61,64,67,71,79,97,98,99
clust_eq,wave,207,6,9,13,25,31,46,59,62,64,69,74,77,78,87,91,93
clust_eq,wave,208,9,21,29,40,41,45,50,57,59,71,74,81,84,89,91,92
clust_eq,wave,209,5,14,19,27,32,36,37,39,52,55,56,63,79,90,94,99
clust_eq,wave,210,25,27,32,37,39,40,42,50,63,66,70,79,80,90,99,100
clust_eq,wave,211,4,6,16,18,25,48,49,50,52,54,59,71,74,77,89,91
clust_eq,wave,212,5,8,14,19,25,28,33,45,52,57,65,68,69,87,92,93
clust_eq,wave,213,8,11,18,25,27,35,42,52,60,67,73,79,89,90,97,99
clust_eq,wave,214,5,14,25,27,29,32,42,43,44,68,80,90,91,94,95,100
clust_eq,wave,215,16,22,25,30,32,36,44,46,48,53,56,66,76,78,89,94
clust_eq,wave,216,5,13,23,28,31,33,43,45,47,58,61,62,65,66,68,98
clust_eq,wave,217,15,35,36,44,59,60,69,72,73,81,83,85,87,91,92,93
clust_eq,wave,218,5,16,17,24,28,36,45,52,54,55,63,75,78,83,86,96
clust_eq,wave,219,8,29,31,37,40,43,46,47,48,55,59,66,72,76,89,91
clust_eq,wave,220,1,3,5,8,9,21,25,27,32,53,57,70,84,89,95,97
clust_eq,wave,221,2,7,8,10,11,18,24,37,38,44,49,67,70,73,75,97
clust_eq,wave,222,7,29,30,39,40,41,50,51,53,54,64,72,79,85,87,95
clust_eq,wave,223,1,9,18,27,34,39,52,61,63,64,66,74,79,90,94,100
clust_eq,wave,224,12,15,18,25,27,32,35,37,42,63,73,79,89,90,93,96
clust_eq,wave,225,1,7,20,23,24,27,36,38,58,62,82,84,90,91,96,97
clust_eq,wave,226,12,16,17,18,24,32,39,44,54,55,60,63,72,79,82,89
clust_eq,wave,227,21,23,24,29,31,38,43,46,49,61,65,78,82,83,86,100
clust_eq,wave,228,16,18,22,25,44,46,50,58,63,64,71,72,73,85,96,99
clust_eq,wave,229,1,5,16,25,29,36,39,44,51,53,54,67,71,82,88,94
clust_eq,wave,230,2,4,8,11,19,38,40,48,51,52,61,63,66,72,79,83
clust_eq,wave,231,4,5,10,16,17,22,43,48,49,51,59,62,64,71,87,98
clust_eq,wave,232,2,6,8,10,24,41,46,52,61,65,68,76,82,83,86,100
clust_eq,wave,233,3,7,9,13,14,17,21,35,56,59,83,88,91,92,95,100
clust_eq,wave,234,2,8,14,23,29,46,59,60,69,76,80,91,92,95,98,100
clust_eq,wave,235,5,15,21,22,23,29,41,46,48,63,69,72,81,89,92,100
clust_eq,wave,236,1,5,12,25,26,36,39,48,51,53,69,71,84,88,89,93
clust_eq,wave,237,8,10,21,24,27,29,34,36,38,39,40,53,55,73,75,82
clust_eq,wave,238,1,14,18,25,29,32,37,40,42,50,53,72,73,78,85,92
clust_eq,wave,239,7,10,15,35,37,44,47,48,58,59,75,80,89,94,97,100
clust_eq,wave,240,1,8,13,14,15,19,31,37,45,47,55,62,85,91,92,98
clust_eq,wave,241,6,15,28,35,47,49,52,55,59,60,80,83,88,91,94,100
clust_eq,wave,242,5,10,13,19,25,31,40,42,50,58,63,65,66,67,70,82
clust_eq,wave,243,8,15,21,26,35,36,40,60,69,70,75,81,82,84,89,96
clust_eq,wave,244,5,13,14,21,23,31,37,39,53,55,58,67,75,78,88,99
clust_eq,wave,245,1,4,5,12,17,18,19,25,37,42,43,44,67,71,91,99
clust_eq,wave,246,7,9,11,20,23,27,38,47,56,57,62,63,74,79,84,92
clust_eq,wave,247,8,14,18,29,32,40,60,68,72,73,76,87,91,92,98,99
clust_eq,wave,248,9,15,29,39,40,41,42,46,50,53,69,74,87,91,98,100
clust_eq,wave,249,1,4,10,21,23,25,28,29,51,53,60,66,69,74,83,96
clust_eq,wave,250,6,13,27,31,38,46,48,50,61,62,65,67,71,82,87,93
clust_eq,wave,251,2,3,10,13,23,31,35,43,46,48,58,65,68,69,83,95
clust_eq,wave,252,5,9,15,25,29,42,46,52,57,59,67,72,90,91,92,94
clust_eq,wave,253,8,9,18,25,29,32,39,40,42,54,63,72,74,79,89,90
clust_eq,wave,254,4,6,7,10,19,21,23,28,35,40,58,59,60,80,83,95
clust_eq,wave,255,5,13,22,33,34,37,40,45,47,50,58,64,70,92,99,100
clust_eq,wave,256,3,11,21,26,36,38,48,50,55,58,66,67,68,73,78,86
clust_eq,wave,257,23,27,28,30,34,39,41,42,52,57,63,71,76,77,79,84
clust_eq,wave,258,5,11,19,26,28,34,36,42,44,47,54,56,63,64,94,95
clust_eq,wave,259,16,30,33,43,49,51,52,55,64,65,67,68,74,88,94,99
clust_eq,wave,260,6,7,11,13,21,30,40,45,58,67,73,75,76,78,85,95
clust_eq,wave,261,3,4,6,8,9,12,15,18,19,25,35,47,59,78,89,91
clust_eq,wave,262,4,12,17,19,44,49,59,61,76,80,85,87,91,92,95,98
clust_eq,wave,263,8,11,24,29,34,37,38,40,41,42,78,88,90,91,99,100
clust_eq,wave,264,5,6,17,18,26,32,40,49,55,59,62,73,75,87,89,95
clust_eq,wave,265,5,11,21,23,26,41,51,52,69,71,72,73,77,81,82,89
clust_eq,wave,266,4,10,16,22,30,44,49,54,55,56,63,71,74,83,85,94
clust_eq,wave,267,21,23,31,34,46,58,59,62,66,72,76,82,86,91,92,97
clust_eq,wave,268,10,11,16,20,24,34,38,49,50,52,73,75,80,85,86,97
clust_eq,wave,269,4,5,8,21,23,28,33,39,52,69,79,80,81,84,89,95
clust_eq,wave,270,1,12,16,17,28,34,39,44,49,60,66,81,88,89,91,100
clust_eq,wave,271,4,10,17,19,22,24,40,43,59,60,69,70,80,81,89,90
clust_eq,wave,272,4,6,12,14,16,17,24,26,44,49,65,76,80,84,86,98
clust_eq,wave,273,11,16,20,26,27,30,48,55,56,57,62,66,68,76,84,93
clust_eq,wave,274,6,10,13,21,23,25,31,32,46,52,59,60,76,77,89,95
clust_eq,wave,275,1,12,14,17,18,26,30,44,69,72,78,85,87,95,96,98
clust_eq,wave,276,1,3,6,10,11,14,15,21,34,37,41,46,50,56,85,100
clust_eq,wave,277,11,28,29,33,36,40,45,50,51,54,55,60,64,66,75,90
clust_eq,wave,278,4,5,7,9,19,44,49,58,59,70,80,87,89,91,92,95
clust_eq,wave,279,13,19,27,29,31,34,35,37,42,43,60,65,87,89,94,99
clust_eq,wave,280,4,8,24,29,34,40,42,46,49,53,64,78,86,90,92,99
clust_eq,wave,281,19,21,23,25,27,28,32,36,38,58,66,68,89,91,92,97
clust_eq,wave,282,16,18,22,26,30,52,55,64,67,72,73,78,85,92,94,95
clust_eq,wave,283,3,15,30,35,36,37,51,56,63,69,73,79,83,87,94,96
clust_eq,wave,284,6,9,15,18,32,61,68,70,72,73,74,79,89,90,93,96
clust_eq,wave,285,4,9,10,11,13,15,16,19,25,32,35,75,77,89,93,97
clust_eq,wave,286,6,9,10,23,41,46,56,61,62,65,67,68,71,74,87,100
clust_eq,wave,287,6,16,20,24,28,31,46,49,58,62,65,68,76,78,86,87
clust_eq,wave,288,1,4,10,19,21,23,34,43,49,52,61,76,77,80,85,95
clust_eq,wave,289,6,7,12,15,18,21,26,35,48,50,59,72,73,78,89,93
clust_eq,wave,290,8,19,27,34,42,50,52,57,63,64,71,79,81,85,96,99
clust_eq,wave,291,20,22,28,33,38,43,45,52,57,69,74,81,84,86,87,94
clust_eq,wave,292,8,13,29,35,40,48,69,79,81,83,87,88,95,96,97,100
clust_eq,wave,293,7,11,12,15,21,35,39,46,48,62,77,89,91,93,97,100
clust_eq,wave,294,9,11,15,27,35,40,41,47,50,55,57,58,79,83,84,97
clust_eq,wave,295,9,11,15,34,35,40,47,58,62,68,78,79,81,88,94,100
clust_eq,wave,296,7,18,24,30,44,47,50,58,63,65,67,70,72,73,76,82
clust_eq,wave,297,7,14,23,27,41,47,53,58,70,76,79,82,85,86,96,100
clust_eq,wave,298,13,20,24,31,33,38,42,43,44,46,56,65,69,82,87,94
clust_eq,wave,299,2,3,5,7,13,14,31,42,46,56,65,68,78,92,98,99
clust_eq,wave,300,7,8,20,26,27,31,36,39,48,52,53,60,71,74,75,87
clust_eq,wave,301,1,13,25,30,31,32,44,46,48,56,61,63,65,76,94,95
clust_eq,wave,302,10,13,21,23,25,28,29,32,39,41,44,64,65,74,75,100
clust_eq,wave,303,1,5,10,14,18,47,48,49,55,70,73,77,93,95,96,97
clust_eq,wave,304,4,9,10,12,15,16,17,19,25,35,44,49,65,67,68,80
clust_eq,wave,305,6,7,11,12,17,20,24,28,31,41,44,45,68,86,90,91
clust_eq,wave,306,1,2,11,23,26,33,34,38,42,45,48,57,62,66,84,97
clust_eq,wave,307,2,4,5,8,14,28,29,40,46,49,69,80,91,92,95,98
clust_eq,wave,308,6,17,25,30,32,48,51,54,62,64,65,66,68,72,78,87
clust_eq,wave,309,11,19,20,27,40,41,57,58,61,62,75,82,85,90,94,97
clust_eq,wave,310,1,8,14,15,18,21,26,29,34,37,53,54,72,78,81,85
clust_eq,wave,311,7,12,22,36,43,46,54,66,74,77,78,86,87,89,93,99
clust_eq,wave,312,4,5,11,17,33,41,45,62,64,69,71,81,82,83,84,87
clust_eq,wave,313,2,3,5,8,12,24,26,28,41,51,59,61,63,73,78,83
clust_eq,wave,314,1,5,15,17,25,26,28,32,39,42,51,54,62,63,72,89
clust_eq,wave,315,3,5,11,16,25,27,57,67,68,70,77,84,90,91,97,99
clust_eq,wave,316,16,23,25,26,30,41,52,59,64,66,77,85,92,95,97,100
clust_eq,wave,317,6,13,14,17,24,31,32,46,55,59,62,76,82,86,91,98
clust_eq,wave,318,2,5,11,14,26,29,36,61,72,73,75,78,85,94,98,99
clust_eq,wave,319,1,9,15,23,26,27,29,35,40,53,61,80,83,87,92,100
clust_eq,wave,320,2,12,14,17,18,39,44,60,61,63,72,73,74,79,98,99
clust_eq,wave,321,8,13,14,23,25,28,32,33,43,51,52,54,59,74,75,88
clust_eq,wave,322,11,21,27,28,29,34,36,44,51,54,60,64,66,79,94,97
clust_eq,wave,323,1,4,5,23,25,28,32,42,49,51,52,63,65,84,89,90
clust_eq,wave,324,5,8,9,10,14,19,22,43,52,69,80,87,94,98,99,100
clust_eq,wave,325,8,11,18,20,22,25,29,32,40,42,64,72,85,88,90,99
clust_eq,wave,326,2,6,7,8,9,19,20,24,41,52,59,72,76,91,92,100
clust_eq,wave,327,12,17,38,42,44,45,48,66,76,79,80,83,90,96,97,100
clust_eq,wave,328,6,10,11,13,20,25,30,44,56,61,74,75,82,90,94,100
clust_eq,wave,329,13,16,31,34,53,59,66,77,81,82,86,87,88,91,92,93
clust_eq,wave,330,3,5,14,17,18,25,26,27,32,39,42,56,63,85,99,100
clust_eq,wave,331,5,8,14,25,29,32,37,39,40,42,51,63,72,73,79,99
clust_eq,wave,332,6,12,17,35,44,46,49,59,60,69,80,81,83,87,91,99
clust_eq,wave,333,7,18,21,26,40,53,58,60,68,70,71,72,73,78,89,96
clust_eq,wave,334,3,18,24,34,38,46,47,56,65,72,73,78,81,82,86,94
clust_eq,wave,335,17,19,20,32,33,37,45,55,57,60,70,74,75,87,92,99
clust_eq,wave,336,10,11,19,21,23,34,36,38,52,66,74,75,77,81,82,97
clust_eq,wave,337,5,10,11,13,14,17,25,31,37,42,47,70,75,88,97,99
clust_eq,wave,338,8,9,16,38,41,45,52,55,57,63,67,74,75,84,96,99
clust_eq,wave,339,12,17,22,33,35,44,57,60,66,69,72,87,88,92,98,99
clust_eq,wave,340,1,2,11,13,26,31,38,48,55,61,62,67,77,84,93,97
clust_eq,wave,341,9,10,19,36,39,40,47,50,58,61,66,68,76,83,91,100
clust_eq,wave,342,14,21,23,25,30,32,36,37,45,51,70,77,78,85,95,96
clust_eq,wave,343,2,4,13,14,30,52,54,61,68,77,83,85,91,94,96,99
clust_eq,wave,344,3,7,8,13,14,20,31,38,45,47,48,63,65,68,70,92
clust_eq,wave,345,11,14,15,21,22,27,34,46,52,56,60,80,82,94,97,100
clust_eq,wave,346,1,8,9,10,11,21,23,25,31,32,35,46,49,52,97,99
clust_eq,wave,347,13,14,24,27,29,31,38,40,43,47,50,55,59,79,82,86
clust_eq,wave,348,3,5,14,15,21,22,33,34,36,45,54,58,69,85,92,99
clust_eq,wave,349,5,9,16,18,34,63,64,70,72,73,77,79,81,93,95,96
clust_eq,wave,350,2,8,13,20,24,29,40,42,59,60,64,73,82,91,97,98
clust_eq,wave,351,10,14,28,32,36,39,44,51,54,55,56,75,76,94,95,97
clust_eq,wave,352,17,25,27,30,32,37,41,43,44,46,57,59,64,71,74,84
clust_eq,wave,353,2,7,20,31,36,38,44,46,48,50,58,59,66,74,91,92
clust_eq,wave,354,6,16,17,25,30,48,49,59,67,70,71,76,80,88,91,100
clust_eq,wave,355,4,6,7,9,12,15,17,18,19,27,35,44,59,87,89,91
clust_eq,wave,356,4,6,9,19,22,35,47,55,59,62,77,78,80,89,93,95
clust_eq,wave,357,4,11,15,19,21,23,26,35,39,52,55,60,63,75,82,83
clust_eq,wave,358,9,21,23,34,35,36,44,47,51,56,64,78,79,85,88,96
clust_eq,wave,359,3,13,30,31,46,50,56,61,63,64,67,71,82,85,87,96
clust_eq,wave,360,10,11,21,23,25,32,36,37,38,42,52,66,73,77,79,97
clust_eq,wave,361,16,25,29,38,44,48,49,63,66,67,79,80,90,94,96,100
clust_eq,wave,362,3,8,16,34,36,53,64,68,71,78,79,81,82,85,92,100
clust_eq,wave,363,5,9,13,17,31,39,45,53,62,66,69,75,78,81,83,87
clust_eq,wave,364,6,17,21,34,36,40,45,62,65,68,71,73,76,81,86,99
clust_eq,wave,365,5,12,17,21,22,41,44,51,53,55,59,67,71,72,73,82
clust_eq,wave,366,10,12,17,36,38,43,44,48,51,54,61,65,66,68,83,87
clust_eq,wave,367,2,18,22,26,34,42,43,50,52,64,72,73,77,81,82,85
clust_eq,wave,368,1,10,11,16,34,49,51,60,64,70,77,81,88,93,95,97
clust_eq,wave,369,5,8,10,14,21,23,34,36,39,43,46,52,54,85,91,99
clust_eq,wave,370,7,16,17,24,27,41,52,63,67,68,76,79,86,90,96,100
clust_eq,wave,371,18,22,30,31,32,42,46,48,52,66,72,78,89,90,92,94
clust_eq,wave,372,3,9,11,19,27,32,50,55,57,58,76,79,87,89,95,97
clust_eq,wave,373,5,7,13,14,21,22,31,32,33,43,45,59,77,82,86,93
clust_eq,wave,374,2,6,10,20,36,48,50,58,61,65,66,68,70,76,88,98
clust_eq,wave,375,1,5,9,13,14,45,47,52,61,65,80,92,94,97,99,100
clust_eq,wave,376,1,2,3,7,18,20,26,30,50,56,72,73,76,95,96,97
clust_eq,wave,377,22,24,33,36,38,45,47,50,55,58,67,70,73,82,86,96
clust_eq,wave,378,22,23,30,33,37,43,45,47,54,55,58,62,66,67,80,85
clust_eq,wave,379,3,4,10,19,34,42,49,56,60,65,68,76,80,90,94,99
clust_eq,wave,380,6,13,16,24,27,29,31,37,38,46,55,65,67,75,94,99
clust_eq,wave,381,4,13,19,21,22,30,34,37,43,58,62,64,71,85,91,99
clust_eq,wave,382,12,15,16,25,35,39,41,45,48,53,57,75,77,84,89,93
clust_eq,wave,383,2,7,20,22,33,44,45,56,76,80,84,86,92,94,95,100
clust_eq,wave,384,3,5,15,22,25,32,42,48,49,50,51,58,78,88,89,92
clust_eq,wave,385,6,13,17,28,31,37,46,59,60,62,66,69,76,87,91,98
clust_eq,wave,386,2,5,10,14,29,37,39,41,51,54,61,72,79,94,98,99
clust_eq,wave,387,5,9,10,13,31,32,45,52,53,55,59,71,87,89,92,94
clust_eq,wave,388,3,5,15,17,28,41,43,45,54,57,61,63,67,70,75,87
clust_eq,wave,389,1,5,14,31,37,40,46,49,69,70,87,91,93,96,98,99
clust_eq,wave,390,21,23,25,26,27,30,35,39,48,52,53,57,62,67,84,95
clust_eq,wave,391,2,14,26,29,40,41,53,59,69,74,75,82,86,94,98,100
clust_eq,wave,392,2,5,14,17,22,33,40,43,45,61,70,80,83,84,99,100
clust_eq,wave,393,8,16,25,27,29,38,40,48,53,66,67,79,80,90,92,100
clust_eq,wave,394,11,12,13,21,25,27,30,31,32,74,77,79,82,89,93,97
clust_eq,wave,395,18,23,25,42,58,60,62,63,66,72,73,76,79,83,96,99
clust_eq,wave,396,1,21,24,34,36,38,45,54,70,77,81,82,91,93,96,97
clust_eq,wave,397,4,12,16,19,22,35,43,48,49,67,71,77,78,80,81,93
clust_eq,wave,398,3,9,15,18,26,35,50,58,61,63,67,68,72,73,87,96
clust_eq,wave,399,20,26,29,44,47,48,49,55,57,63,75,76,84,94,95,96
clust_eq,wave,400,1,2,11,12,20,26,36,38,51,63,69,71,74,77,86,93
clust_eq,wave,401,9,15,23,41,45,46,56,63,69,72,76,81,87,89,96,100
clust_eq,wave,402,2,19,27,30,34,36,42,52,63,65,71,75,76,77,94,99
clust_eq,wave,403,13,23,28,31,38,47,52,55,59,67,71,74,77,88,91,92
clust_eq,wave,404,3,5,34,36,42,45,48,50,54,56,63,68,79,89,90,96
clust_eq,wave,405,2,12,13,24,27,31,61,68,76,79,82,83,86,93,96,97
clust_eq,wave,406,5,12,14,16,17,25,28,32,44,46,49,51,63,65,68,73
clust_eq,wave,407,8,9,16,22,34,36,51,52,54,63,71,74,88,89,91,96
clust_eq,wave,408,29,44,45,57,59,63,64,69,75,84,85,90,92,94,98,99
clust_eq,wave,409,1,12,17,20,21,25,32,44,45,57,60,63,76,84,96,99
clust_eq,wave,410,2,11,12,34,38,42,44,48,49,57,66,79,84,85,93,97
clust_eq,wave,411,1,5,26,27,28,30,39,40,50,53,61,70,83,90,95,100
clust_eq,wave,412,2,5,13,17,22,24,34,39,42,45,58,62,63,71,86,100
clust_eq,wave,413,3,6,20,33,47,48,49,50,55,56,75,76,80,84,88,95
clust_eq,wave,414,3,24,25,37,38,41,42,46,50,56,57,65,67,78,84,90
clust_eq,wave,415,4,5,7,9,12,15,22,33,43,47,61,77,80,88,89,93
clust_eq,wave,416,23,24,25,37,38,41,45,46,53,58,62,69,87,89,92,100
clust_eq,wave,417,11,20,24,27,38,40,41,50,51,54,68,69,70,79,81,86
clust_eq,wave,418,1,12,16,30,33,37,49,51,67,74,77,81,88,93,96,99
clust_eq,wave,419,2,4,22,23,30,53,61,62,64,77,78,80,83,84,85,96
clust_eq,wave,420,4,5,9,18,19,25,32,33,42,62,65,68,71,77,92,93
clust_eq,wave,421,22,28,29,32,35,40,41,43,46,50,51,54,55,60,72,83
clust_eq,wave,422,6,11,13,16,20,27,30,31,37,52,71,77,79,85,98,99
clust_eq,wave,423,1,4,8,38,39,44,48,49,53,61,66,70,80,83,90,93
clust_eq,wave,424,4,5,6,11,12,26,28,47,49,55,68,77,84,89,93,95
clust_eq,wave,425,9,11,14,18,24,27,40,47,55,58,62,76,79,94,97,100
clust_eq,wave,426,10,11,18,23,25,32,37,38,44,49,56,66,73,87,89,99
clust_eq,wave,427,17,20,38,42,46,48,49,65,68,69,70,71,80,81,92,100
clust_eq,wave,428,18,21,30,34,44,53,54,56,64,72,78,79,85,94,96,99
clust_eq,wave,429,4,12,14,15,19,25,48,49,59,63,74,80,83,87,92,93
clust_eq,wave,430,2,7,10,11,12,14,36,37,51,60,73,75,77,93,97,99
clust_eq,wave,431,3,8,9,12,26,42,51,63,69,71,72,73,74,82,89,96
clust_eq,wave,432,2,17,33,41,44,45,57,61,64,71,75,82,84,85,92,98
clust_eq,wave,433,9,15,16,17,18,23,25,32,39,62,63,64,72,73,74,79
clust_eq,wave,434,18,20,29,39,44,46,47,55,71,72,73,74,82,86,91,94
clust_eq,wave,435,3,4,34,42,48,51,56,64,68,84,88,90,91,94,95,96
clust_eq,wave,436,9,10,12,15,34,35,36,39,42,63,77,79,88,89,90,93
clust_eq,wave,437,10,36,38,48,54,58,61,62,63,65,67,68,88,90,94,95
clust_eq,wave,438,23,25,32,35,36,42,43,58,59,62,84,86,88,90,91,99
clust_eq,wave,439,5,17,27,28,34,41,42,47,57,59,63,64,70,71,79,84
clust_eq,wave,440,1,5,18,21,33,34,40,48,58,62,64,72,73,81,94,96
clust_eq,wave,441,6,9,17,41,51,54,59,61,62,66,67,72,79,87,92,99
clust_eq,wave,442,6,17,24,26,36,38,47,51,54,61,62,65,68,82,83,86
clust_eq,wave,443,9,21,22,27,36,46,51,53,54,55,62,66,67,77,92,93
clust_eq,wave,444,2,7,18,26,35,44,56,60,63,68,72,73,89,94,96,99
clust_eq,wave,445,4,5,12,16,17,24,30,34,44,49,64,68,84,91,96,99
clust_eq,wave,446,2,8,13,22,29,31,35,40,61,63,81,83,85,88,95,96
clust_eq,wave,447,7,17,18,21,26,30,39,53,62,66,70,72,73,82,85,89
clust_eq,wave,448,4,18,19,20,28,33,47,55,60,65,74,75,77,78,92,93
clust_eq,wave,449,1,5,7,18,26,39,53,54,70,71,72,77,82,83,87,93
clust_eq,wave,450,4,10,13,17,19,24,43,47,52,55,59,67,76,80,82,86
clust_eq,wave,451,3,25,32,42,45,53,57,59,64,74,75,77,82,84,86,90
clust_eq,wave,452,11,15,18,23,27,28,35,52,54,60,69,79,81,83,87,97
clust_eq,wave,453,16,29,30,43,44,45,48,55,65,66,67,68,78,80,94,100
clust_eq,wave,454,1,2,10,12,17,18,37,38,44,48,53,54,61,66,83,96
clust_eq,wave,455,10,14,19,27,36,44,47,48,56,61,63,65,74,94,96,98
clust_eq,wave,456,20,25,30,37,41,46,50,51,52,61,63,72,85,90,96,99
clust_eq,wave,457,6,7,17,19,20,21,24,26,31,38,48,62,65,68,72,86
clust_eq,wave,458,5,8,9,14,15,22,29,36,40,45,54,62,69,87,92,98
clust_eq,wave,459,2,4,26,45,51,59,60,61,66,70,76,82,83,84,91,93
clust_eq,wave,460,3,22,30,36,43,47,50,51,54,56,64,66,78,85,88,98
clust_eq,wave,461,13,14,22,23,28,31,53,58,69,74,78,86,88,90,92,98
clust_eq,wave,462,26,27,32,57,60,61,68,70,71,82,84,87,89,93,96,97
clust_eq,wave,463,5,9,12,17,19,21,22,33,41,44,45,69,71,83,92,100
clust_eq,wave,464,5,6,9,15,17,21,36,51,52,54,55,64,65,67,68,88
clust_eq,wave,465,2,18,30,33,35,40,43,45,48,50,58,61,65,73,83,95
clust_eq,wave,466,1,4,8,9,10,15,26,32,35,51,52,53,83,84,87,96
clust_eq,wave,467,1,3,5,10,17,20,25,32,36,37,39,42,53,56,73,95
clust_eq,wave,468,3,9,25,35,43,51,56,68,69,72,73,83,90,91,94,95
clust_eq,wave,469,2,11,18,28,33,34,42,60,70,71,72,73,75,81,93,97
clust_eq,wave,470,6,20,23,32,39,41,51,52,60,72,73,76,87,91,95,98
clust_eq,wave,471,1,5,6,7,11,21,28,29,36,39,54,66,88,89,91,94
clust_eq,wave,472,1,5,17,20,26,27,39,41,53,57,69,70,84,86,98,99
clust_eq,wave,473,3,9,10,15,16,32,35,39,41,50,51,53,54,55,56,75
clust_eq,wave,474,11,13,21,24,31,33,37,38,44,46,56,69,81,83,94,99
clust_eq,wave,475,6,12,20,27,28,35,36,38,39,47,51,54,55,77,91,93
clust_eq,wave,476,18,20,39,47,55,56,60,63,71,72,73,74,78,79,82,93
clust_eq,wave,477,13,16,17,30,31,33,37,43,44,45,55,66,67,70,75,85
clust_eq,wave,478,6,8,9,13,16,22,25,27,31,46,52,53,66,67,90,99
clust_eq,wave,479,2,3,4,13,14,28,46,50,56,59,61,78,80,84,86,98
clust_eq,wave,480,1,9,11,17,18,26,40,61,62,66,72,73,76,78,83,90
clust_eq,wave,481,9,23,33,34,42,45,57,64,68,70,74,77,84,90,92,97
clust_eq,wave,482,5,6,16,19,23,25,26,29,31,48,59,67,71,72,87,91
clust_eq,wave,483,1,5,11,14,18,19,21,25,26,28,32,44,56,94,97,100
clust_eq,wave,484,4,16,22,23,37,38,41,44,46,48,58,63,66,80,83,96
clust_eq,wave,485,2,5,12,17,27,37,57,61,62,63,64,79,83,84,95,96
clust_eq,wave,486,6,9,15,26,27,29,35,44,47,51,54,55,65,83,85,94
clust_eq,wave,487,1,9,17,18,32,39,42,52,60,64,71,72,73,74,90,91
clust_eq,wave,488,4,5,8,14,21,37,39,45,52,61,67,80,81,84,91,99
clust_eq,wave,489,3,21,25,32,37,39,41,45,50,57,60,63,64,75,84,95
clust_eq,wave,490,1,7,31,33,35,36,43,46,47,48,51,52,54,86,94,98
clust_eq,wave,491,5,6,14,23,28,46,57,58,61,65,68,78,83,90,92,95
clust_eq,wave,492,2,4,29,49,61,63,68,71,76,79,83,84,85,94,96,99
clust_eq,wave,493,4,9,13,15,19,22,29,35,43,44,69,78,81,83,87,94
clust_eq,wave,494,1,17,33,41,43,45,52,57,61,67,74,82,84,86,87,90
clust_eq,wave,495,15,29,31,35,37,44,47,55,59,60,63,72,75,83,88,94
clust_eq,wave,496,10,11,13,14,34,40,42,50,58,62,75,82,85,90,97,100
clust_eq,wave,497,1,4,12,20,33,41,45,47,51,55,76,84,86,92,93,95
clust_eq,wave,498,9,13,15,19,25,27,31,64,65,69,70,74,75,92,93,97
clust_eq,wave,499,1,10,12,14,18,37,49,53,60,69,73,77,93,95,96,98
clust_eq,wave,500,7,9,14,22,26,29,43,44,47,59,74,78,80,84,94,100
clust_eq,wave,501,3,4,8,12,13,21,25,26,30,32,37,43,48,64,66,75
clust_eq,wave,502,11,13,24,28,29,31,33,38,44,47,61,67,75,88,94,97
clust_eq,wave,503,15,21,29,37,44,45,53,69,74,75,78,80,81,89,94,100
clust_eq,wave,504,10,11,15,17,25,32,42,51,62,64,68,70,72,85,88,90
clust_eq,wave,505,2,4,12,13,19,33,48,61,65,66,68,76,77,80,83,93
clust_eq,wave,506,2,3,7,11,14,15,30,36,37,50,51,56,78,79,84,85
clust_eq,wave,507,5,11,12,25,26,28,36,42,45,63,66,67,75,84,90,93
clust_eq,wave,508,3,6,15,23,30,46,47,49,56,57,61,65,73,76,83,85
clust_eq,wave,509,4,6,9,13,15,17,21,25,26,32,44,54,56,65,74,89
clust_eq,wave,510,4,8,25,26,30,32,39,42,48,49,51,52,53,66,84,89
clust_eq,wave,511,6,8,9,10,11,15,29,40,47,55,74,75,80,88,89,100
clust_eq,wave,512,12,17,30,34,42,44,45,48,54,57,65,75,76,90,92,95
clust_eq,wave,513,2,6,8,29,30,34,40,42,46,64,65,68,78,85,95,100
clust_eq,wave,514,1,3,8,12,14,26,28,30,32,41,42,53,74,88,90,100
clust_eq,wave,515,1,4,5,11,12,25,32,37,41,42,51,78,84,89,93,99
clust_eq,wave,516,1,2,5,26,28,29,34,41,42,51,53,64,72,73,94,95
clust_eq,wave,517,2,5,10,14,52,65,69,75,80,86,92,94,95,97,98,100
clust_eq,wave,518,7,20,22,23,30,41,45,47,48,51,52,63,71,76,77,92
clust_eq,wave,519,4,7,14,23,41,45,52,65,74,77,84,86,87,92,97,99
clust_eq,wave,520,1,4,9,20,34,39,44,47,49,71,74,77,80,84,91,93
clust_eq,wave,521,1,4,10,21,24,29,39,44,46,53,61,76,82,83,86,94
clust_eq,wave,522,3,8,12,19,22,37,38,48,49,57,61,63,66,67,87,92
clust_eq,wave,523,2,9,12,13,15,26,34,35,39,53,61,75,80,93,94,100
clust_eq,wave,524,5,16,27,29,37,48,55,57,63,64,67,79,84,94,95,96
clust_eq,wave,525,1,2,18,30,44,48,49,56,61,63,67,71,73,76,94,96
clust_eq,wave,526,1,2,4,7,19,20,23,24,41,51,52,76,82,86,91,92
clust_eq,wave,527,15,20,25,46,47,49,52,57,61,68,74,82,84,86,94,96
clust_eq,wave,528,2,8,10,28,30,36,39,51,52,53,54,61,66,75,76,83
clust_eq,wave,529,20,39,41,45,52,53,57,60,64,66,69,75,81,82,84,94
clust_eq,wave,530,9,10,11,15,21,29,34,41,44,64,74,75,88,94,97,100
clust_eq,wave,531,7,8,13,20,21,29,31,33,40,45,60,66,75,76,82,92
clust_eq,wave,532,2,34,38,42,43,49,62,66,77,78,79,80,81,82,93,100
clust_eq,wave,533,5,11,13,14,25,27,29,54,68,69,79,80,87,94,97,99
clust_eq,wave,534,1,4,10,11,16,23,29,34,37,41,60,64,74,84,90,97
clust_eq,wave,535,3,4,8,9,12,26,34,42,49,51,71,74,75,89,96,97
clust_eq,wave,536,7,8,18,22,24,29,31,40,46,47,63,64,67,72,82,86
clust_eq,wave,537,19,20,27,38,39,41,44,47,48,55,57,70,71,86,91,94
clust_eq,wave,538,5,6,19,21,22,33,37,44,49,56,57,64,69,81,94,95
clust_eq,wave,539,1,5,19,21,23,25,27,32,39,58,62,66,82,89,91,100
clust_eq,wave,540,3,9,10,13,16,17,25,31,35,53,59,67,70,88,92,95
clust_eq,wave,541,6,19,21,27,34,36,44,51,56,65,66,75,82,85,89,94
clust_eq,wave,542,21,24,34,43,49,52,53,68,76,77,78,79,81,86,94,100
clust_eq,wave,543,5,9,12,22,32,33,41,57,59,61,71,84,87,88,89,93
clust_eq,wave,544,9,12,15,21,25,31,32,35,41,45,65,75,77,89,93,97
clust_eq,wave,545,1,9,15,16,18,23,25,32,39,46,53,58,70,72,74,89
clust_eq,wave,546,5,9,12,14,22,25,46,49,54,63,69,80,87,92,93,95
clust_eq,wave,547,9,12,15,22,33,35,41,43,45,57,61,77,83,84,87,93
clust_eq,wave,548,3,25,28,32,33,36,43,51,56,60,66,75,87,88,89,94
clust_eq,wave,549,2,11,12,16,30,35,37,41,45,77,78,93,97,98,99,100
clust_eq,wave,550,3,8,11,12,20,47,55,60,64,66,68,73,78,80,82,97
clust_eq,wave,551,1,24,27,28,38,39,42,46,53,57,69,77,83,84,90,93
clust_eq,wave,552,11,29,30,35,40,47,55,67,72,73,78,80,85,91,94,99
clust_eq,wave,553,7,13,14,17,31,37,39,40,47,53,70,75,78,85,88,95
clust_eq,wave,554,2,5,6,13,14,15,24,31,61,65,68,70,78,83,88,93
clust_eq,wave,555,3,6,7,9,15,21,35,46,49,51,58,65,78,82,89,100
clust_eq,wave,556,3,7,11,20,24,27,31,41,47,56,64,68,79,82,86,94
clust_eq,wave,557,3,5,15,18,33,50,58,64,68,69,72,73,87,96,97,98
clust_eq,wave,558,3,4,13,19,20,22,24,37,38,50,56,61,78,87,98,99
clust_eq,wave,559,3,23,33,35,45,46,56,57,61,63,67,84,86,87,96,99
clust_eq,wave,560,6,25,28,29,36,42,44,54,60,65,66,67,68,88,91,94
clust_eq,wave,561,12,20,28,30,36,43,45,46,51,61,65,71,76,77,87,93
clust_eq,wave,562,5,6,20,22,28,29,31,44,46,49,66,69,86,87,94,98
clust_eq,wave,563,4,5,30,37,42,46,49,52,64,65,67,71,77,80,94,99
clust_eq,wave,564,3,27,28,33,38,41,43,47,50,55,57,58,65,66,83,84
clust_eq,wave,565,1,2,3,10,28,36,50,56,60,61,65,73,76,83,92,97
clust_eq,wave,566,10,13,21,22,29,31,40,43,50,60,69,76,81,82,89,95
clust_eq,wave,567,3,6,15,16,22,26,31,35,36,50,58,60,67,73,78,81
clust_eq,wave,568,1,7,12,14,18,24,26,38,39,63,72,73,86,87,93,99
clust_eq,wave,569,2,7,14,28,36,46,49,65,70,74,77,78,84,86,92,93
clust_eq,wave,570,1,3,9,15,25,32,36,42,50,54,56,65,74,88,89,90
clust_eq,wave,571,2,20,24,28,29,30,36,68,69,76,84,88,91,92,94,98
clust_eq,wave,572,7,20,22,29,33,36,44,45,47,51,54,60,74,82,92,94
clust_eq,wave,573,1,2,3,5,27,30,39,50,53,56,57,61,64,66,84,98
clust_eq,wave,574,9,13,15,17,22,31,32,33,43,45,55,56,62,66,89,90
clust_eq,wave,575,15,16,28,33,41,51,54,62,72,74,75,77,90,93,96,98
clust_eq,wave,576,13,17,19,21,30,33,45,51,62,65,69,75,81,85,92,99
clust_eq,wave,577,4,13,14,17,19,21,25,30,32,37,62,63,75,80,85,95
clust_eq,wave,578,2,6,22,24,26,34,38,42,44,51,56,72,73,82,86,94
clust_eq,wave,579,9,11,15,27,32,36,52,54,55,74,79,80,87,89,94,97
clust_eq,wave,580,5,15,22,29,33,34,36,43,44,45,47,54,64,81,82,94
clust_eq,wave,581,19,22,27,33,35,37,43,44,52,57,58,60,69,81,87,89
clust_eq,wave,582,23,30,34,41,46,47,51,52,54,59,63,71,72,81,82,85
clust_eq,wave,583,9,13,15,17,21,31,35,46,53,55,62,68,70,78,83,96
clust_eq,wave,584,8,25,26,27,28,29,32,38,39,40,42,53,66,75,80,100
clust_eq,wave,585,4,10,11,12,34,38,47,48,49,66,75,77,80,81,93,97
clust_eq,wave,586,4,12,14,18,19,22,26,28,30,33,69,74,87,93,96,98
clust_eq,wave,587,1,2,7,8,18,20,26,38,39,53,54,62,72,78,85,95
clust_eq,wave,588,14,18,22,23,28,43,45,47,52,55,69,77,78,85,95,100
clust_eq,wave,589,1,23,26,29,30,41,51,53,69,73,81,85,87,89,92,95
clust_eq,wave,590,5,33,34,40,42,43,50,57,58,59,71,75,84,86,88,99
clust_eq,wave,591,4,14,16,45,53,55,59,67,70,77,82,84,85,91,92,93
clust_eq,wave,592,4,14,23,27,32,37,46,55,58,59,63,80,85,87,92,99
clust_eq,wave,593,12,31,37,49,53,59,61,71,76,78,85,87,88,93,98,99
clust_eq,wave,594,5,12,14,27,31,37,41,42,43,59,69,77,79,93,98,99
clust_eq,wave,595,23,25,27,30,32,37,42,46,53,57,58,59,62,71,84,85
clust_eq,wave,596,17,18,20,30,33,43,48,62,68,69,70,72,73,76,81,90
clust_eq,wave,597,1,2,11,14,26,30,49,51,69,70,73,78,85,93,98,99
clust_eq,wave,598,11,12,15,35,36,51,54,60,69,77,79,81,82,87,93,97
clust_eq,wave,599,2,13,14,17,22,26,31,38,53,61,70,85,88,92,98,99
clust_eq,wave,600,1,9,11,21,23,35,49,58,62,69,80,81,83,95,97,100
clust_eq,wave,601,1,3,8,12,16,18,25,32,33,35,43,48,73,89,90,95
clust_eq,wave,602,1,8,9,25,29,34,35,40,42,45,57,63,84,90,95,96
clust_eq,wave,603,1,10,11,12,20,28,30,36,51,54,66,69,81,90,93,97
clust_eq,wave,604,1,7,17,18,20,24,26,38,47,70,72,73,82,86,96,97
clust_eq,wave,605,2,7,10,22,23,24,48,49,52,57,59,61,64,73,83,92
clust_eq,wave,606,5,9,14,16,17,22,25,43,45,57,62,67,84,90,91,99
clust_eq,wave,607,4,5,6,12,13,15,19,32,48,65,68,77,87,89,93,96
clust_eq,wave,608,6,7,12,15,17,18,44,59,66,72,73,79,82,85,87,89
clust_eq,wave,609,6,10,15,16,25,29,32,48,49,57,65,68,74,84,89,94
clust_eq,wave,610,4,12,14,16,18,26,49,53,59,60,74,77,78,93,98,99
clust_eq,wave,611,11,12,16,17,33,44,54,55,67,75,76,80,86,88,95,97
clust_eq,wave,612,4,13,19,21,25,33,34,35,39,40,43,48,51,58,70,89
clust_eq,wave,613,3,5,11,15,21,25,32,33,37,41,45,50,75,77,84,89
clust_eq,wave,614,5,22,25,28,29,33,41,42,43,45,57,67,84,90,94,95
clust_eq,wave,615,5,11,20,23,24,27,41,47,55,56,57,79,84,86,90,97
clust_eq,wave,616,4,6,15,19,21,30,34,35,44,48,49,56,59,80,81,94
clust_eq,wave,617,3,14,19,24,27,33,38,56,57,59,69,75,81,86,90,92
clust_eq,wave,618,6,20,22,24,29,36,38,45,47,55,73,80,82,92,93,94
clust_eq,wave,619,11,26,40,41,47,50,51,55,60,67,70,71,75,78,99,100
clust_eq,wave,620,15,16,28,39,40,55,58,72,73,74,78,79,80,86,90,98
clust_eq,wave,621,3,9,11,15,19,27,36,47,55,56,59,63,74,75,83,94
clust_eq,wave,622,18,21,26,30,39,44,48,50,55,58,63,67,71,72,73,74
clust_eq,wave,623,4,6,10,12,17,19,24,34,38,44,47,49,53,55,59,82
clust_eq,wave,624,9,16,23,27,28,35,39,41,51,52,53,55,67,71,75,77
clust_eq,wave,625,9,15,33,43,45,52,57,59,65,69,74,77,81,84,87,89
clust_eq,wave,626,3,8,9,12,18,22,31,49,69,71,76,78,87,88,92,98
clust_eq,wave,627,16,20,39,40,49,50,51,53,55,58,60,70,78,79,88,95
clust_eq,wave,628,9,12,15,41,45,57,65,69,74,75,81,84,87,89,93,97
clust_eq,wave,629,4,10,23,25,29,30,35,37,42,43,48,49,59,67,84,95
clust_eq,wave,630,4,8,9,18,29,34,40,42,63,68,71,74,79,87,89,96
clust_eq,wave,631,9,10,13,24,26,40,58,61,62,65,68,73,83,90,92,97
clust_eq,wave,632,10,18,25,35,42,52,65,67,68,71,72,77,86,88,92,99
clust_eq,wave,633,2,7,17,20,30,31,33,37,43,44,70,71,72,75,85,99
clust_eq,wave,634,11,16,18,20,29,33,45,52,55,60,64,73,75,94,95,97
clust_eq,wave,635,3,4,5,14,22,34,37,42,43,46,49,58,78,80,87,99
clust_eq,wave,636,1,6,27,30,34,37,40,41,42,58,65,70,85,90,99,100
clust_eq,wave,637,5,11,12,27,28,39,41,47,71,77,79,89,93,97,98,100
clust_eq,wave,638,4,9,15,22,29,34,35,42,44,51,53,78,84,89,90,94
clust_eq,wave,639,2,7,20,22,23,36,43,47,51,52,54,60,64,77,88,95
clust_eq,wave,640,8,10,15,24,34,39,41,52,53,57,64,75,81,85,87,88
clust_eq,wave,641,2,3,7,20,24,30,46,50,58,59,76,80,82,91,92,100
clust_eq,wave,642,37,40,45,53,58,60,61,62,74,79,80,83,90,92,99,100
clust_eq,wave,643,13,21,22,28,29,30,32,54,55,71,74,78,88,89,92,94
clust_eq,wave,644,4,12,14,25,32,41,42,68,80,84,85,90,91,92,93,99
clust_eq,wave,645,6,10,18,20,24,49,50,58,59,62,69,73,86,90,98,99
clust_eq,wave,646,6,13,24,27,31,34,37,38,42,46,62,65,77,90,93,99
clust_eq,wave,647,1,4,5,9,18,19,23,29,33,34,43,69,81,87,89,95
clust_eq,wave,648,1,17,18,24,26,39,47,53,55,67,70,76,82,86,88,100
clust_eq,wave,649,11,15,26,30,32,42,52,56,64,75,80,85,94,97,98,100
clust_eq,wave,650,2,3,18,23,26,38,45,48,61,63,66,68,70,73,83,96
clust_eq,wave,651,5,6,10,13,15,16,24,31,32,50,52,55,65,68,82,89
clust_eq,wave,652,11,18,23,29,32,60,61,63,66,78,79,82,85,87,88,89
clust_eq,wave,653,4,26,29,44,48,49,53,68,69,71,76,78,84,94,96,98
clust_eq,wave,654,1,3,10,11,14,25,31,32,37,42,46,49,58,85,97,99
clust_eq,wave,655,10,21,29,48,62,66,68,69,80,81,83,88,94,96,97,100
clust_eq,wave,656,2,13,19,20,22,31,38,45,48,61,63,66,70,77,93,96
clust_eq,wave,657,11,12,19,20,25,27,38,48,57,61,63,66,77,79,90,93
clust_eq,wave,658,6,10,12,13,31,46,47,55,59,64,65,67,71,77,85,93
clust_eq,wave,659,3,11,16,18,24,26,34,58,72,73,75,76,81,82,86,97
clust_eq,wave,660,11,13,15,17,26,27,28,34,35,47,55,60,62,75,97,100
clust_eq,wave,661,1,5,9,15,29,33,41,43,44,45,51,69,81,87,89,94
clust_eq,wave,662,5,10,11,31,34,40,41,42,50,58,62,64,75,82,90,97
clust_eq,wave,663,4,5,13,14,16,25,32,33,45,52,75,84,86,94,96,99
clust_eq,wave,664,5,6,7,14,21,22,26,29,36,48,51,54,78,89,94,99
clust_eq,wave,665,7,20,22,33,47,48,49,50,57,58,70,73,76,92,95,96
clust_eq,wave,666,9,15,18,33,35,46,50,56,68,69,72,87,93,96,98,100
clust_eq,wave,667,2,22,24,28,29,33,38,43,44,69,72,73,80,81,83,94
clust_eq,wave,668,2,11,17,27,28,36,38,51,52,54,69,74,79,81,83,97
clust_eq,wave,669,4,8,23,24,33,46,52,60,69,80,81,82,84,87,89,96
clust_eq,wave,670,4,17,19,24,30,34,37,41,42,51,59,62,64,90,91,99
clust_eq,wave,671,11,15,27,35,41,50,52,57,60,69,79,81,83,84,87,97
clust_eq,wave,672,2,6,11,15,29,34,42,44,49,64,74,80,86,91,94,100
clust_eq,wave,673,1,11,14,16,25,27,37,57,62,77,79,84,85,93,97,99
clust_eq,wave,674,5,12,13,14,16,22,25,28,31,33,43,45,46,67,77,93
clust_eq,wave,675,1,8,11,16,28,29,30,34,35,40,41,88,89,90,91,100
clust_eq,wave,676,3,19,20,27,42,56,57,59,60,64,69,90,91,94,98,99
clust_eq,wave,677,3,11,18,21,34,38,48,54,56,68,71,72,76,79,81,97
clust_eq,wave,678,3,13,22,24,31,32,45,50,58,60,61,65,82,89,90,97
clust_eq,wave,679,6,7,12,13,15,17,18,35,37,44,60,65,75,87,88,89
clust_eq,wave,680,3,33,36,45,47,51,55,65,66,67,68,70,76,77,85,92
clust_eq,wave,681,20,22,26,49,50,57,58,60,63,69,70,84,87,92,95,98
clust_eq,wave,682,2,7,14,17,37,43,44,45,59,60,63,75,80,83,95,100
clust_eq,wave,683,4,7,15,19,21,30,35,40,48,58,59,67,70,80,91,92
clust_eq,wave,684,13,14,30,31,42,46,50,53,58,62,67,78,82,85,90,92
clust_eq,wave,685,11,17,24,26,34,36,38,40,47,51,63,70,73,78,82,89
clust_eq,wave,686,4,9,10,15,21,34,39,53,66,75,77,80,81,84,89,93
clust_eq,wave,687,6,9,15,20,49,52,57,59,69,73,74,76,87,91,94,98
clust_eq,wave,688,11,13,19,21,23,27,31,34,44,48,56,63,71,74,75,81
clust_eq,wave,689,6,16,18,44,55,56,59,64,67,71,72,73,82,85,91,94
clust_eq,wave,690,5,6,15,21,29,37,39,44,48,55,67,79,80,88,94,100
clust_eq,wave,691,6,12,17,34,37,42,44,48,54,66,72,79,80,81,89,90
clust_eq,wave,692,13,22,31,33,37,38,43,56,66,69,70,85,88,90,93,98
clust_eq,wave,693,4,6,19,20,23,24,28,29,38,59,61,80,86,90,91,98
clust_eq,wave,694,12,16,17,22,24,25,32,33,37,38,43,44,45,57,67,84
clust_eq,wave,695,3,11,19,20,27,36,50,51,56,60,66,69,79,81,82,97
clust_eq,wave,696,1,20,30,33,34,36,45,51,52,64,73,81,85,87,92,94
clust_eq,wave,697,2,7,8,11,14,21,33,41,45,51,52,68,72,73,85,99
clust_eq,wave,698,20,22,28,36,47,49,55,60,70,71,74,78,88,92,93,100
clust_eq,wave,699,6,16,22,23,30,34,39,41,45,56,57,62,81,84,85,95
clust_eq,wave,700,11,12,13,31,35,37,46,53,60,69,78,81,83,87,93,99
clust_eq,wave,701,2,6,12,17,26,28,30,36,44,46,54,61,64,65,83,85
clust_eq,wave,702,2,4,8,10,19,24,39,49,52,53,61,64,80,82,83,86
clust_eq,wave,703,8,9,16,22,25,32,33,43,45,52,57,60,71,76,84,89
clust_eq,wave,704,5,11,13,16,23,31,33,45,55,56,62,67,71,75,82,97
clust_eq,wave,705,8,21,24,34,36,46,53,73,76,78,79,81,82,86,93,96
clust_eq,wave,706,3,8,10,21,24,34,36,37,38,51,65,70,75,81,97,99
clust_eq,wave,707,3,4,8,12,18,19,22,25,32,42,49,59,63,64,85,95
clust_eq,wave,708,13,14,23,30,31,46,56,59,62,63,65,69,85,87,92,98
clust_eq,wave,709,3,10,20,28,31,41,42,46,47,50,56,59,63,71,74,98
clust_eq,wave,710,6,7,9,10,15,19,21,36,50,62,65,74,75,77,89,93
clust_eq,wave,711,3,4,33,35,43,47,50,51,55,58,60,65,68,83,84,99
clust_eq,wave,712,10,22,25,28,32,41,42,45,56,64,74,86,90,93,97,100
clust_eq,wave,713,21,27,28,38,41,52,55,59,66,67,79,92,94,95,97,100
clust_eq,wave,714,3,7,18,20,33,45,47,50,58,60,68,76,95,96,97,100
clust_eq,wave,715,12,18,21,34,38,39,47,48,53,66,72,73,77,78,81,93
clust_eq,wave,716,24,32,40,41,50,51,54,55,59,60,62,72,87,91,92,99
clust_eq,wave,717,13,22,30,31,43,45,46,47,55,64,67,70,78,85,93,95
clust_eq,wave,718,1,3,8,16,19,25,27,32,37,60,65,70,89,95,97,100
clust_eq,wave,719,3,7,14,15,38,43,45,47,48,50,56,59,74,80,91,100
clust_eq,wave,720,11,19,21,27,38,40,48,50,55,58,66,67,79,80,97,100
clust_eq,wave,721,4,7,9,29,33,35,41,45,63,65,68,71,84,87,89,94
clust_eq,wave,722,3,5,10,16,22,25,28,32,43,49,50,57,58,66,88,89
clust_eq,wave,723,8,13,19,21,22,30,31,43,52,63,66,69,81,83,85,88
clust_eq,wave,724,1,5,8,16,18,26,29,39,40,53,55,64,67,72,73,85
clust_eq,wave,725,2,8,20,22,24,27,33,38,43,51,52,57,68,69,83,84
clust_eq,wave,726,4,5,11,19,28,33,37,47,52,61,66,75,77,94,97,98
clust_eq,wave,727,15,17,22,30,33,35,37,43,45,48,57,61,62,67,84,90
clust_eq,wave,728,7,20,21,24,31,38,62,65,68,72,77,78,82,86,92,93
clust_eq,wave,729,4,11,20,23,24,32,33,37,38,52,55,75,77,80,90,97
clust_eq,wave,730,2,12,17,24,28,30,34,39,41,42,44,51,63,72,81,88
clust_eq,wave,731,2,7,10,13,20,23,24,37,38,51,54,59,63,70,77,88
clust_eq,wave,732,2,17,22,31,34,36,38,39,48,53,61,62,66,78,86,88
clust_eq,wave,733,10,11,15,21,23,36,55,56,62,64,73,79,82,83,85,97
clust_eq,wave,734,10,12,13,18,24,28,34,38,42,47,63,77,79,92,93,100
clust_eq,wave,735,2,3,8,10,11,27,36,38,48,61,66,70,79,83,97,100
clust_eq,wave,736,5,13,22,24,25,31,32,33,42,43,44,70,86,88,90,94
clust_eq,wave,737,4,5,7,9,10,23,29,49,50,75,87,88,89,95,96,97
clust_eq,wave,738,9,15,16,17,25,26,36,54,62,64,65,67,68,74,78,92
clust_eq,wave,739,1,4,5,10,12,17,21,25,28,32,41,44,71,84,96,97
clust_eq,wave,740,6,9,15,22,29,35,40,46,49,69,78,81,87,89,94,100
clust_eq,wave,741,6,8,10,16,22,25,32,35,36,37,51,52,54,56,85,99
clust_eq,wave,742,3,9,11,15,25,32,42,50,54,56,57,72,74,78,79,89
clust_eq,wave,743,3,46,50,56,60,65,66,68,69,78,80,81,83,87,92,100
clust_eq,wave,744,20,21,24,29,38,40,50,68,78,83,86,88,91,96,99,100
clust_eq,wave,745,1,11,24,29,34,38,41,44,46,47,63,72,82,86,94,100
clust_eq,wave,746,17,26,35,36,51,54,61,67,70,75,78,85,86,87,96,99
clust_eq,wave,747,2,5,13,28,31,44,46,56,59,61,71,89,91,92,94,98
clust_eq,wave,748,3,20,30,41,45,47,50,55,56,64,65,71,78,85,99,100
clust_eq,wave,749,2,6,7,8,19,20,31,35,52,59,69,71,72,86,91,99
clust_eq,wave,750,2,4,24,27,38,39,41,52,53,61,79,82,83,84,86,94
clust_eq,wave,751,3,4,24,26,30,34,42,50,56,59,63,76,80,82,84,90
clust_eq,wave,752,2,3,6,7,8,19,20,24,27,38,57,65,68,70,82,86
clust_eq,wave,753,4,12,17,20,26,44,49,68,69,71,80,81,84,85,96,99
clust_eq,wave,754,8,15,21,25,33,35,41,46,48,52,54,57,67,68,72,96
clust_eq,wave,755,2,12,17,24,37,38,41,44,46,51,54,61,72,83,91,96
clust_eq,wave,756,4,14,16,22,23,25,29,49,57,60,63,67,76,88,96,99
clust_eq,wave,757,11,13,25,27,30,31,32,42,50,58,62,64,79,85,87,95
clust_eq,wave,758,2,8,14,27,30,41,52,53,57,59,69,79,82,84,85,98
clust_eq,wave,759,22,33,38,40,43,45,47,48,50,55,58,66,67,70,80,100
clust_eq,wave,760,7,18,19,23,49,50,53,58,59,70,74,86,88,89,90,99
clust_eq,wave,761,11,13,21,26,27,32,40,55,58,60,66,73,75,82,89,97
clust_eq,wave,762,14,21,22,24,26,30,31,34,43,50,58,59,62,73,76,99
clust_eq,wave,763,1,14,19,21,27,29,34,39,41,53,57,64,74,86,94,99
clust_eq,wave,764,3,5,6,18,32,37,56,59,61,64,88,90,91,94,95,98
clust_eq,wave,765,3,8,11,14,27,32,37,55,57,70,79,84,85,90,95,97
clust_eq,wave,766,3,21,23,24,33,38,45,50,57,58,61,67,75,82,84,96
clust_eq,wave,767,1,2,10,12,13,14,17,34,42,44,76,86,88,92,97,99
clust_eq,wave,768,1,4,7,12,19,30,37,39,53,71,77,80,85,87,89,93
clust_eq,wave,769,3,6,12,18,25,28,32,49,59,73,74,86,87,89,91,94
clust_eq,wave,770,1,5,9,11,12,15,16,17,18,33,44,55,64,72,73,83
clust_eq,wave,771,2,11,18,20,23,27,52,54,60,63,69,76,77,79,98,99
clust_eq,wave,772,4,7,10,11,12,19,20,21,24,28,38,49,75,77,80,93
clust_eq,wave,773,12,13,15,22,31,33,35,47,55,60,77,82,83,88,92,93
clust_eq,wave,774,17,26,36,38,39,47,51,53,54,55,62,67,71,85,88,99
clust_eq,wave,775,6,12,24,30,31,32,42,46,49,64,65,68,77,78,93,98
clust_eq,wave,776,4,6,7,9,23,33,35,45,65,70,71,75,80,84,87,89
clust_eq,wave,777,6,14,25,28,30,33,44,45,54,56,57,64,69,74,75,94
clust_eq,wave,778,13,21,25,31,32,35,37,40,46,58,59,60,62,63,89,99
clust_eq,wave,779,22,36,38,43,44,54,56,69,74,78,80,81,82,83,90,94
clust_eq,wave,780,6,16,25,34,35,36,44,45,56,59,85,86,90,91,94,99
clust_eq,wave,781,2,3,20,22,24,36,37,38,46,54,61,63,70,96,98,99
clust_eq,wave,782,1,4,6,24,44,46,47,56,61,65,67,76,80,82,86,94
clust_eq,wave,783,3,9,11,12,15,18,25,27,32,42,74,79,87,89,94,100
clust_eq,wave,784,28,30,34,41,42,59,64,70,71,72,81,85,91,92,93,100
clust_eq,wave,785,9,10,11,25,32,40,42,46,49,57,58,71,74,84,89,97
clust_eq,wave,786,1,8,9,10,15,18,21,25,29,40,67,72,73,74,96,97
clust_eq,wave,787,1,5,16,18,23,25,37,46,54,58,64,67,72,90,96,99
clust_eq,wave,788,3,11,27,35,36,54,56,60,61,68,79,83,87,94,97,99
clust_eq,wave,789,3,13,20,31,50,58,59,69,71,76,85,88,91,92,98,99
clust_eq,wave,790,5,6,21,23,24,51,58,59,61,64,72,73,78,79,83,99
clust_eq,wave,791,2,12,22,24,34,36,42,43,62,76,78,81,86,93,99,100
clust_eq,wave,792,1,3,25,26,42,53,56,67,71,72,73,76,80,82,86,94
clust_eq,wave,793,12,31,33,43,64,65,69,71,72,75,77,81,82,83,85,93
clust_eq,wave,794,11,19,27,28,34,35,36,42,51,62,77,79,86,90,93,97
clust_eq,wave,795,1,18,20,23,24,26,28,39,52,63,69,72,73,86,90,98
clust_eq,wave,796,3,13,28,34,38,42,47,56,63,71,74,79,88,92,94,100
clust_eq,wave,797,1,6,9,25,32,39,40,41,42,45,58,66,89,90,91,100
clust_eq,wave,798,7,9,21,31,44,46,49,53,59,70,71,74,77,89,93,99
clust_eq,wave,799,4,6,8,30,46,49,52,65,66,69,78,81,83,85,87,99
clust_eq,wave,800,1,10,12,18,28,35,39,53,55,60,69,73,77,83,87,93
clust_eq,wave,801,3,17,27,34,47,49,53,56,57,60,62,64,68,81,84,95
clust_eq,wave,802,2,7,8,10,18,20,22,24,36,38,48,52,63,84,96,100
clust_eq,wave,803,2,4,19,37,40,53,58,61,71,75,76,78,83,85,92,99
clust_eq,wave,804,2,14,33,45,48,52,54,57,61,68,76,83,94,95,96,97
clust_eq,wave,805,17,21,22,30,33,34,43,44,51,58,64,70,72,73,85,95
clust_eq,wave,806,10,18,22,32,40,55,58,62,63,71,72,73,74,82,86,87
clust_eq,wave,807,1,14,25,28,41,44,46,56,57,63,69,74,84,86,87,94
clust_eq,wave,808,11,27,29,35,37,41,51,60,69,79,87,89,94,97,98,99
clust_eq,wave,809,2,11,12,19,24,27,34,42,68,76,77,82,86,93,97,100
clust_eq,wave,810,3,7,8,33,35,36,45,54,59,60,65,75,87,89,92,99
clust_eq,wave,811,1,3,24,26,27,34,37,39,47,50,53,56,57,76,84,99
clust_eq,wave,812,6,8,10,13,20,22,31,47,52,55,66,76,82,85,88,92
clust_eq,wave,813,8,13,16,38,46,48,52,65,67,68,71,78,80,81,92,100
clust_eq,wave,814,10,11,18,20,24,28,32,44,49,55,58,73,75,86,87,97
clust_eq,wave,815,7,8,17,18,20,21,22,24,38,39,46,52,53,72,86,100
clust_eq,wave,816,10,11,15,21,23,30,34,35,37,41,51,54,56,75,88,97
clust_eq,wave,817,20,29,33,41,44,45,57,59,60,69,75,84,90,94,95,98
clust_eq,wave,818,5,15,16,18,25,26,32,39,48,56,63,72,73,79,89,93
clust_eq,wave,819,9,10,15,20,35,40,43,47,50,55,58,62,65,68,80,100
clust_eq,wave,820,3,7,9,14,15,19,21,26,27,53,56,57,59,74,89,94
clust_eq,wave,821,2,8,24,27,48,52,57,61,76,79,81,83,84,86,96,97
clust_eq,wave,822,7,9,21,23,36,51,56,63,71,74,79,84,88,89,93,96
clust_eq,wave,823,1,12,16,18,28,33,46,60,66,72,76,77,83,92,93,100
clust_eq,wave,824,4,8,10,13,22,30,37,39,47,52,53,54,55,66,83,85
clust_eq,wave,825,8,10,13,14,15,22,31,37,44,46,69,70,85,90,92,98
clust_eq,wave,826,3,6,9,15,21,41,45,50,58,65,69,74,78,81,89,100
clust_eq,wave,827,7,9,12,14,16,43,44,45,54,57,68,76,78,91,93,95
clust_eq,wave,828,4,6,21,24,28,30,34,45,51,52,59,64,77,81,91,94
clust_eq,wave,829,12,20,26,27,38,39,53,57,61,74,77,82,84,90,93,98
clust_eq,wave,830,15,25,35,49,50,52,60,61,65,68,80,82,83,87,92,100
clust_eq,wave,831,4,7,13,18,19,20,22,24,38,47,59,70,78,82,92,93
clust_eq,wave,832,5,22,33,40,43,47,49,50,55,58,70,71,80,82,89,100
clust_eq,wave,833,6,10,12,17,20,30,44,47,59,61,72,73,80,85,95,98
clust_eq,wave,834,5,34,36,42,48,51,52,53,54,64,68,71,77,78,88,96
clust_eq,wave,835,8,11,16,23,29,34,36,49,51,64,71,73,78,79,82,85
clust_eq,wave,836,29,35,41,44,45,53,57,59,69,81,83,84,86,87,94,95
clust_eq,wave,837,5,15,16,25,27,29,32,36,37,39,43,48,54,79,89,94
clust_eq,wave,838,6,10,13,14,19,23,52,60,65,68,69,73,76,81,90,99
clust_eq,wave,839,3,5,14,18,26,39,50,53,56,61,72,73,81,83,87,99
clust_eq,wave,840,1,2,9,34,36,46,51,54,58,62,65,76,78,81,92,95
clust_eq,wave,841,4,7,8,14,16,19,24,26,29,38,40,63,68,80,86,96
clust_eq,wave,842,16,19,23,24,28,31,34,38,43,49,58,62,65,78,81,92
clust_eq,wave,843,16,17,30,39,43,48,49,55,62,71,74,80,83,84,88,91
clust_eq,wave,844,12,21,27,37,38,48,66,69,77,79,80,81,89,92,93,100
clust_eq,wave,845,12,13,17,34,39,42,44,54,63,64,74,79,82,86,88,90
clust_eq,wave,846,3,18,32,39,42,50,53,58,66,67,72,73,76,79,82,86
clust_eq,wave,847,5,6,8,28,32,36,37,44,45,54,59,61,70,71,81,87
clust_eq,wave,848,2,10,18,19,24,29,38,40,42,49,50,65,69,81,83,86
clust_eq,wave,849,3,4,10,21,24,32,38,50,51,55,79,82,84,89,96,97
clust_eq,wave,850,4,5,6,12,18,19,28,49,64,65,68,69,77,87,93,98
clust_eq,wave,851,8,14,21,39,40,51,52,53,61,72,73,75,78,85,95,98
clust_eq,wave,852,6,10,18,23,42,58,60,62,64,65,68,69,72,73,90,99
clust_eq,wave,853,20,25,30,32,36,42,43,46,52,54,64,78,85,90,94,99
clust_eq,wave,854,10,15,16,19,22,25,37,38,41,43,48,57,66,67,70,93
clust_eq,wave,855,1,2,10,12,17,24,34,42,44,57,72,76,82,84,86,92
clust_eq,wave,856,8,23,30,34,42,46,51,52,63,64,65,71,72,73,85,99
clust_eq,wave,857,5,9,14,15,18,23,25,39,42,52,67,72,73,77,90,91
clust_eq,wave,858,10,12,21,34,36,37,43,51,64,65,73,77,79,85,93,95
clust_eq,wave,859,4,6,13,20,21,23,46,55,58,62,65,68,71,78,85,99
clust_eq,wave,860,4,16,19,20,22,23,24,33,37,38,41,43,51,56,98,99
clust_eq,wave,861,3,16,24,25,30,37,41,45,50,56,67,70,85,91,92,100
clust_eq,wave,862,1,4,17,18,21,32,35,46,49,56,60,62,63,96,98,99
clust_eq,wave,863,3,7,8,9,11,18,21,27,52,60,63,66,73,76,79,89
clust_eq,wave,864,8,24,31,33,34,47,49,52,65,68,76,81,82,86,88,92
clust_eq,wave,865,5,12,18,22,26,32,37,55,72,73,77,78,87,89,93,95
clust_eq,wave,866,20,40,47,50,51,53,55,58,60,64,78,79,84,88,95,96
clust_eq,wave,867,2,11,23,27,36,51,52,54,66,69,77,79,82,83,85,97
clust_eq,wave,868,13,22,26,28,29,32,38,42,43,44,66,88,90,94,98,100
clust_eq,wave,869,1,12,16,27,28,34,36,41,43,46,54,60,66,77,89,93
clust_eq,wave,870,3,5,7,14,18,24,39,47,58,63,70,72,73,79,82,86
clust_eq,wave,871,7,16,20,27,40,41,48,53,57,58,70,76,79,84,92,95
clust_eq,wave,872,6,7,8,9,19,21,24,38,41,45,52,59,82,89,91,100
clust_eq,wave,873,5,10,13,14,22,23,31,43,46,48,58,62,69,87,95,98
clust_eq,wave,874,1,4,7,9,15,16,20,33,41,43,44,56,74,84,94,96
clust_eq,wave,875,8,11,12,24,27,30,41,47,55,67,76,79,82,93,97,100
clust_eq,wave,876,7,15,17,31,35,37,40,41,43,48,59,62,87,88,89,91
clust_eq,wave,877,12,13,15,23,28,34,39,42,44,51,64,74,88,90,91,97
clust_eq,wave,878,4,9,12,15,16,35,41,45,55,59,67,77,84,91,92,93
clust_eq,wave,879,1,5,9,15,17,21,25,32,33,39,40,45,57,70,84,89
clust_eq,wave,880,3,7,14,16,19,28,39,56,57,60,63,76,90,91,94,95
clust_eq,wave,881,2,5,24,28,33,36,43,64,69,70,75,77,84,88,93,98
clust_eq,wave,882,5,6,8,10,18,21,31,34,46,49,52,65,68,71,81,99
clust_eq,wave,883,2,12,17,39,44,45,48,53,55,57,66,67,75,76,78,84
clust_eq,wave,884,3,4,10,15,16,19,22,30,34,43,49,50,64,82,85,90
clust_eq,wave,885,11,12,19,21,30,34,35,37,39,48,57,71,75,81,88,93
clust_eq,wave,886,1,6,7,13,20,21,24,26,31,37,38,45,52,65,77,99
clust_eq,wave,887,4,13,14,22,23,30,32,43,46,55,58,78,80,82,85,90
clust_eq,wave,888,5,18,25,28,32,39,42,53,56,71,72,73,78,79,89,93
clust_eq,wave,889,2,5,13,26,29,31,39,44,61,63,64,65,68,83,94,99
clust_eq,wave,890,3,4,19,20,47,49,50,53,55,56,66,68,76,80,82,86
clust_eq,wave,891,6,13,23,30,31,35,46,48,58,59,69,71,78,81,83,87
clust_eq,wave,892,6,10,13,17,31,34,42,52,59,64,65,68,81,85,90,95
clust_eq,wave,893,3,11,21,27,28,41,50,55,56,67,71,74,79,86,97,100
clust_eq,wave,894,20,33,40,43,45,47,48,55,57,58,62,65,66,68,76,84
clust_eq,wave,895,5,7,10,11,14,21,37,46,49,52,56,84,94,95,97,100
clust_eq,wave,896,7,20,21,24,29,33,37,38,41,43,51,59,72,73,75,94
clust_eq,wave,897,2,14,36,50,51,58,62,68,69,74,79,82,86,88,96,97
clust_eq,wave,898,22,37,38,41,43,45,48,51,54,61,62,66,67,77,87,93
clust_eq,wave,899,1,3,5,10,15,36,48,50,53,58,69,73,81,83,87,96
clust_eq,wave,900,9,14,23,31,48,56,57,59,61,62,75,88,90,91,95,98
clust_eq,wave,901,5,7,8,20,21,31,40,46,48,49,52,63,65,68,95,96
clust_eq,wave,902,4,5,22,29,37,44,46,51,61,63,64,67,87,92,94,95
clust_eq,wave,903,1,8,9,10,15,16,29,35,36,40,54,55,67,88,96,97
clust_eq,wave,904,5,7,8,20,22,28,33,39,44,45,57,70,84,86,90,95
clust_eq,wave,905,17,19,22,36,38,39,47,51,52,61,66,78,82,83,85,88
clust_eq,wave,906,11,13,23,27,31,34,42,52,66,76,77,79,85,86,90,97
clust_eq,wave,907,5,12,34,36,37,42,53,73,77,78,79,89,90,93,95,96
clust_eq,wave,908,4,33,34,42,43,52,56,60,64,65,66,75,82,84,90,94
clust_eq,wave,909,10,12,17,20,31,32,44,49,61,63,68,76,85,86,92,95
clust_eq,wave,910,5,19,21,22,23,29,31,32,33,43,45,48,55,57,89,95
clust_eq,wave,911,9,12,13,15,43,57,59,64,69,74,77,87,88,91,93,98
clust_eq,wave,912,5,16,20,27,35,39,46,54,57,62,71,77,86,91,93,99
clust_eq,wave,913,4,24,28,38,41,45,47,51,53,55,59,62,67,77,84,93
clust_eq,wave,914,7,10,11,20,21,24,38,43,52,68,79,80,82,86,94,100
clust_eq,wave,915,1,9,14,16,26,31,36,39,49,52,55,63,67,76,94,95
clust_eq,wave,916,5,9,10,11,12,13,15,25,32,42,46,64,80,93,97,100
clust_eq,wave,917,11,16,19,26,37,40,50,55,57,58,64,67,70,72,85,97
clust_eq,wave,918,11,13,29,31,38,44,47,48,55,63,66,67,69,88,91,94
clust_eq,wave,919,4,13,19,21,23,38,48,55,58,59,62,66,67,80,91,92
clust_eq,wave,920,1,8,10,16,24,25,30,37,39,46,52,53,67,76,90,100
clust_eq,wave,921,2,18,30,46,52,61,63,66,68,72,76,82,83,86,94,96
clust_eq,wave,922,3,15,18,26,35,45,48,53,58,59,67,69,78,87,98,100
clust_eq,wave,923,2,13,20,31,37,44,46,48,50,53,59,61,66,70,78,92
clust_eq,wave,924,12,15,35,45,57,59,60,63,69,75,77,81,82,83,87,93
clust_eq,wave,925,1,3,20,24,33,50,55,57,76,77,84,86,87,88,96,97
clust_eq,wave,926,10,15,16,18,22,25,29,30,35,37,40,46,48,54,67,92
clust_eq,wave,927,3,4,6,10,15,18,35,37,56,65,69,75,81,85,89,94
clust_eq,wave,928,14,15,39,40,45,50,58,63,69,70,79,80,85,87,98,100
clust_eq,wave,929,9,10,11,15,21,35,36,40,54,58,69,75,81,88,89,97
clust_eq,wave,930,22,29,30,33,41,44,45,48,61,67,76,87,94,96,98,100
clust_eq,wave,931,8,11,13,16,29,33,38,40,45,48,71,75,81,83,97,100
clust_eq,wave,932,10,17,20,28,36,44,51,55,59,63,69,70,71,74,86,88
clust_eq,wave,933,2,4,6,7,10,13,19,20,23,48,58,62,65,68,76,95
clust_eq,wave,934,2,24,26,38,40,41,51,54,58,61,62,88,96,97,98,99
clust_eq,wave,935,9,12,22,33,34,36,43,45,47,51,54,66,76,77,81,93
clust_eq,wave,936,16,18,22,23,25,30,33,37,43,45,48,67,71,73,76,77
clust_eq,wave,937,4,8,10,28,34,42,43,52,60,64,65,66,68,80,84,90
clust_eq,wave,938,7,8,18,20,21,33,40,43,64,65,68,71,72,73,85,99
clust_eq,wave,939,8,11,15,18,28,33,35,52,60,69,72,73,75,87,89,97
clust_eq,wave,940,8,10,13,21,22,31,34,35,37,46,52,81,85,92,94,95
clust_eq,wave,941,4,23,26,29,47,49,53,55,60,67,68,74,78,80,82,84
clust_eq,wave,942,1,9,10,14,15,17,18,47,49,55,62,73,74,92,97,98
clust_eq,wave,943,7,8,10,13,22,31,46,47,52,53,60,67,71,74,82,92
clust_eq,wave,944,1,12,14,17,36,42,44,60,69,73,76,90,91,96,98,99
clust_eq,wave,945,10,11,21,23,25,32,37,38,54,57,58,62,79,89,95,97
clust_eq,wave,946,4,16,19,22,25,30,32,33,49,51,56,64,85,92,93,95
clust_eq,wave,947,3,4,6,25,42,50,54,59,60,67,71,76,77,80,82,91
clust_eq,wave,948,1,10,12,17,21,30,32,44,53,55,66,72,80,85,89,96
clust_eq,wave,949,1,6,15,16,17,19,26,34,35,36,60,62,77,80,82,96
clust_eq,wave,950,5,9,16,22,23,31,34,46,52,63,64,71,72,74,77,96
clust_eq,wave,951,5,14,18,25,29,32,42,45,59,67,90,91,92,94,99,100
clust_eq,wave,952,5,6,9,29,36,44,46,47,55,59,71,78,83,91,94,100
clust_eq,wave,953,3,9,16,25,33,36,45,50,54,58,67,68,71,74,80,96
clust_eq,wave,954,4,11,14,21,25,26,29,32,37,41,51,75,85,94,97,99
clust_eq,wave,955,1,2,8,10,11,14,29,31,40,41,42,69,85,86,97,98
clust_eq,wave,956,9,15,18,21,22,25,26,35,40,50,54,58,63,67,72,92
clust_eq,wave,957,4,5,10,17,18,22,32,43,49,61,62,64,86,87,88,95
clust_eq,wave,958,5,9,13,29,31,34,42,44,46,53,59,64,71,78,94,95
clust_eq,wave,959,2,4,12,14,28,38,42,51,69,74,77,78,91,93,96,98
clust_eq,wave,960,8,31,34,35,42,49,52,63,64,70,79,81,86,90,96,99
clust_eq,wave,961,2,6,8,10,13,14,19,23,52,60,61,65,68,76,98,99
clust_eq,wave,962,7,8,14,22,29,33,40,45,47,74,80,82,86,92,97,100
clust_eq,wave,963,4,6,8,10,16,19,22,24,29,37,38,40,55,67,80,86
clust_eq,wave,964,1,9,15,16,18,32,50,53,58,62,72,73,74,78,89,92
clust_eq,wave,965,12,16,18,26,34,38,39,48,52,63,64,66,72,73,81,94
clust_eq,wave,966,2,7,8,13,20,24,27,31,39,63,64,70,79,82,86,93
clust_eq,wave,967,11,12,13,17,24,26,31,38,44,45,47,61,63,75,82,83
clust_eq,wave,968,15,18,21,25,32,35,40,48,50,68,70,72,73,89,91,92
clust_eq,wave,969,6,8,28,32,42,44,46,49,60,65,66,70,78,90,98,100
clust_eq,wave,970,5,17,18,27,28,34,39,42,44,54,56,64,66,68,81,91
clust_eq,wave,971,8,24,26,27,39,41,47,52,53,67,75,76,81,82,86,100
clust_eq,wave,972,2,14,19,24,29,30,33,37,57,61,72,83,88,92,94,99
clust_eq,wave,973,8,11,13,31,32,33,45,52,55,71,74,75,82,86,87,89
clust_eq,wave,974,1,7,11,12,17,20,27,44,47,76,80,91,95,97,98,100
clust_eq,wave,975,4,8,9,21,26,34,40,43,49,51,59,66,70,76,81,84
clust_eq,wave,976,12,19,20,28,30,31,39,42,53,72,76,79,90,93,97,98
clust_eq,wave,977,4,6,17,32,33,41,42,45,51,64,70,75,85,87,95,98
clust_eq,wave,978,8,18,21,23,25,32,35,37,45,59,60,63,70,89,99,100
clust_eq,wave,979,5,8,11,16,25,27,32,36,40,51,70,73,79,89,95,97
clust_eq,wave,980,1,4,10,12,17,19,30,44,47,48,55,63,66,67,76,96
clust_eq,wave,981,4,9,15,18,19,32,35,49,52,55,68,77,89,91,92,94
clust_eq,wave,982,17,18,20,21,22,39,46,49,55,60,62,70,76,78,95,100
clust_eq,wave,983,4,7,9,15,21,26,40,43,50,58,59,62,74,80,84,89
clust_eq,wave,984,23,25,27,28,36,39,42,53,56,60,62,67,79,84,90,95
clust_eq,wave,985,4,9,12,35,39,41,45,51,61,63,79,84,87,89,93,95
clust_eq,wave,986,10,12,17,22,41,43,44,69,71,76,81,82,86,87,89,100
clust_eq,wave,987,1,5,12,15,18,25,26,32,39,42,48,53,54,72,87,93
clust_eq,wave,988,4,9,10,12,19,24,38,47,49,53,55,59,67,77,80,93
clust_eq,wave,989,6,8,10,12,21,28,46,55,65,67,71,74,80,86,93,100
clust_eq,wave,990,7,14,18,21,22,30,45,50,62,63,77,85,93,95,96,100
clust_eq,wave,991,1,2,7,8,10,11,24,28,36,40,54,70,76,83,86,88
clust_eq,wave,992,3,5,21,22,34,37,39,45,63,64,66,70,77,80,99,100
clust_eq,wave,993,8,21,25,32,36,41,43,45,51,52,59,60,66,82,89,91
clust_eq,wave,994,11,12,26,41,48,49,57,61,66,75,76,83,84,90,93,97
clust_eq,wave,995,14,23,27,28,36,38,47,52,53,54,61,77,79,85,96,98
clust_eq,wave,996,2,4,8,14,22,26,28,41,60,69,70,78,83,84,92,93
clust_eq,wave,997,16,17,19,22,36,37,41,45,62,67,71,73,85,92,98,99
clust_eq,wave,998,2,12,14,19,22,31,33,44,45,58,61,76,86,92,98,99
clust_eq,wave,999,4,7,20,21,33,40,46,48,50,51,58,70,72,76,95,96
clust_eq,wave,1000,12,17,18,22,26,34,37,38,42,44,48,63,66,72,73,90
clust_eq,wave,1001,2,7,13,23,31,35,41,46,48,56,59,62,71,83,91,92
clust_eq,wave,1002,7,12,14,19,28,33,43,57,59,65,68,72,74,86,93,98
clust_eq,wave,1003,1,27,36,53,54,62,66,69,77,79,81,82,85,87,89,93
clust_eq,wave,1004,2,19,22,23,31,37,38,48,58,62,63,66,69,72,83,92
clust_eq,wave,1005,29,44,47,51,60,61,66,68,72,76,82,83,88,91,94,96
clust_eq,wave,1006,12,20,26,36,38,43,47,48,55,65,66,68,73,77,78,93
clust_eq,wave,1007,3,6,10,19,22,31,34,47,49,50,58,60,66,76,81,82
clust_eq,wave,1008,1,25,26,51,54,69,72,77,85,88,89,90,93,96,97,99
clust_eq,wave,1009,5,6,10,12,16,17,30,31,44,48,49,55,65,67,68,95
clust_eq,wave,1010,8,33,35,37,45,52,54,57,60,69,75,81,89,90,92,99
clust_eq,wave,1011,17,35,36,37,45,51,52,63,69,75,81,84,85,87,96,99
clust_eq,wave,1012,1,4,12,14,17,26,42,44,47,74,83,84,86,96,97,99
clust_eq,wave,1013,3,9,15,23,36,39,53,54,64,69,74,75,77,87,88,98
clust_eq,wave,1014,12,13,17,22,24,26,37,44,54,60,61,64,83,88,90,97
clust_eq,wave,1015,1,5,10,37,39,41,42,51,53,64,67,73,77,90,93,99
clust_eq,wave,1016,1,7,12,17,20,24,30,39,44,45,47,48,76,80,91,100
clust_eq,wave,1017,1,8,29,31,40,42,43,46,48,49,65,69,76,78,83,90
clust_eq,wave,1018,5,18,21,25,29,30,32,33,40,43,48,49,66,75,88,89
clust_eq,wave,1019,16,20,32,36,39,51,54,60,62,76,77,81,88,91,93,95
clust_eq,wave,1020,6,10,20,23,37,46,58,60,62,65,69,80,87,95,98,100
clust_eq,wave,1021,1,2,4,7,9,26,38,43,65,67,71,74,77,78,93,99
clust_eq,wave,1022,9,11,15,23,27,32,44,54,56,57,63,74,79,89,90,98
clust_eq,wave,1023,1,8,25,26,32,37,39,42,48,52,53,57,66,88,89,90
clust_eq,wave,1024,17,19,21,24,26,30,31,48,49,55,58,59,62,67,76,91
clust_eq,wave,1025,19,27,30,31,32,33,37,40,50,61,62,66,75,85,87,96
clust_eq,wave,1026,4,14,15,29,34,37,42,46,54,65,80,81,85,90,94,97
clust_eq,wave,1027,4,6,7,9,10,15,19,23,35,59,68,70,80,87,89,91
clust_eq,wave,1028,3,10,15,25,35,46,48,50,56,64,65,69,80,87,97,100
clust_eq,wave,1029,9,15,22,32,33,35,36,43,45,51,54,61,70,81,87,93
clust_eq,wave,1030,7,19,20,23,27,43,47,48,57,58,59,66,75,76,82,91
clust_eq,wave,1031,2,3,6,8,9,12,36,45,61,65,66,67,68,73,76,95
clust_eq,wave,1032,3,7,16,18,20,22,24,33,38,45,50,54,58,82,90,92
clust_eq,wave,1033,6,10,13,27,30,31,34,39,42,64,70,79,81,85,90,93
clust_eq,wave,1034,1,29,30,33,35,37,39,42,45,57,84,90,94,97,98,99
clust_eq,wave,1035,2,3,5,6,14,19,27,50,57,58,59,61,83,86,91,99
clust_eq,wave,1036,9,15,16,18,32,35,45,52,55,56,59,81,91,92,94,100
clust_eq,wave,1037,13,14,28,33,52,54,65,68,69,74,77,86,87,88,94,98
clust_eq,wave,1038,7,12,16,22,24,33,38,41,45,57,67,82,84,92,93,97
clust_eq,wave,1039,3,5,8,9,11,13,14,15,27,31,69,70,79,87,97,98
clust_eq,wave,1040,3,6,9,13,27,31,35,46,50,56,65,69,89,90,98,99
clust_eq,wave,1041,4,8,9,13,20,38,47,55,68,70,71,74,84,91,92,93
clust_eq,wave,1042,1,2,4,10,34,41,42,44,53,56,64,71,74,82,85,94
clust_eq,wave,1043,5,9,19,27,39,41,53,57,64,69,77,79,83,87,93,95
clust_eq,wave,1044,9,15,18,26,35,39,40,52,53,58,69,72,73,81,83,87
clust_eq,wave,1045,7,13,20,21,23,24,26,29,31,38,39,40,53,61,68,86
clust_eq,wave,1046,1,9,11,34,38,46,47,51,52,54,63,71,72,74,81,94
clust_eq,wave,1047,8,16,22,24,31,33,34,36,43,46,52,64,81,85,88,99
clust_eq,wave,1048,4,6,7,9,10,15,17,21,35,44,46,49,56,65,80,83
clust_eq,wave,1049,10,21,35,36,39,46,48,51,53,54,61,70,83,86,90,93
clust_eq,wave,1050,8,10,11,16,30,31,37,48,49,52,55,75,76,83,88,97
clust_eq,wave,1051,5,8,27,28,29,36,39,40,53,64,66,69,79,83,84,87
clust_eq,wave,1052,22,23,30,33,45,54,56,57,61,62,71,76,85,92,98,99
clust_eq,wave,1053,1,6,7,8,16,20,39,41,48,52,57,76,84,88,91,95
clust_eq,wave,1054,3,5,12,18,31,46,49,61,64,65,68,78,90,94,98,99
clust_eq,wave,1055,4,5,14,15,21,25,28,32,40,43,50,51,58,68,70,91
clust_eq,wave,1056,12,25,31,32,42,46,49,60,66,77,82,85,89,91,93,96
clust_eq,wave,1057,3,6,13,15,21,31,32,35,48,50,55,58,59,88,91,98
clust_eq,wave,1058,6,7,19,20,21,23,24,27,38,56,57,62,65,68,82,86
clust_eq,wave,1059,2,17,28,36,46,54,59,60,62,65,66,69,70,78,92,98
clust_eq,wave,1060,7,17,23,29,33,36,45,47,51,64,66,67,75,79,85,96
clust_eq,wave,1061,3,5,10,11,16,19,25,28,32,36,50,56,75,89,90,97
clust_eq,wave,1062,3,34,36,50,56,60,61,63,66,76,79,84,88,89,90,92
clust_eq,wave,1063,1,3,4,11,16,19,20,23,25,33,58,80,85,90,97,99
clust_eq,wave,1064,1,13,21,23,31,34,43,51,58,59,62,66,76,85,88,91
clust_eq,wave,1065,14,16,27,29,34,40,41,46,50,55,65,74,82,86,97,100
clust_eq,wave,1066,12,16,17,22,26,30,36,44,48,55,63,64,67,84,85,92
clust_eq,wave,1067,9,10,15,23,36,47,51,55,58,62,63,65,68,73,74,89
clust_eq,wave,1068,4,11,13,16,19,33,38,48,55,67,74,75,77,80,93,97
clust_eq,wave,1069,1,8,11,16,25,27,37,52,60,67,71,80,91,97,99,100
clust_eq,wave,1070,5,9,10,19,29,32,44,57,61,75,87,89,94,95,96,97
clust_eq,wave,1071,17,18,19,24,34,43,45,47,59,62,76,81,82,86,91,100
clust_eq,wave,1072,4,6,12,14,21,25,32,46,49,65,68,80,84,85,93,95
clust_eq,wave,1073,4,14,23,41,42,54,58,59,69,85,90,91,92,95,97,98
clust_eq,wave,1074,7,16,23,36,45,46,54,56,60,62,63,65,67,71,76,99
clust_eq,wave,1075,1,3,5,6,23,31,46,49,56,61,65,67,71,78,82,87
clust_eq,wave,1076,2,7,23,24,31,33,38,43,49,56,65,68,83,86,88,93
clust_eq,wave,1077,6,9,12,13,15,17,31,44,59,69,74,81,87,88,89,91
clust_eq,wave,1078,1,18,38,39,55,62,66,69,72,73,86,87,91,93,97,99
clust_eq,wave,1079,8,13,20,28,29,31,32,40,42,46,55,60,65,68,74,92
clust_eq,wave,1080,2,5,6,7,10,11,12,14,17,18,44,49,75,88,95,100
clust_eq,wave,1081,4,6,14,19,28,33,52,61,72,74,75,77,80,86,90,98
clust_eq,wave,1082,1,2,23,26,34,38,42,48,49,51,56,62,66,88,96,97
clust_eq,wave,1083,8,27,57,61,64,68,70,74,82,83,84,86,90,91,93,96
clust_eq,wave,1084,3,5,8,19,27,36,48,69,70,79,81,83,87,95,96,97
clust_eq,wave,1085,11,16,24,25,26,37,38,52,67,75,77,80,88,94,97,100
clust_eq,wave,1086,1,4,5,8,9,14,29,33,40,49,51,69,87,95,96,98
clust_eq,wave,1087,3,26,38,48,49,58,59,61,66,67,75,76,78,80,90,100
clust_eq,wave,1088,8,9,15,16,18,29,35,40,43,69,72,73,79,89,96,98
clust_eq,wave,1089,6,12,16,34,41,57,64,65,68,71,77,84,85,88,93,99
clust_eq,wave,1090,4,9,13,19,22,23,24,42,43,58,62,63,69,81,83,88
clust_eq,wave,1091,16,30,33,40,46,49,57,58,62,64,67,71,85,92,94,99
clust_eq,wave,1092,6,7,12,14,26,36,38,47,65,68,73,74,77,78,82,93
clust_eq,wave,1093,1,14,17,18,25,32,33,40,46,60,70,72,82,87,96,100
clust_eq,wave,1094,9,11,15,29,35,51,69,72,73,77,79,81,87,89,94,97
clust_eq,wave,1095,3,9,16,25,26,41,50,51,58,65,67,68,71,72,73,74
clust_eq,wave,1096,3,8,9,12,15,22,25,35,46,49,54,57,67,78,87,92
clust_eq,wave,1097,25,27,31,32,35,37,39,40,41,46,50,53,58,60,90,99
clust_eq,wave,1098,12,25,30,39,41,46,47,48,61,67,71,76,77,91,93,100
clust_eq,wave,1099,10,16,24,25,32,36,50,54,58,59,62,64,86,87,88,97
clust_eq,wave,1100,7,11,20,24,27,36,38,40,47,50,51,54,58,70,79,97
clust_eq,wave,1101,1,2,10,14,17,28,38,41,43,44,51,61,70,74,98,100
clust_eq,wave,1102,5,12,17,18,27,44,48,54,63,68,69,79,81,83,87,96
clust_eq,wave,1103,16,24,27,28,36,38,39,46,51,52,53,54,55,71,83,94
clust_eq,wave,1104,3,15,21,27,33,35,50,55,57,58,60,67,75,82,88,96
clust_eq,wave,1105,2,4,7,9,14,19,22,23,27,39,53,56,62,74,78,80
clust_eq,wave,1106,2,11,12,17,24,30,31,41,44,45,61,75,76,78,83,99
clust_eq,wave,1107,5,13,14,17,21,31,44,45,53,56,61,75,78,95,98,99
clust_eq,wave,1108,3,14,21,28,30,34,46,56,63,65,68,72,73,74,80,94
clust_eq,wave,1109,5,6,9,23,31,46,58,59,62,64,69,80,87,91,95,98
clust_eq,wave,1110,1,9,32,39,40,41,45,55,57,70,74,84,87,89,91,97
clust_eq,wave,1111,10,13,22,24,28,31,32,38,43,46,55,59,62,77,87,93
clust_eq,wave,1112,2,4,11,19,24,33,38,44,49,55,58,67,75,80,82,86
clust_eq,wave,1113,9,19,22,33,35,43,52,57,60,61,71,77,83,87,88,94
clust_eq,wave,1114,4,16,18,24,30,34,49,59,64,70,77,88,91,92,93,99
clust_eq,wave,1115,18,20,30,37,42,52,53,69,72,73,74,77,78,79,90,96
clust_eq,wave,1116,6,7,12,17,18,35,42,44,46,65,71,72,86,89,99,100
clust_eq,wave,1117,5,7,12,14,16,36,37,39,51,63,77,79,88,93,98,99
clust_eq,wave,1118,1,8,18,24,26,28,38,47,52,53,55,72,73,78,83,92
clust_eq,wave,1119,3,5,15,16,25,26,27,28,36,53,56,59,67,90,94,100
clust_eq,wave,1120,29,30,41,43,44,45,51,64,65,68,69,84,85,87,94,98
clust_eq,wave,1121,23,31,37,38,46,48,49,52,59,61,66,77,83,90,91,92
clust_eq,wave,1122,2,22,28,41,46,51,53,54,60,61,66,72,76,77,83,93
clust_eq,wave,1123,13,21,24,26,28,29,31,34,44,53,59,71,76,84,86,94
clust_eq,wave,1124,3,21,24,28,30,33,34,36,50,51,56,73,75,76,81,96
clust_eq,wave,1125,3,6,15,21,26,27,35,50,55,56,60,65,67,75,82,100
clust_eq,wave,1126,9,11,12,15,17,26,31,41,44,45,69,74,87,89,97,98
clust_eq,wave,1127,4,8,19,20,29,32,33,40,41,51,55,60,64,75,92,95
clust_eq,wave,1128,12,15,16,17,22,26,35,43,44,55,60,67,72,73,80,82
clust_eq,wave,1129,5,6,9,15,18,21,23,31,32,52,65,68,77,78,88,89
clust_eq,wave,1130,5,9,17,21,26,32,55,57,63,70,71,75,80,84,89,96
clust_eq,wave,1131,18,20,23,24,38,39,47,55,56,62,63,72,73,79,82,86
clust_eq,wave,1132,3,14,16,23,28,33,38,39,41,45,56,57,74,84,86,98
clust_eq,wave,1133,4,6,7,19,20,23,24,27,39,41,47,51,52,75,77,85
clust_eq,wave,1134,3,10,18,21,25,35,37,50,53,56,59,60,67,72,88,99
clust_eq,wave,1135,5,20,28,29,32,36,44,47,55,65,66,73,78,79,86,94
clust_eq,wave,1136,18,27,30,33,37,43,52,65,69,73,74,77,79,81,83,90
clust_eq,wave,1137,1,2,11,14,26,29,31,37,38,44,49,61,83,94,95,97
clust_eq,wave,1138,4,14,19,27,39,48,52,53,67,69,74,75,80,87,94,98
clust_eq,wave,1139,8,25,33,36,37,38,42,62,66,67,79,84,88,90,96,99
clust_eq,wave,1140,5,9,11,13,18,24,27,44,47,56,61,79,83,94,97,100
clust_eq,wave,1141,5,12,16,17,18,25,44,45,48,65,67,68,90,92,95,100
clust_eq,wave,1142,6,20,28,45,47,55,57,59,60,70,74,77,84,91,93,95
clust_eq,wave,1143,17,29,34,35,36,37,47,54,60,63,79,80,88,93,96,99
clust_eq,wave,1144,5,6,12,15,21,22,26,32,49,57,77,81,82,84,89,93
clust_eq,wave,1145,4,10,11,12,14,17,21,30,34,37,41,44,46,81,85,95
clust_eq,wave,1146,2,17,20,22,33,36,41,51,69,70,73,76,81,86,92,95
clust_eq,wave,1147,4,6,8,10,14,19,38,44,48,57,61,65,70,83,90,93
clust_eq,wave,1148,2,7,11,20,23,24,38,41,46,50,51,54,62,82,86,97
clust_eq,wave,1149,3,7,8,18,33,45,47,48,65,66,67,68,70,76,92,100
clust_eq,wave,1150,11,20,29,33,41,45,60,69,75,76,87,90,94,95,98,100
clust_eq,wave,1151,7,12,13,14,17,28,30,31,38,44,46,47,68,74,91,96
clust_eq,wave,1152,2,6,7,20,23,31,44,49,59,70,77,80,85,88,91,95
clust_eq,wave,1153,2,3,9,11,19,23,24,27,38,41,56,57,61,83,91,97
clust_eq,wave,1154,6,9,11,12,15,17,18,21,25,35,36,44,67,68,78,88
clust_eq,wave,1155,2,7,17,18,22,37,40,43,46,60,62,64,72,78,95,100
clust_eq,wave,1156,7,11,13,14,19,23,29,31,33,45,47,53,60,74,75,90
clust_eq,wave,1157,13,20,24,28,38,39,42,45,47,53,58,62,75,78,98,100
clust_eq,wave,1158,1,2,4,7,11,23,26,29,41,48,51,66,76,78,83,84
clust_eq,wave,1159,6,8,14,21,25,27,29,31,32,37,40,46,65,75,85,99
clust_eq,wave,1160,12,13,17,25,31,33,42,44,45,65,67,68,74,82,86,90
clust_eq,wave,1161,3,22,33,34,35,41,42,45,50,57,58,84,86,90,92,99
clust_eq,wave,1162,5,10,13,43,44,56,65,69,71,75,81,83,87,94,99,100
clust_eq,wave,1163,4,13,19,35,43,44,48,58,65,69,71,78,80,81,83,87
clust_eq,wave,1164,2,12,14,17,24,33,34,42,44,46,72,73,80,86,92,99
clust_eq,wave,1165,6,29,34,40,42,45,50,57,65,66,68,76,81,84,90,99
clust_eq,wave,1166,2,4,10,11,13,19,22,24,29,44,61,64,86,94,97,98
clust_eq,wave,1167,7,8,11,24,28,31,38,41,46,47,52,67,72,78,91,97
clust_eq,wave,1168,7,18,21,26,39,50,53,56,66,72,73,76,82,86,87,89
clust_eq,wave,1169,6,7,9,10,25,35,44,47,56,65,68,80,89,94,95,100
clust_eq,wave,1170,2,5,8,14,28,33,43,45,52,54,57,59,69,79,83,95
clust_eq,wave,1171,6,10,23,30,31,32,46,48,49,52,61,65,68,71,87,89
clust_eq,wave,1172,5,6,21,22,28,31,34,36,44,53,55,56,71,78,88,94
clust_eq,wave,1173,5,9,10,21,24,29,36,43,54,65,69,75,81,82,83,94
clust_eq,wave,1174,3,11,24,27,30,34,41,42,50,51,56,64,75,82,90,97
clust_eq,wave,1175,1,5,32,37,39,45,61,63,66,79,80,87,89,93,99,100
clust_eq,wave,1176,12,14,16,17,26,27,34,36,39,44,53,54,60,74,81,99
clust_eq,wave,1177,11,15,30,33,57,69,72,74,75,77,81,87,88,89,93,97
clust_eq,wave,1178,10,11,13,14,23,27,30,37,47,58,61,83,85,97,99,100
clust_eq,wave,1179,1,12,14,19,21,27,34,38,80,85,91,92,93,97,99,100
clust_eq,wave,1180,3,10,24,25,30,32,37,42,49,58,59,64,73,75,80,97
clust_eq,wave,1181,3,10,11,15,16,19,49,56,57,67,74,75,81,82,94,97
clust_eq,wave,1182,3,19,27,30,39,47,55,57,58,63,64,67,71,79,85,99
clust_eq,wave,1183,4,10,11,16,19,20,25,29,30,40,48,71,75,76,80,97
clust_eq,wave,1184,15,23,35,41,45,48,57,65,68,69,70,81,83,84,87,92
clust_eq,wave,1185,2,24,27,36,39,51,52,53,54,61,64,79,82,83,86,94
clust_eq,wave,1186,7,9,12,17,26,44,47,51,54,65,72,75,76,78,89,95
clust_eq,wave,1187,3,8,12,16,19,26,27,34,39,53,57,60,64,75,81,95
clust_eq,wave,1188,10,11,15,35,36,37,48,51,52,54,69,75,81,87,94,97
clust_eq,wave,1189,9,15,21,22,23,25,31,32,43,49,56,62,74,78,88,89
clust_eq,wave,1190,1,6,7,20,26,28,29,36,38,44,47,54,65,74,86,94
clust_eq,wave,1191,17,21,22,25,26,30,36,40,64,67,80,84,85,88,92,99
clust_eq,wave,1192,8,16,24,25,26,28,29,32,40,41,57,59,64,84,92,97
clust_eq,wave,1193,17,18,25,27,32,35,40,42,54,59,60,63,70,79,90,99
clust_eq,wave,1194,1,8,24,31,34,38,39,42,46,49,52,53,81,86,90,99
clust_eq,wave,1195,2,3,5,7,13,14,28,31,33,34,50,56,65,68,88,92
clust_eq,wave,1196,4,5,15,16,23,25,41,43,48,52,63,65,68,77,84,89
clust_eq,wave,1197,16,18,30,40,50,55,58,64,67,68,72,73,85,91,92,99
clust_eq,wave,1198,7,13,20,22,24,29,31,37,38,40,47,53,78,88,92,94
clust_eq,wave,1199,8,9,18,21,25,27,29,32,40,64,74,79,96,97,99,100
clust_eq,wave,1200,9,11,29,32,40,41,47,55,76,79,88,89,94,95,97,100
clust_eq,wave,1201,1,9,16,24,25,26,32,36,39,53,70,77,78,88,89,93
clust_eq,wave,1202,9,15,23,25,26,32,35,39,42,49,51,53,58,78,84,89
clust_eq,wave,1203,5,9,14,15,18,23,27,31,32,52,55,59,77,87,91,92
clust_eq,wave,1204,4,6,13,25,37,40,46,50,58,64,67,70,71,74,80,91
clust_eq,wave,1205,3,4,6,16,17,19,25,35,49,59,60,67,70,80,91,99
clust_eq,wave,1206,3,4,8,24,26,38,41,47,53,55,67,68,70,72,82,86
clust_eq,wave,1207,6,15,17,30,31,35,44,46,48,59,69,70,72,81,87,91
clust_eq,wave,1208,5,7,8,9,10,11,15,19,21,29,40,57,75,87,89,97
clust_eq,wave,1209,4,8,19,20,22,24,25,29,33,38,40,42,43,49,80,90
clust_eq,wave,1210,8,11,13,23,27,28,29,31,46,61,67,75,76,86,90,97
clust_eq,wave,1211,3,18,32,37,38,53,55,58,72,73,78,79,85,87,96,99
clust_eq,wave,1212,2,3,7,8,19,20,30,36,37,39,51,53,70,75,76,95
clust_eq,wave,1213,7,9,13,20,22,23,29,31,43,46,47,68,71,76,78,99
clust_eq,wave,1214,2,3,8,26,30,38,61,65,67,68,70,80,85,88,95,100
clust_eq,wave,1215,18,19,21,22,23,29,30,35,37,43,49,55,67,85,88,99
clust_eq,wave,1216,7,14,15,30,37,47,51,60,62,63,72,73,77,79,93,96
clust_eq,wave,1217,16,17,18,32,37,56,59,62,63,66,72,73,79,81,85,89
clust_eq,wave,1218,8,10,30,36,42,51,52,54,66,69,75,82,88,89,96,97
clust_eq,wave,1219,5,7,10,23,29,36,37,48,51,67,73,79,87,95,96,97
clust_eq,wave,1220,1,9,12,18,20,24,38,42,45,54,63,69,77,90,93,96
clust_eq,wave,1221,2,6,13,14,30,31,37,39,52,61,85,88,91,94,98,99
clust_eq,wave,1222,21,27,29,31,35,37,39,41,53,55,60,67,79,94,98,99
clust_eq,wave,1223,7,14,28,38,41,43,47,52,59,65,74,78,86,88,94,100
clust_eq,wave,1224,3,7,9,10,13,21,22,23,31,35,43,46,56,88,89,99
clust_eq,wave,1225,4,6,9,10,19,21,23,25,35,49,62,65,67,68,77,80
clust_eq,wave,1226,2,8,24,27,29,37,38,40,57,63,69,79,83,84,96,99
clust_eq,wave,1227,14,17,27,28,40,41,46,60,61,68,70,76,90,91,96,100
clust_eq,wave,1228,4,5,9,13,16,22,25,40,45,50,51,58,71,84,89,92
clust_eq,wave,1229,1,2,8,23,26,36,48,52,54,61,66,76,83,88,96,97
clust_eq,wave,1230,2,6,7,20,27,36,51,54,56,59,60,62,76,91,93,95
clust_eq,wave,1231,1,4,24,30,37,56,64,69,78,79,80,81,83,90,93,96
clust_eq,wave,1232,7,8,20,24,33,46,47,48,52,54,57,65,72,75,76,92
clust_eq,wave,1233,7,10,17,20,24,39,40,43,47,49,54,57,70,76,79,86
clust_eq,wave,1234,12,17,19,24,27,30,42,44,57,68,69,76,83,90,91,96
clust_eq,wave,1235,4,10,11,12,19,24,60,62,64,69,75,80,82,87,93,98
clust_eq,wave,1236,3,6,20,26,36,47,48,50,55,58,65,68,71,73,76,78
clust_eq,wave,1237,11,16,25,27,28,41,46,50,58,62,63,67,76,86,95,100
clust_eq,wave,1238,7,8,10,11,20,21,24,36,38,51,52,54,63,79,82,86
clust_eq,wave,1239,7,12,13,17,20,31,33,44,45,46,47,53,60,76,92,95
clust_eq,wave,1240,4,12,13,21,22,33,34,35,37,45,48,77,84,92,93,95
clust_eq,wave,1241,2,12,20,22,23,24,38,43,45,51,54,61,77,82,86,98
clust_eq,wave,1242,2,4,8,10,19,40,48,49,55,66,67,68,70,76,80,92
clust_eq,wave,1243,14,15,21,26,27,29,30,34,36,39,44,53,54,81,85,94
clust_eq,wave,1244,2,11,12,18,20,22,26,38,69,72,73,74,78,82,86,93
clust_eq,wave,1245,6,16,20,26,40,41,48,50,55,58,65,68,70,71,76,100
clust_eq,wave,1246,9,19,25,29,34,35,42,57,59,88,89,90,91,92,94,99
clust_eq,wave,1247,3,15,30,37,45,50,53,56,69,74,78,79,80,81,83,100
clust_eq,wave,1248,1,2,33,45,52,57,60,61,67,76,82,84,94,95,96,97
clust_eq,wave,1249,3,16,18,43,48,50,55,56,66,72,73,76,78,79,83,86
clust_eq,wave,1250,2,7,13,19,20,22,24,31,33,38,58,62,77,82,86,92
clust_eq,wave,1251,3,5,15,21,41,45,50,55,56,57,63,67,75,82,84,96
clust_eq,wave,1252,4,12,17,21,32,38,44,45,46,48,59,63,66,80,81,84
clust_eq,wave,1253,8,11,21,27,29,32,40,41,57,60,66,79,82,84,97,98
clust_eq,wave,1254,1,12,18,21,28,33,55,67,72,73,74,77,86,93,96,97
clust_eq,wave,1255,1,4,20,26,30,37,39,47,49,51,53,55,64,84,85,93
clust_eq,wave,1256,3,8,9,15,16,31,32,35,55,59,70,72,88,89,91,92
clust_eq,wave,1257,2,5,9,11,27,36,40,54,58,61,62,68,71,79,83,97
clust_eq,wave,1258,3,21,24,27,34,38,41,53,56,57,68,81,82,84,94,96
clust_eq,wave,1259,9,25,27,32,34,42,43,54,57,59,70,71,74,79,89,93
clust_eq,wave,1260,4,13,19,20,26,28,38,47,55,56,59,62,71,74,91,92
clust_eq,wave,1261,11,16,20,29,41,44,71,74,75,78,82,86,88,94,98,100
clust_eq,wave,1262,1,2,8,14,18,46,52,63,69,72,73,76,82,86,96,98
clust_eq,wave,1263,19,21,22,24,29,33,38,43,44,45,55,57,71,83,86,94
clust_eq,wave,1264,8,16,19,22,28,30,32,33,43,45,52,57,71,74,81,89
clust_eq,wave,1265,10,11,12,13,17,25,32,42,44,46,66,82,85,89,97,100
clust_eq,wave,1266,14,17,21,37,51,54,55,60,62,63,72,76,79,88,95,96
clust_eq,wave,1267,14,23,26,28,43,58,60,61,65,67,68,76,78,80,87,100
clust_eq,wave,1268,7,12,14,20,21,22,31,33,36,43,60,76,77,88,93,95
clust_eq,wave,1269,5,9,15,18,21,22,27,43,44,46,55,56,63,67,94,100
clust_eq,wave,1270,25,26,28,32,36,42,44,51,56,63,66,76,86,94,96,100
clust_eq,wave,1271,1,2,29,30,31,46,63,64,65,69,71,72,83,85,94,99
clust_eq,wave,1272,11,12,17,21,27,44,51,61,71,76,78,79,83,84,85,99
clust_eq,wave,1273,3,13,31,37,38,39,45,48,50,53,56,61,66,75,83,90
clust_eq,wave,1274,11,14,27,29,34,41,44,47,60,63,64,79,81,94,95,100
clust_eq,wave,1275,9,15,22,23,26,35,41,43,52,69,77,78,87,89,98,100
clust_eq,wave,1276,3,21,25,30,42,50,58,65,66,75,78,85,89,92,97,100
clust_eq,wave,1277,8,13,22,28,31,38,52,53,66,69,78,86,87,88,96,98
clust_eq,wave,1278,17,18,21,29,34,35,43,44,59,72,73,78,79,81,89,95
clust_eq,wave,1279,4,5,7,9,12,15,18,21,26,49,63,67,68,84,93,96
clust_eq,wave,1280,10,11,18,23,34,35,42,48,49,52,71,73,75,81,86,97
clust_eq,wave,1281,6,8,13,21,24,26,29,31,34,40,63,65,76,81,86,88
clust_eq,wave,1282,5,13,14,23,25,27,32,37,42,54,56,62,79,96,97,99
clust_eq,wave,1283,4,10,13,21,23,29,43,46,54,55,60,65,66,67,76,99
clust_eq,wave,1284,6,16,28,40,41,45,55,58,59,60,62,64,67,74,91,100
clust_eq,wave,1285,7,9,15,17,18,21,33,43,52,59,67,72,73,74,75,91
clust_eq,wave,1286,1,4,17,20,30,33,40,45,62,69,76,80,84,85,96,97
clust_eq,wave,1287,5,6,13,20,29,31,44,46,47,48,55,65,68,74,78,94
clust_eq,wave,1288,2,7,18,20,24,38,50,58,62,63,68,72,73,79,82,96
clust_eq,wave,1289,17,19,24,33,36,38,39,45,51,69,75,81,82,83,87,93
clust_eq,wave,1290,23,27,41,42,48,56,62,69,76,79,83,90,92,95,97,100
clust_eq,wave,1291,22,24,33,38,40,50,51,58,62,69,72,73,81,83,90,92
clust_eq,wave,1292,24,36,40,50,51,58,60,63,64,69,70,79,83,87,96,99
clust_eq,wave,1293,17,18,33,34,38,42,44,45,48,52,68,86,87,95,96,100
clust_eq,wave,1294,5,16,18,23,25,32,48,56,63,68,71,72,73,79,89,96
clust_eq,wave,1295,6,12,17,21,24,44,46,49,55,65,68,73,76,80,82,86
clust_eq,wave,1296,8,9,16,20,26,30,36,39,52,55,63,65,74,84,95,98
clust_eq,wave,1297,6,11,19,23,24,27,34,36,47,52,76,77,79,81,82,86
clust_eq,wave,1298,3,11,23,27,35,47,55,56,60,67,79,80,83,97,99,100
clust_eq,wave,1299,5,7,22,29,33,37,41,43,44,45,57,66,84,87,89,94
clust_eq,wave,1300,5,12,14,17,37,42,43,44,45,57,69,81,84,90,91,95
clust_eq,wave,1301,2,4,8,13,22,29,31,33,35,40,43,48,61,71,83,88
clust_eq,wave,1302,4,19,22,30,33,37,43,52,61,64,67,71,77,80,85,99
clust_eq,wave,1303,1,33,34,36,38,40,43,47,48,50,51,54,58,66,81,88
clust_eq,wave,1304,4,5,10,13,14,19,22,37,44,56,63,69,90,94,98,99
clust_eq,wave,1305,11,24,34,42,44,64,70,72,77,79,81,86,90,93,97,100
clust_eq,wave,1306,2,12,13,17,24,30,33,34,37,42,44,64,75,84,88,99
clust_eq,wave,1307,16,17,18,25,26,32,35,60,62,63,65,68,72,73,95,96
clust_eq,wave,1308,2,4,8,10,11,14,18,19,28,42,52,69,74,79,86,97
clust_eq,wave,1309,6,17,19,21,25,30,32,37,49,57,59,70,85,89,91,95
clust_eq,wave,1310,5,6,9,16,19,23,25,27,32,57,58,59,70,71,89,91
clust_eq,wave,1311,1,6,21,23,25,28,29,32,35,36,54,65,77,78,89,95
clust_eq,wave,1312,11,19,25,28,30,32,35,36,42,54,70,71,78,79,89,93
clust_eq,wave,1313,2,5,8,11,13,14,23,24,28,29,31,33,69,75,86,88
clust_eq,wave,1314,9,15,21,32,35,40,50,55,58,62,72,73,80,91,96,97
clust_eq,wave,1315,4,9,18,24,26,34,47,49,54,65,76,78,81,85,92,93
clust_eq,wave,1316,26,40,47,50,51,55,58,63,65,68,70,83,85,92,99,100
clust_eq,wave,1317,3,4,8,10,19,21,24,37,38,49,55,63,67,70,80,96
clust_eq,wave,1318,10,21,34,37,44,56,59,64,71,75,80,85,92,94,97,100
clust_eq,wave,1319,2,7,20,27,29,39,44,48,57,63,76,79,84,94,95,98
clust_eq,wave,1320,6,8,22,23,25,32,37,38,48,54,66,70,80,88,89,90
clust_eq,wave,1321,15,30,35,43,47,48,50,52,55,68,80,83,88,89,91,100
clust_eq,wave,1322,18,21,23,50,55,58,62,63,66,67,72,73,79,83,85,96
clust_eq,wave,1323,3,8,12,18,28,30,34,42,63,72,73,74,79,89,90,96
clust_eq,wave,1324,5,11,15,19,23,27,28,41,52,57,64,69,77,79,90,97
clust_eq,wave,1325,11,25,32,38,41,42,44,45,48,56,57,63,66,75,84,94
clust_eq,wave,1326,8,9,15,16,22,29,32,33,35,40,41,51,54,88,89,92
clust_eq,wave,1327,18,21,26,39,44,48,53,55,56,67,72,73,78,86,94,95
clust_eq,wave,1328,4,7,17,19,20,26,47,49,62,63,64,65,75,80,82,85
clust_eq,wave,1329,4,5,16,17,25,26,30,32,39,48,53,62,71,80,84,89
clust_eq,wave,1330,6,22,24,29,30,33,44,45,47,55,57,67,76,82,84,94
clust_eq,wave,1331,7,8,13,20,21,33,45,46,51,52,54,60,68,76,92,95
clust_eq,wave,1332,5,7,8,20,21,27,29,39,40,41,57,63,79,84,86,99
clust_eq,wave,1333,3,10,30,32,39,41,42,48,50,56,66,75,76,88,98,100
clust_eq,wave,1334,3,31,35,46,47,50,55,56,60,65,68,72,78,82,89,92
clust_eq,wave,1335,7,8,20,29,30,39,40,47,49,51,53,78,79,85,88,95
clust_eq,wave,1336,12,13,15,20,21,30,33,37,43,45,55,64,75,85,93,100
clust_eq,wave,1337,2,5,14,17,30,33,39,43,52,61,75,80,88,95,98,100
clust_eq,wave,1338,2,5,18,23,35,37,46,52,61,63,65,72,73,77,83,99
clust_eq,wave,1339,2,13,20,29,31,38,39,48,53,61,66,75,78,86,88,94
clust_eq,wave,1340,22,29,33,38,43,44,47,48,49,61,66,73,75,80,83,94
clust_eq,wave,1341,9,12,15,22,33,35,41,43,45,54,57,69,81,83,87,93
clust_eq,wave,1342,2,4,6,7,10,12,19,24,38,49,65,68,77,82,83,93
clust_eq,wave,1343,6,26,29,44,60,65,68,69,72,73,80,87,89,94,95,98
clust_eq,wave,1344,10,12,13,16,17,19,31,32,44,60,68,71,76,92,98,99
clust_eq,wave,1345,2,12,20,24,38,43,49,54,55,65,68,77,78,80,93,98
clust_eq,wave,1346,4,7,16,29,39,43,48,49,76,80,83,84,86,91,94,95
clust_eq,wave,1347,4,13,27,29,34,35,40,47,54,60,63,64,79,94,96,99
clust_eq,wave,1348,2,4,33,34,42,44,50,58,64,65,68,71,80,85,92,99
clust_eq,wave,1349,2,4,8,13,14,19,22,30,33,42,43,52,62,85,95,98
clust_eq,wave,1350,2,7,14,29,30,37,41,45,53,57,75,84,85,92,94,99
clust_eq,wave,1351,1,7,9,12,18,26,35,39,63,67,71,72,73,77,87,93
clust_eq,wave,1352,6,18,23,30,34,47,48,49,58,62,65,66,68,73,76,81
clust_eq,wave,1353,2,17,31,35,36,48,58,59,61,62,81,83,86,88,91,92
clust_eq,wave,1354,3,4,9,15,18,19,35,50,59,69,70,78,81,83,87,92
clust_eq,wave,1355,3,5,20,33,35,43,45,48,54,57,58,68,69,77,87,98
clust_eq,wave,1356,5,6,9,18,23,26,49,56,61,64,65,67,68,73,87,95
clust_eq,wave,1357,2,3,6,7,20,36,51,54,56,58,59,71,82,85,88,91
clust_eq,wave,1358,7,10,12,19,20,22,47,49,53,57,59,60,76,82,93,95
clust_eq,wave,1359,5,14,16,23,34,37,39,41,46,56,62,72,91,98,99,100
clust_eq,wave,1360,3,4,6,16,19,30,31,48,50,56,65,76,78,81,89,95
clust_eq,wave,1361,26,32,57,58,59,60,61,62,72,73,74,82,86,94,97,98
clust_eq,wave,1362,2,3,8,10,13,14,30,37,61,65,70,83,85,88,97,99
clust_eq,wave,1363,10,11,18,28,38,49,52,66,69,73,75,81,83,87,94,97
clust_eq,wave,1364,3,24,33,37,41,50,51,56,60,69,72,73,75,87,89,92
clust_eq,wave,1365,4,9,10,15,18,21,35,43,49,54,55,59,67,70,79,93
clust_eq,wave,1366,4,17,19,25,27,34,42,43,57,62,65,68,85,89,90,95
clust_eq,wave,1367,6,9,12,13,15,17,31,35,44,54,59,65,69,81,87,89
clust_eq,wave,1368,8,14,15,30,33,36,42,43,45,65,69,70,85,87,93,98
clust_eq,wave,1369,9,13,16,17,22,25,26,31,35,43,45,63,67,70,90,95
clust_eq,wave,1370,9,11,17,20,24,27,41,44,47,52,55,57,76,79,84,97
clust_eq,wave,1371,1,2,4,13,26,38,39,40,48,51,58,61,62,63,66,83
clust_eq,wave,1372,1,4,14,24,25,32,42,44,49,50,53,58,60,70,78,92
clust_eq,wave,1373,6,7,8,26,49,52,57,65,71,76,83,84,86,87,88,99
clust_eq,wave,1374,11,18,24,27,28,30,40,50,55,58,64,67,70,87,91,100
clust_eq,wave,1375,10,16,17,28,30,34,36,46,52,54,64,65,66,68,85,92
clust_eq,wave,1376,17,18,46,54,62,64,65,68,69,72,81,83,85,87,92,95
clust_eq,wave,1377,10,17,21,24,34,43,49,62,65,68,70,76,80,81,86,88
clust_eq,wave,1378,6,17,19,27,41,47,55,57,62,64,65,67,68,71,82,85
clust_eq,wave,1379,7,14,21,23,33,43,44,48,50,57,68,70,76,86,88,95
clust_eq,wave,1380,3,9,13,24,31,39,47,53,55,56,67,75,76,78,88,94
clust_eq,wave,1381,2,24,38,52,53,57,61,68,77,78,79,84,88,96,98,99
clust_eq,wave,1382,4,20,29,30,42,43,44,46,65,69,78,80,81,85,94,95
clust_eq,wave,1383,6,20,24,29,31,38,41,42,46,59,69,82,86,90,94,98
clust_eq,wave,1384,6,12,16,24,28,31,34,37,38,49,59,71,77,88,91,93
clust_eq,wave,1385,6,12,13,15,18,26,42,65,68,69,73,81,85,87,89,93
clust_eq,wave,1386,1,2,4,13,23,28,58,64,69,70,74,80,83,84,91,96
clust_eq,wave,1387,2,15,17,18,37,53,61,64,70,72,73,78,79,83,85,96
clust_eq,wave,1388,9,10,15,22,35,41,50,57,58,61,63,67,70,84,87,96
clust_eq,wave,1389,11,13,16,20,23,26,27,29,30,31,55,76,85,94,95,97
clust_eq,wave,1390,12,16,18,24,26,53,55,59,67,72,73,76,77,82,86,93
clust_eq,wave,1391,5,6,14,16,23,44,48,49,55,56,78,79,80,95,96,100
clust_eq,wave,1392,19,22,29,33,34,38,41,42,43,45,48,50,57,66,89,90
clust_eq,wave,1393,18,30,32,37,40,55,58,63,64,71,72,73,79,85,96,99
clust_eq,wave,1394,1,5,9,16,25,39,52,54,63,67,71,74,88,90,94,100
clust_eq,wave,1395,4,9,10,15,17,21,22,31,35,43,49,59,62,69,81,89
clust_eq,wave,1396,7,20,23,24,38,41,43,46,47,59,72,82,86,91,93,100
clust_eq,wave,1397,2,6,10,23,29,30,31,46,49,61,64,65,68,83,85,99
clust_eq,wave,1398,6,11,25,26,32,41,42,44,56,57,75,76,86,90,94,95
clust_eq,wave,1399,2,6,18,22,28,33,38,45,50,58,60,61,66,70,83,100
clust_eq,wave,1400,4,6,8,35,40,46,49,59,60,61,70,80,87,89,91,99
clust_eq,wave,1401,2,4,8,11,22,26,48,49,52,61,63,66,76,80,83,84
clust_eq,wave,1402,1,6,8,37,46,49,52,54,61,65,78,80,85,90,98,99
clust_eq,wave,1403,5,10,19,20,25,40,41,58,62,68,69,87,91,95,96,100
clust_eq,wave,1404,4,6,8,9,13,25,42,46,52,65,67,68,74,78,80,90
clust_eq,wave,1405,12,18,19,21,31,33,34,43,65,68,72,76,81,85,93,95
clust_eq,wave,1406,13,18,19,21,23,31,43,48,52,55,59,67,76,88,91,95
clust_eq,wave,1407,8,15,22,25,26,32,36,41,42,52,63,73,85,87,89,92
clust_eq,wave,1408,3,22,26,35,36,47,48,50,54,55,56,71,78,83,92,99
clust_eq,wave,1409,3,4,5,14,21,26,27,28,39,51,53,69,75,84,89,93
clust_eq,wave,1410,2,4,8,15,22,30,37,43,49,54,61,64,70,78,80,85
clust_eq,wave,1411,12,14,15,25,32,37,39,41,45,57,63,75,84,85,87,93
clust_eq,wave,1412,3,9,12,18,49,66,68,69,76,78,81,83,87,88,93,96
clust_eq,wave,1413,4,5,10,11,14,17,19,25,28,32,42,49,70,75,90,97
clust_eq,wave,1414,3,10,14,19,37,39,42,47,50,56,57,60,63,75,95,98
clust_eq,wave,1415,4,7,12,13,14,17,22,44,46,47,53,60,78,92,98,99
clust_eq,wave,1416,5,9,15,19,21,34,44,45,56,57,63,65,75,81,89,94
clust_eq,wave,1417,8,10,11,20,29,36,40,47,55,60,64,75,82,88,95,97
clust_eq,wave,1418,1,9,14,23,45,50,56,62,63,69,74,80,87,96,98,100
clust_eq,wave,1419,12,17,18,22,25,34,42,44,46,54,60,66,72,78,90,92
clust_eq,wave,1420,3,8,14,25,32,41,42,51,70,72,73,85,91,95,96,97
clust_eq,wave,1421,2,7,12,13,14,22,30,33,48,76,77,83,88,92,93,97
clust_eq,wave,1422,3,10,11,14,30,37,41,47,50,55,58,75,85,97,99,100
clust_eq,wave,1423,1,9,15,19,21,29,31,32,44,53,55,64,72,74,78,94
clust_eq,wave,1424,7,23,32,33,35,37,43,45,57,60,62,75,84,87,89,99
clust_eq,wave,1425,8,25,26,30,32,39,42,52,53,72,73,80,85,89,90,95
clust_eq,wave,1426,5,17,18,25,27,28,32,39,42,53,62,64,71,79,89,100
clust_eq,wave,1427,21,25,28,30,32,36,44,54,58,63,64,71,79,85,88,96
clust_eq,wave,1428,2,7,14,39,41,44,45,56,57,60,63,74,79,82,84,94
clust_eq,wave,1429,1,16,23,24,41,46,51,54,55,58,63,67,72,76,86,99
clust_eq,wave,1430,8,10,11,19,36,47,52,54,55,63,64,67,68,71,85,99
clust_eq,wave,1431,2,3,11,14,27,28,57,58,61,68,74,79,84,86,97,98
clust_eq,wave,1432,9,12,19,24,31,34,41,46,47,64,65,72,77,81,93,97
clust_eq,wave,1433,5,6,8,9,10,13,14,16,31,46,50,52,65,67,95,98
clust_eq,wave,1434,13,30,34,42,43,46,48,52,54,65,76,77,78,90,94,95
clust_eq,wave,1435,4,6,9,13,34,46,47,65,66,68,76,77,78,80,81,93
clust_eq,wave,1436,3,10,13,16,43,46,55,58,59,60,66,67,70,76,82,100
clust_eq,wave,1437,3,4,6,8,10,13,24,47,55,67,68,70,76,80,82,86
clust_eq,wave,1438,4,5,7,9,12,15,17,21,27,31,39,44,48,53,79,89
clust_eq,wave,1439,4,9,11,15,29,35,41,44,51,61,67,78,79,88,90,94
clust_eq,wave,1440,1,5,21,29,34,37,40,41,45,57,64,81,84,91,92,95
clust_eq,wave,1441,5,14,19,36,52,56,65,68,69,78,87,88,92,94,98,99
clust_eq,wave,1442,3,9,11,24,26,31,38,42,49,50,58,69,75,83,90,97
clust_eq,wave,1443,5,10,16,23,36,62,63,64,67,70,79,81,86,88,96,99
clust_eq,wave,1444,21,28,29,32,34,36,40,54,58,63,71,74,79,86,88,96
clust_eq,wave,1445,1,4,7,12,15,19,35,49,60,67,68,80,87,91,92,93
clust_eq,wave,1446,6,9,15,17,18,32,33,35,40,45,47,52,75,96,98,100
clust_eq,wave,1447,2,3,10,14,36,50,51,56,61,63,68,83,84,85,96,99
clust_eq,wave,1448,5,6,16,25,26,29,36,44,54,64,65,67,80,85,94,95
clust_eq,wave,1449,1,8,14,18,26,30,39,49,52,53,69,73,81,85,90,95
clust_eq,wave,1450,2,6,20,22,26,29,36,44,48,61,71,73,76,78,94,98
clust_eq,wave,1451,2,7,12,22,43,46,54,64,71,72,77,78,80,85,93,99
clust_eq,wave,1452,9,15,19,21,25,27,29,32,35,39,44,53,57,75,89,94
clust_eq,wave,1453,1,11,12,14,28,30,36,55,67,69,74,87,88,91,93,97
clust_eq,wave,1454,1,10,11,15,18,25,29,30,37,44,49,69,73,85,90,97
clust_eq,wave,1455,6,8,13,20,22,29,30,31,40,46,47,61,66,78,85,98
clust_eq,wave,1456,4,17,24,38,41,47,54,55,62,67,78,79,82,86,96,97
clust_eq,wave,1457,2,3,22,26,30,36,48,50,53,54,56,61,63,76,83,95
clust_eq,wave,1458,6,16,19,24,26,27,34,57,64,65,70,86,87,92,93,99
clust_eq,wave,1459,4,10,15,16,17,34,35,39,43,44,48,52,79,80,84,86
clust_eq,wave,1460,11,12,14,17,30,37,44,61,78,79,80,83,85,88,95,100
clust_eq,wave,1461,2,6,8,24,36,38,45,52,59,61,64,68,73,83,91,99
clust_eq,wave,1462,4,9,10,17,18,19,25,29,40,42,49,53,59,67,74,90
clust_eq,wave,1463,8,10,11,19,28,29,36,40,69,74,75,81,86,89,90,97
clust_eq,wave,1464,7,16,24,29,33,41,44,45,60,75,82,87,89,94,96,100
clust_eq,wave,1465,14,21,23,28,31,34,36,40,46,58,59,74,86,90,91,92
clust_eq,wave,1466,16,20,22,33,36,44,45,54,56,74,86,87,92,94,98,99
clust_eq,wave,1467,10,23,24,29,36,46,47,51,55,65,67,76,77,82,86,92
clust_eq,wave,1468,6,9,19,21,24,29,36,44,45,55,64,65,68,78,83,94
clust_eq,wave,1469,3,11,12,16,20,28,36,37,60,78,79,88,94,98,99,100
clust_eq,wave,1470,5,14,16,25,32,33,37,41,43,45,57,59,70,84,93,95
clust_eq,wave,1471,5,6,15,25,28,32,40,45,50,57,59,64,70,84,87,91
clust_eq,wave,1472,2,4,14,19,22,28,40,43,49,58,61,74,78,80,86,98
clust_eq,wave,1473,9,11,13,15,31,35,40,45,50,58,61,63,67,70,75,87
clust_eq,wave,1474,9,15,17,26,34,35,36,42,50,54,62,75,78,80,90,96
clust_eq,wave,1475,12,13,20,27,28,31,38,46,47,53,61,74,77,92,93,98
clust_eq,wave,1476,8,18,20,37,48,52,59,61,72,73,76,90,91,92,95,98
clust_eq,wave,1477,5,10,16,17,22,28,36,43,44,55,58,59,67,70,71,84
clust_eq,wave,1478,5,8,29,34,40,42,49,59,66,74,82,88,90,91,92,100
clust_eq,wave,1479,7,8,10,22,23,29,36,47,60,63,66,67,74,80,82,100
clust_eq,wave,1480,2,10,13,22,24,28,31,46,53,56,61,64,83,86,93,97
clust_eq,wave,1481,5,8,10,18,28,39,49,52,53,56,66,73,75,87,89,98
clust_eq,wave,1482,2,7,16,18,20,23,33,38,43,48,56,62,72,73,74,75
clust_eq,wave,1483,6,7,18,20,24,38,40,47,58,59,70,72,79,82,86,100
clust_eq,wave,1484,5,10,13,23,34,42,51,58,59,62,71,75,82,88,92,97
clust_eq,wave,1485,2,6,12,18,24,28,34,38,61,68,71,72,73,91,92,93
clust_eq,wave,1486,8,9,19,23,27,34,42,43,52,57,59,64,70,71,74,91
clust_eq,wave,1487,2,14,22,23,30,37,41,43,45,52,57,61,77,83,84,95
clust_eq,wave,1488,3,6,10,32,36,54,58,60,61,65,68,71,74,87,89,99
clust_eq,wave,1489,14,19,25,27,28,29,39,57,60,69,74,87,91,94,99,100
clust_eq,wave,1490,2,5,13,23,31,37,43,46,58,63,64,65,69,70,83,95
clust_eq,wave,1491,5,8,14,21,26,29,32,34,36,40,75,78,96,97,99,100
clust_eq,wave,1492,8,14,29,32,40,45,54,55,57,59,75,85,87,91,92,99
clust_eq,wave,1493,1,3,30,31,34,41,45,47,50,56,61,64,78,85,95,96
clust_eq,wave,1494,6,8,21,28,29,34,36,40,45,54,71,74,79,86,89,96
clust_eq,wave,1495,4,12,17,22,30,33,43,44,47,55,64,67,71,80,82,85
clust_eq,wave,1496,4,18,19,21,23,25,32,43,49,52,59,64,71,77,85,91
clust_eq,wave,1497,8,28,32,40,41,42,45,57,64,70,74,79,84,90,96,97
clust_eq,wave,1498,6,9,16,24,27,38,40,50,59,64,70,71,79,80,83,100
clust_eq,wave,1499,5,8,13,31,37,47,48,49,52,55,59,67,71,88,91,92
clust_eq,wave,1500,2,7,20,23,24,27,30,31,49,52,68,76,77,79,96,97
clust_eq,wave,1501,5,12,17,20,22,28,31,43,44,46,49,69,78,86,90,98
clust_eq,wave,1502,1,11,20,23,26,31,37,38,48,56,62,66,69,72,97,98
clust_eq,wave,1503,4,14,18,29,34,38,43,44,46,47,48,65,68,78,81,94
clust_eq,wave,1504,7,8,9,18,20,21,33,38,52,65,72,73,74,79,92,93
clust_eq,wave,1505,6,14,16,30,41,46,51,58,62,65,68,72,73,74,78,98
clust_eq,wave,1506,1,2,3,14,26,28,36,39,50,58,63,69,73,74,86,98
clust_eq,wave,1507,1,2,5,13,31,34,39,42,46,53,62,64,77,78,93,99
clust_eq,wave,1508,4,5,7,9,13,19,23,25,29,47,58,63,79,89,95,96
clust_eq,wave,1509,4,12,14,17,19,32,33,37,42,44,49,59,60,80,92,99
clust_eq,wave,1510,13,23,27,31,35,37,39,52,53,60,61,77,79,82,83,90
clust_eq,wave,1511,4,13,17,20,22,24,25,37,45,61,63,70,71,84,96,99
clust_eq,wave,1512,3,6,7,20,26,41,47,50,56,57,60,64,65,75,84,95
clust_eq,wave,1513,2,3,18,22,26,43,50,56,60,61,64,72,73,78,83,95
clust_eq,wave,1514,4,6,15,19,21,27,35,60,61,62,65,68,77,80,83,93
clust_eq,wave,1515,1,4,5,8,25,39,40,45,48,51,69,70,71,84,87,91
clust_eq,wave,1516,1,7,18,21,26,37,38,39,48,52,53,66,67,72,73,94
clust_eq,wave,1517,2,6,13,29,31,37,40,50,59,60,61,64,83,88,91,95
clust_eq,wave,1518,6,12,17,19,21,25,27,30,32,44,57,65,74,75,82,83
clust_eq,wave,1519,1,14,18,26,39,52,53,60,69,72,73,74,87,94,98,99
clust_eq,wave,1520,2,4,13,14,15,29,30,44,61,68,80,85,91,92,94,98
clust_eq,wave,1521,1,9,15,21,23,25,29,32,46,51,63,64,72,73,74,96
clust_eq,wave,1522,7,13,14,28,31,38,45,47,62,68,74,77,91,92,93,97
clust_eq,wave,1523,9,26,27,36,39,40,50,53,58,69,70,76,87,95,98,100
clust_eq,wave,1524,2,3,6,10,11,23,35,41,48,51,56,69,71,79,83,100
clust_eq,wave,1525,29,36,40,45,47,48,50,55,65,67,75,76,78,84,92,95
clust_eq,wave,1526,8,14,15,29,33,36,39,40,51,54,61,67,85,87,88,98
clust_eq,wave,1527,10,21,25,30,31,48,49,50,52,53,58,67,71,75,76,92
clust_eq,wave,1528,3,8,12,15,16,22,33,35,54,57,60,67,72,82,87,96
clust_eq,wave,1529,2,4,5,13,14,19,37,58,59,61,62,80,83,91,92,99
clust_eq,wave,1530,12,16,23,30,32,44,45,53,57,71,75,77,84,85,89,99
clust_eq,wave,1531,7,29,38,39,41,44,47,48,53,66,67,75,78,88,94,100
clust_eq,wave,1532,1,2,3,4,5,9,11,26,50,56,61,66,81,83,84,97
clust_eq,wave,1533,2,8,11,27,52,57,63,68,69,71,76,79,83,84,85,99
clust_eq,wave,1534,1,3,18,24,28,32,38,42,46,50,54,56,72,90,96,97
clust_eq,wave,1535,8,16,26,34,41,52,57,64,65,71,78,81,82,84,85,88
clust_eq,wave,1536,1,16,18,20,23,24,28,33,46,70,72,76,86,96,98,100
clust_eq,wave,1537,5,9,22,29,33,41,45,47,55,57,66,84,89,92,94,99
clust_eq,wave,1538,18,21,25,29,32,35,44,46,63,72,75,86,94,96,99,100
clust_eq,wave,1539,3,4,9,18,19,24,47,49,50,55,56,59,67,76,91,92
clust_eq,wave,1540,1,2,8,11,20,23,24,26,36,38,52,54,55,63,69,86
clust_eq,wave,1541,2,14,19,22,26,42,44,57,58,69,74,78,82,86,92,97
clust_eq,wave,1542,8,14,16,29,33,40,41,45,57,75,84,85,96,97,98,99
clust_eq,wave,1543,6,7,9,10,13,14,30,47,65,68,70,74,77,88,93,100
clust_eq,wave,1544,1,3,25,32,36,37,39,42,45,48,50,53,54,58,64,90
clust_eq,wave,1545,8,12,25,31,32,39,42,46,49,63,64,65,85,90,93,95
clust_eq,wave,1546,3,25,28,32,33,49,50,56,57,71,74,75,84,89,96,97
clust_eq,wave,1547,3,6,18,19,24,26,31,38,47,55,56,65,67,72,86,87
clust_eq,wave,1548,1,20,28,29,39,40,42,49,51,53,69,71,76,86,88,94
clust_eq,wave,1549,1,5,8,29,40,41,47,48,61,63,64,65,88,95,98,100
clust_eq,wave,1550,2,7,20,41,51,54,62,71,72,74,77,79,82,86,88,96
clust_eq,wave,1551,1,3,8,12,25,26,28,32,36,42,60,66,78,84,89,96
clust_eq,wave,1552,10,11,30,40,41,58,62,66,69,75,81,82,83,85,87,100
clust_eq,wave,1553,4,5,9,16,18,22,23,25,43,46,49,58,63,64,67,71
clust_eq,wave,1554,2,10,11,13,17,22,24,31,38,61,62,63,82,83,86,88
clust_eq,wave,1555,1,4,20,37,39,46,48,50,51,52,61,84,90,91,95,98
clust_eq,wave,1556,4,7,10,11,19,20,24,38,44,47,48,50,58,75,80,97
clust_eq,wave,1557,1,3,7,14,18,23,37,56,60,87,88,91,95,96,97,100
clust_eq,wave,1558,1,3,8,10,11,12,36,37,60,66,69,73,81,83,87,97
clust_eq,wave,1559,7,8,20,24,41,43,46,47,51,52,68,72,73,76,86,91
clust_eq,wave,1560,4,7,14,29,40,49,50,54,68,78,79,80,86,87,96,99
clust_eq,wave,1561,10,11,12,13,21,23,24,38,44,69,73,75,82,93,97,98
clust_eq,wave,1562,5,14,23,32,36,42,44,45,51,54,56,65,68,90,92,99
clust_eq,wave,1563,1,7,9,15,21,23,33,41,43,45,52,70,74,76,83,100
clust_eq,wave,1564,1,4,10,20,38,39,40,41,43,47,50,51,55,70,71,85
clust_eq,wave,1565,6,15,17,28,30,35,36,46,62,65,69,78,81,84,89,90
clust_eq,wave,1566,2,11,40,41,50,51,55,58,67,70,82,84,85,88,91,97
clust_eq,wave,1567,1,5,12,17,20,27,32,33,36,37,43,44,55,84,90,95
clust_eq,wave,1568,11,13,16,22,26,29,32,37,40,48,50,63,66,89,90,100
clust_eq,wave,1569,31,35,39,40,41,45,50,58,60,69,70,81,83,87,91,99
clust_eq,wave,1570,12,33,34,36,42,43,51,60,64,65,75,77,88,90,93,95
clust_eq,wave,1571,9,11,23,27,58,61,62,72,74,79,80,83,89,90,97,100
clust_eq,wave,1572,8,9,11,13,15,23,25,27,29,31,32,42,64,74,79,97
clust_eq,wave,1573,3,28,34,38,41,42,45,47,50,57,58,59,63,71,74,84
clust_eq,wave,1574,3,4,13,38,46,48,56,61,66,67,68,80,87,91,94,96
clust_eq,wave,1575,9,11,15,17,19,25,26,32,35,36,42,51,62,78,89,90
clust_eq,wave,1576,4,8,16,23,35,49,52,60,63,68,79,80,81,83,90,96
clust_eq,wave,1577,6,13,20,25,30,31,48,52,61,65,76,77,78,88,94,95
clust_eq,wave,1578,2,6,33,34,44,56,57,64,71,75,81,82,84,85,88,94
clust_eq,wave,1579,16,22,24,26,38,64,70,73,77,78,80,81,82,83,92,93
clust_eq,wave,1580,4,6,12,14,16,17,18,25,28,44,46,59,74,86,90,91
clust_eq,wave,1581,2,10,14,23,43,49,51,58,61,62,65,68,73,86,95,98
clust_eq,wave,1582,2,4,5,7,12,14,15,17,26,44,49,54,63,65,80,86
clust_eq,wave,1583,4,6,9,19,25,35,49,51,52,59,61,67,90,91,94,95
clust_eq,wave,1584,10,11,16,38,40,50,55,67,70,71,74,75,80,82,97,100
clust_eq,wave,1585,9,10,15,21,22,25,39,40,43,58,62,67,74,80,94,100
clust_eq,wave,1586,4,10,11,12,13,19,30,47,55,64,75,77,85,93,95,97
clust_eq,wave,1587,11,12,16,27,30,48,54,57,67,71,76,77,79,93,97,98
clust_eq,wave,1588,6,10,13,34,35,37,40,42,50,58,59,60,70,90,99,100
clust_eq,wave,1589,2,4,5,9,10,11,19,49,52,55,64,69,75,80,94,97
clust_eq,wave,1590,6,8,13,24,25,29,31,38,40,65,66,69,78,87,88,99
clust_eq,wave,1591,6,8,23,25,28,32,42,45,59,70,71,74,80,89,91,100
clust_eq,wave,1592,2,7,11,12,17,24,27,30,44,63,67,76,79,80,82,100
clust_eq,wave,1593,3,4,7,13,39,43,47,50,56,67,74,78,79,80,82,86
clust_eq,wave,1594,4,16,18,24,48,49,52,59,67,76,77,84,88,91,92,98
clust_eq,wave,1595,8,25,26,28,32,36,42,59,60,63,64,70,73,74,90,93
clust_eq,wave,1596,3,4,8,10,11,19,34,47,49,64,70,71,75,85,97,99
clust_eq,wave,1597,7,12,17,20,27,41,43,44,47,74,79,86,96,97,99,100
clust_eq,wave,1598,2,5,17,37,39,49,51,54,60,61,62,63,79,83,88,99
clust_eq,wave,1599,5,10,11,12,28,41,69,71,75,87,88,89,93,97,98,100
clust_eq,wave,1600,2,5,8,11,14,27,28,30,31,41,52,61,64,79,97,98
clust_eq,wave,1601,3,7,10,41,50,51,56,63,65,68,72,73,74,82,87,89
clust_eq,wave,1602,5,8,26,28,29,36,40,63,68,69,71,73,81,83,87,96
clust_eq,wave,1603,1,14,15,21,28,29,33,34,36,43,54,65,77,85,88,94
clust_eq,wave,1604,2,6,8,10,14,18,29,40,49,59,60,61,73,91,98,99
clust_eq,wave,1605,2,6,8,11,13,14,16,28,52,73,74,78,79,80,86,98
clust_eq,wave,1606,6,18,22,23,24,26,34,38,52,71,72,73,77,82,86,89
clust_eq,wave,1607,4,25,29,40,41,42,43,50,66,67,78,79,82,84,86,90
clust_eq,wave,1608,4,13,16,19,20,22,43,44,48,55,56,71,76,78,80,94
clust_eq,wave,1609,2,14,17,19,22,44,45,57,60,62,63,69,74,82,92,98
clust_eq,wave,1610,14,23,25,30,32,33,36,42,54,58,62,68,85,88,95,96
clust_eq,wave,1611,4,5,14,16,25,26,32,40,48,51,58,63,68,70,84,96
clust_eq,wave,1612,8,10,22,23,30,36,37,43,51,54,69,70,76,83,85,99
clust_eq,wave,1613,11,20,30,32,36,40,50,55,58,64,73,78,79,85,90,95
clust_eq,wave,1614,7,11,23,28,33,36,47,56,62,67,71,74,75,86,88,97
clust_eq,wave,1615,9,15,16,25,26,39,49,53,56,57,67,74,78,84,90,93
clust_eq,wave,1616,2,12,14,19,24,27,34,38,42,48,57,63,75,77,93,96
clust_eq,wave,1617,4,6,7,9,12,15,21,26,35,51,54,60,65,68,83,93
clust_eq,wave,1618,2,12,18,22,26,43,54,60,61,64,71,72,83,88,93,99
clust_eq,wave,1619,31,32,33,38,42,44,46,48,49,56,59,66,90,94,97,98
clust_eq,wave,1620,5,9,14,16,27,34,39,40,53,58,62,79,80,81,99,100
clust_eq,wave,1621,3,6,14,16,28,49,50,56,59,74,80,86,90,91,98,100
clust_eq,wave,1622,4,5,8,9,17,26,49,51,52,55,67,68,87,91,95,96
clust_eq,wave,1623,1,3,7,20,24,26,36,47,50,51,54,63,65,76,77,86
clust_eq,wave,1624,19,21,22,33,35,43,45,52,57,59,60,69,76,94,98,99
clust_eq,wave,1625,5,20,21,24,25,32,33,36,39,43,44,45,56,65,68,94
clust_eq,wave,1626,18,23,25,32,42,56,63,68,72,73,79,85,87,89,95,96
clust_eq,wave,1627,3,15,18,28,43,45,50,54,60,61,63,65,74,75,87,98
clust_eq,wave,1628,35,40,49,50,58,59,60,61,67,70,73,80,87,91,92,95
clust_eq,wave,1629,2,6,14,26,29,34,36,42,44,54,60,65,76,86,94,99
clust_eq,wave,1630,18,20,26,46,47,48,54,55,63,70,72,76,77,93,95,96
clust_eq,wave,1631,4,7,10,16,19,20,48,49,53,59,70,76,77,80,93,95
clust_eq,wave,1632,8,9,35,52,61,67,68,71,72,73,79,80,87,91,96,97
clust_eq,wave,1633,8,18,19,21,28,38,45,52,55,59,67,71,74,91,92,100
clust_eq,wave,1634,1,2,10,11,24,28,36,46,51,56,61,62,76,83,86,97
clust_eq,wave,1635,4,5,7,19,22,26,48,49,67,70,71,78,80,87,92,93
clust_eq,wave,1636,5,8,14,15,28,36,39,52,55,83,87,88,91,96,97,100
clust_eq,wave,1637,6,12,17,20,27,44,46,47,49,54,55,57,60,65,68,95
clust_eq,wave,1638,12,17,30,33,34,41,42,44,48,57,66,75,76,84,90,92
clust_eq,wave,1639,5,10,13,14,21,22,23,34,37,51,53,54,62,77,81,99
clust_eq,wave,1640,2,13,26,29,30,31,34,37,40,42,59,64,75,78,81,85
clust_eq,wave,1641,4,6,8,10,16,41,46,51,52,55,60,65,67,68,84,95
clust_eq,wave,1642,3,4,11,14,21,24,25,27,32,54,58,79,80,86,97,99
clust_eq,wave,1643,10,11,16,23,24,28,34,38,56,62,71,73,79,80,90,97
clust_eq,wave,1644,4,5,8,19,22,28,33,41,43,51,52,66,69,87,89,98
clust_eq,wave,1645,6,10,11,12,13,14,17,31,42,44,69,76,86,90,95,98
clust_eq,wave,1646,6,9,12,26,36,59,64,69,71,73,74,75,78,81,87,93
clust_eq,wave,1647,3,9,10,11,15,17,42,56,69,74,75,80,88,89,97,100
clust_eq,wave,1648,21,26,29,34,44,48,57,66,68,72,76,78,81,88,94,96
clust_eq,wave,1649,8,22,27,33,34,37,38,41,43,48,52,57,61,66,84,87
clust_eq,wave,1650,7,9,23,26,36,39,51,56,62,63,67,76,84,88,90,95
clust_eq,wave,1651,6,10,18,24,34,42,44,56,59,64,73,81,86,90,94,99
clust_eq,wave,1652,1,5,14,21,26,28,34,36,39,51,52,53,54,88,94,95
clust_eq,wave,1653,2,10,12,13,17,24,26,30,31,44,61,63,75,83,85,96
clust_eq,wave,1654,2,27,37,38,39,48,61,62,63,66,77,79,80,83,93,100
clust_eq,wave,1655,17,24,31,33,40,43,46,47,59,61,62,72,76,82,83,86
clust_eq,wave,1656,1,3,7,20,26,27,53,57,58,60,62,64,84,90,95,96
clust_eq,wave,1657,22,25,30,33,40,43,49,54,58,61,67,74,80,82,88,90
clust_eq,wave,1658,3,13,16,25,26,32,37,56,59,64,71,85,92,94,97,100
clust_eq,wave,1659,1,7,13,20,21,31,33,45,52,60,66,76,82,94,96,97
clust_eq,wave,1660,3,6,9,15,17,35,45,47,55,57,59,70,77,83,84,91
clust_eq,wave,1661,4,6,15,17,21,25,35,46,51,54,60,62,65,67,78,82
clust_eq,wave,1662,4,5,16,24,26,44,53,56,59,67,71,81,82,84,92,94
clust_eq,wave,1663,1,2,3,4,28,49,50,51,56,60,61,66,76,83,91,96
clust_eq,wave,1664,5,33,36,40,43,48,50,54,58,61,68,70,71,87,88,89
clust_eq,wave,1665,5,10,19,21,29,31,48,52,66,69,72,75,81,89,94,97
clust_eq,wave,1666,3,4,9,16,26,34,41,50,56,59,63,64,71,74,81,84
clust_eq,wave,1667,2,8,29,38,40,45,48,53,57,59,66,69,78,83,84,92
clust_eq,wave,1668,1,2,30,36,46,48,50,51,52,54,69,76,78,81,83,96
clust_eq,wave,1669,17,19,24,31,33,38,52,61,72,75,83,86,90,96,97,99
clust_eq,wave,1670,7,11,18,20,21,44,56,60,64,66,72,73,78,79,82,94
clust_eq,wave,1671,5,9,13,16,31,39,40,45,55,58,66,67,70,75,78,90
clust_eq,wave,1672,17,18,27,30,35,42,48,53,62,69,71,73,79,81,83,96
clust_eq,wave,1673,4,16,23,39,51,54,58,62,67,71,74,78,79,81,82,86
clust_eq,wave,1674,4,5,9,10,11,25,29,32,42,71,75,80,87,89,94,97
clust_eq,wave,1675,4,19,20,42,49,50,52,60,64,65,68,80,90,92,95,98
clust_eq,wave,1676,3,5,10,21,22,28,43,55,56,59,67,71,72,73,80,94
clust_eq,wave,1677,7,20,21,22,24,31,36,38,46,52,63,77,86,92,98,99
clust_eq,wave,1678,7,8,14,21,38,39,52,53,74,75,78,80,82,86,88,100
clust_eq,wave,1679,22,27,30,32,37,42,46,57,63,66,70,85,89,90,93,98
clust_eq,wave,1680,6,12,16,17,25,31,35,37,44,46,59,60,67,72,91,95
clust_eq,wave,1681,6,7,10,15,19,21,35,49,50,58,60,65,68,70,80,89
clust_eq,wave,1682,14,21,29,30,33,34,37,43,44,74,75,80,81,88,94,100
clust_eq,wave,1683,3,15,30,32,35,36,48,54,77,78,79,80,87,89,96,98
clust_eq,wave,1684,9,11,15,21,22,25,27,29,35,41,44,46,67,94,97,100
clust_eq,wave,1685,9,18,25,26,32,40,42,50,58,63,64,66,72,73,85,96
clust_eq,wave,1686,4,24,26,29,38,44,47,54,55,63,65,67,80,82,86,94
clust_eq,wave,1687,9,23,24,33,34,50,56,61,62,68,80,88,90,96,97,100
clust_eq,wave,1688,1,3,5,16,18,26,28,50,63,66,67,72,73,81,90,96
clust_eq,wave,1689,6,9,13,15,22,25,26,31,35,42,51,67,70,77,90,93
clust_eq,wave,1690,2,3,7,11,18,24,26,49,56,64,67,73,75,78,82,94
clust_eq,wave,1691,9,15,25,26,27,35,39,53,61,67,70,77,79,87,93,100
clust_eq,wave,1692,2,3,26,30,31,35,37,41,48,50,55,56,69,83,92,97
clust_eq,wave,1693,4,5,15,19,25,32,33,42,48,56,64,68,80,90,93,96
clust_eq,wave,1694,1,15,23,25,36,37,45,58,62,69,83,84,85,87,91,96
clust_eq,wave,1695,4,14,22,33,36,37,43,45,51,56,60,69,87,93,98,99
clust_eq,wave,1696,22,23,33,36,52,60,64,66,69,73,77,82,87,92,97,98
clust_eq,wave,1697,3,6,8,28,31,32,42,49,64,65,68,70,74,78,88,90
clust_eq,wave,1698,21,24,28,33,36,40,50,55,59,60,64,70,75,84,88,97
clust_eq,wave,1699,13,15,21,29,31,55,59,60,66,76,82,83,88,91,92,94
clust_eq,wave,1700,4,12,17,44,48,49,59,61,66,76,80,83,84,90,91,97
clust_eq,wave,1701,19,20,23,43,45,47,50,55,57,58,60,62,68,76,91,95
clust_eq,wave,1702,6,17,19,20,27,36,47,48,51,54,55,62,68,76,79,95
clust_eq,wave,1703,11,17,21,30,32,33,44,45,66,70,75,80,82,85,98,100
clust_eq,wave,1704,1,5,6,8,11,14,15,27,28,46,52,69,81,89,90,100
clust_eq,wave,1705,4,16,25,30,35,39,40,45,48,53,54,58,67,71,78,79
clust_eq,wave,1706,20,22,26,32,36,44,53,54,55,56,74,86,87,92,94,99
clust_eq,wave,1707,6,7,9,15,16,19,26,29,44,49,57,65,74,89,94,100
clust_eq,wave,1708,2,7,9,10,15,22,29,35,40,43,49,50,80,88,89,100
clust_eq,wave,1709,7,11,16,27,30,40,48,58,63,67,70,71,76,79,80,100
clust_eq,wave,1710,2,10,13,17,31,43,46,60,61,62,64,65,67,77,82,95
clust_eq,wave,1711,14,25,32,33,37,42,44,49,50,58,59,75,80,84,88,99
clust_eq,wave,1712,18,35,44,47,49,56,60,61,68,71,82,88,89,91,92,94
clust_eq,wave,1713,12,13,20,28,33,38,42,43,66,69,75,77,86,88,93,98
clust_eq,wave,1714,7,13,19,20,21,23,31,33,38,43,48,52,65,68,77,95
clust_eq,wave,1715,1,4,8,9,11,15,26,35,41,51,52,61,83,84,90,97
clust_eq,wave,1716,5,11,12,18,19,25,26,32,37,42,49,64,77,93,97,99
clust_eq,wave,1717,2,4,7,10,24,38,39,44,53,64,70,75,80,82,84,94
clust_eq,wave,1718,5,7,9,11,14,23,46,47,57,70,78,84,88,91,95,97
clust_eq,wave,1719,5,21,22,23,25,26,32,36,51,52,53,64,77,88,92,95
clust_eq,wave,1720,3,10,13,19,24,31,37,47,50,55,58,65,75,89,92,97
clust_eq,wave,1721,1,8,9,15,21,26,32,35,49,52,55,57,78,84,89,96
clust_eq,wave,1722,4,20,22,26,29,34,38,43,47,48,49,78,81,84,94,95
clust_eq,wave,1723,23,24,26,30,47,49,55,57,58,62,65,76,83,84,92,97
clust_eq,wave,1724,1,2,5,9,15,31,35,36,40,58,61,62,63,83,88,96
clust_eq,wave,1725,9,11,15,16,18,29,44,64,68,72,73,74,78,79,94,98
clust_eq,wave,1726,3,6,16,20,26,34,49,56,57,59,60,73,76,91,94,95
clust_eq,wave,1727,1,24,29,36,38,40,43,47,50,51,54,61,67,82,86,91
clust_eq,wave,1728,1,12,17,25,27,30,39,41,42,44,46,47,53,74,83,100
clust_eq,wave,1729,13,23,26,34,35,39,42,53,58,62,73,78,82,85,89,90
clust_eq,wave,1730,2,23,27,28,31,39,41,50,52,53,60,61,66,76,79,83
clust_eq,wave,1731,1,14,17,21,26,34,39,41,49,53,57,62,64,73,85,99
clust_eq,wave,1732,5,12,14,16,26,28,36,39,51,53,54,67,77,81,88,93
clust_eq,wave,1733,7,8,15,19,31,35,37,40,43,48,49,67,70,87,91,92
clust_eq,wave,1734,2,4,7,22,24,33,38,45,52,71,77,80,82,83,84,92
clust_eq,wave,1735,7,11,12,17,24,28,33,38,41,44,45,47,57,67,75,84
clust_eq,wave,1736,3,14,24,46,47,54,56,59,60,61,72,80,82,91,92,98
clust_eq,wave,1737,5,9,10,11,12,13,16,25,31,46,64,67,71,77,93,97
clust_eq,wave,1738,6,8,13,16,31,52,65,68,71,76,78,83,86,88,94,99
clust_eq,wave,1739,5,14,16,23,36,43,54,55,56,62,67,68,88,91,92,95
clust_eq,wave,1740,9,10,13,15,22,23,31,32,35,61,62,77,87,89,92,97
clust_eq,wave,1741,3,14,18,24,26,34,39,47,53,56,72,73,74,82,86,94
clust_eq,wave,1742,2,3,4,7,10,19,20,24,48,49,56,75,80,94,96,97
clust_eq,wave,1743,1,9,15,35,36,39,40,50,51,58,69,81,83,87,88,91
clust_eq,wave,1744,7,10,13,23,29,31,37,43,44,46,59,63,64,85,87,95
clust_eq,wave,1745,3,6,8,14,18,27,30,32,65,70,74,79,87,98,99,100
clust_eq,wave,1746,5,16,25,32,33,37,39,49,51,54,56,64,71,75,97,99
clust_eq,wave,1747,3,6,8,10,12,13,31,46,48,65,68,69,71,81,83,87
clust_eq,wave,1748,2,7,19,20,24,28,30,37,39,45,50,52,57,63,65,76
clust_eq,wave,1749,6,10,12,13,15,21,25,30,31,35,46,65,67,68,85,93
clust_eq,wave,1750,2,19,22,24,38,40,49,50,51,59,61,63,67,70,82,86
clust_eq,wave,1751,5,8,9,14,18,33,47,52,61,65,68,72,73,83,92,95
clust_eq,wave,1752,21,22,35,37,41,45,52,53,55,57,60,67,84,92,94,99
clust_eq,wave,1753,2,10,11,13,17,19,20,22,31,37,55,64,70,85,95,97
clust_eq,wave,1754,4,8,40,41,47,51,61,63,70,71,76,79,83,84,85,96
clust_eq,wave,1755,13,15,21,22,31,33,35,43,45,50,55,58,60,67,70,82
clust_eq,wave,1756,2,29,37,39,41,44,53,57,61,64,71,75,84,85,94,98
clust_eq,wave,1757,20,22,24,37,38,39,40,41,45,47,50,54,55,63,70,99
clust_eq,wave,1758,8,10,11,16,29,30,32,40,49,75,85,89,95,97,98,100
clust_eq,wave,1759,1,7,20,26,29,41,43,44,47,63,65,76,86,94,95,100
clust_eq,wave,1760,6,16,18,25,29,38,48,65,67,72,73,75,78,90,94,95
clust_eq,wave,1761,5,16,18,26,27,39,48,52,53,56,67,71,73,81,87,94
clust_eq,wave,1762,2,7,9,11,15,35,40,41,51,58,62,72,73,78,79,89
clust_eq,wave,1763,9,15,16,17,19,25,27,35,41,56,57,62,67,79,96,97
clust_eq,wave,1764,20,35,41,42,44,45,51,54,58,68,86,90,91,92,98,99
clust_eq,wave,1765,25,30,32,41,42,45,57,58,59,62,74,82,84,89,90,91
clust_eq,wave,1766,5,10,14,25,28,31,39,40,41,42,53,58,67,75,88,90
clust_eq,wave,1767,6,13,17,31,32,56,60,61,62,66,68,76,82,83,87,91
clust_eq,wave,1768,7,13,17,20,24,26,31,38,47,62,65,75,78,82,86,96
clust_eq,wave,1769,1,2,6,7,11,12,17,20,26,44,51,72,73,76,86,95
clust_eq,wave,1770,2,4,10,20,22,39,51,52,61,63,76,84,86,94,95,98
clust_eq,wave,1771,4,10,16,19,22,25,30,49,52,66,67,80,82,85,94,97
clust_eq,wave,1772,3,20,28,41,43,45,47,50,55,56,57,60,65,66,75,84
clust_eq,wave,1773,8,13,21,29,31,39,40,48,69,71,74,80,81,83,88,91
clust_eq,wave,1774,20,27,29,41,44,47,55,57,60,76,79,84,94,95,96,97
clust_eq,wave,1775,7,15,20,21,33,35,41,43,48,51,56,59,72,73,79,93
clust_eq,wave,1776,1,2,3,8,20,53,54,56,57,60,64,71,78,92,98,99
clust_eq,wave,1777,5,6,13,14,21,24,28,31,55,65,67,68,70,78,88,93
clust_eq,wave,1778,5,23,27,28,51,52,61,66,68,77,89,90,91,96,97,100
clust_eq,wave,1779,6,7,8,10,20,21,24,27,38,46,48,52,57,65,92,100
clust_eq,wave,1780,10,12,17,18,30,34,37,42,44,59,63,64,73,90,92,95
clust_eq,wave,1781,3,6,8,15,16,25,27,32,35,46,56,65,80,82,89,100
clust_eq,wave,1782,6,10,12,13,22,24,31,34,38,39,46,47,77,81,82,93
clust_eq,wave,1783,5,8,25,27,29,36,40,48,51,54,59,61,63,71,79,89
clust_eq,wave,1784,2,4,10,12,34,37,39,41,42,50,51,60,64,66,75,93
clust_eq,wave,1785,2,14,23,24,27,29,38,39,41,50,57,61,63,79,84,98
clust_eq,wave,1786,1,2,7,14,27,37,46,53,60,70,74,83,93,96,99,100
clust_eq,wave,1787,1,3,5,12,16,19,25,36,37,39,51,89,91,94,95,97
clust_eq,wave,1788,21,34,36,43,44,56,64,68,71,81,85,88,91,92,94,99
clust_eq,wave,1789,10,25,29,32,39,41,42,44,51,63,71,73,75,85,89,94
clust_eq,wave,1790,2,7,20,23,36,44,51,56,60,63,64,79,84,88,95,96
clust_eq,wave,1791,5,13,20,27,29,31,37,39,44,46,48,61,65,90,94,98
clust_eq,wave,1792,2,5,14,18,33,37,40,46,58,59,61,62,72,73,83,95
clust_eq,wave,1793,2,12,18,22,30,33,43,60,61,64,72,73,77,83,93,95
clust_eq,wave,1794,4,14,18,19,22,28,30,33,44,47,49,55,56,74,92,94
clust_eq,wave,1795,5,11,12,14,33,36,45,69,73,75,86,87,93,97,98,99
clust_eq,wave,1796,6,19,20,23,45,59,60,61,70,75,76,77,80,90,95,100
clust_eq,wave,1797,1,18,21,23,26,27,28,32,38,39,53,66,70,73,77,98
clust_eq,wave,1798,3,8,11,22,34,38,41,42,48,56,63,66,68,88,90,100
clust_eq,wave,1799,2,4,10,22,30,49,50,53,58,61,62,64,80,83,85,99
clust_eq,wave,1800,9,15,18,21,26,29,35,44,59,67,72,73,75,78,81,94
clust_eq,wave,1801,9,10,15,17,35,36,54,62,65,68,69,80,81,83,87,92
clust_eq,wave,1802,3,16,19,22,30,33,36,45,66,70,76,77,82,85,92,98
clust_eq,wave,1803,4,6,13,15,23,29,34,42,46,65,68,78,80,85,89,90
clust_eq,wave,1804,12,13,14,22,33,43,45,48,61,74,77,80,90,93,98,100
clust_eq,wave,1805,2,3,5,7,11,14,33,36,37,45,50,51,54,56,75,99
clust_eq,wave,1806,5,19,23,32,33,37,40,43,45,55,57,58,64,75,90,95
clust_eq,wave,1807,14,15,34,36,39,45,47,54,55,60,62,75,82,83,91,93
clust_eq,wave,1808,2,3,6,20,26,28,36,54,56,61,65,68,74,78,86,94
clust_eq,wave,1809,1,9,16,23,26,38,39,52,53,67,71,74,80,81,88,100
clust_eq,wave,1810,5,6,9,16,23,27,29,41,55,57,68,71,79,84,89,96
clust_eq,wave,1811,1,16,19,25,36,40,48,50,51,67,70,76,91,95,96,97
clust_eq,wave,1812,8,26,27,29,35,36,39,40,47,53,55,60,68,73,83,95
clust_eq,wave,1813,5,7,10,13,15,20,30,31,50,53,57,59,66,75,90,93
clust_eq,wave,1814,5,7,14,21,37,44,56,63,72,73,79,80,94,96,98,99
clust_eq,wave,1815,16,18,35,48,52,53,55,62,77,78,79,86,88,89,96,100
clust_eq,wave,1816,6,16,25,27,34,35,46,49,57,60,65,67,68,77,93,99
clust_eq,wave,1817,1,7,9,14,15,16,18,23,39,56,62,72,73,74,89,91
clust_eq,wave,1818,1,3,7,18,20,21,46,50,53,64,71,72,77,78,96,99
clust_eq,wave,1819,7,9,15,21,22,33,49,56,59,74,88,89,92,93,97,100
clust_eq,wave,1820,2,5,12,14,17,19,27,28,44,57,59,61,83,91,92,95
clust_eq,wave,1821,2,6,7,8,13,20,24,29,31,40,45,65,68,71,76,86
clust_eq,wave,1822,1,8,10,18,20,28,49,69,70,73,74,86,90,93,96,97
clust_eq,wave,1823,8,10,11,24,30,34,36,42,52,54,76,79,81,82,90,97
clust_eq,wave,1824,2,5,6,11,13,14,15,23,27,28,31,58,61,68,79,83
clust_eq,wave,1825,4,12,21,34,38,46,48,65,66,68,77,78,80,81,92,93
clust_eq,wave,1826,2,6,9,12,17,24,26,34,42,44,49,54,65,76,80,81
clust_eq,wave,1827,4,6,8,17,19,22,25,26,30,35,42,48,67,70,71,80
clust_eq,wave,1828,27,29,41,46,47,51,53,61,66,68,76,82,83,85,92,94
clust_eq,wave,1829,7,14,21,41,43,45,48,57,58,59,62,63,67,76,84,86
clust_eq,wave,1830,3,10,16,25,30,36,48,51,54,58,63,67,68,76,79,96
clust_eq,wave,1831,5,8,9,16,25,26,52,63,67,71,72,73,79,80,89,96
clust_eq,wave,1832,1,3,12,16,18,26,34,39,48,53,66,72,89,90,94,100
clust_eq,wave,1833,3,16,27,30,36,50,55,56,63,71,79,83,84,85,95,96
clust_eq,wave,1834,7,23,44,47,49,51,58,59,60,64,66,67,82,84,88,91
clust_eq,wave,1835,5,6,8,10,13,20,29,31,40,42,47,55,65,68,88,95
clust_eq,wave,1836,4,7,9,10,21,22,46,54,56,59,71,74,80,89,92,93
clust_eq,wave,1837,2,7,18,20,23,33,52,65,66,68,72,73,76,77,82,92
clust_eq,wave,1838,6,22,27,31,32,37,41,46,50,55,56,62,66,85,89,99
clust_eq,wave,1839,5,14,16,18,23,28,34,58,62,68,72,73,81,91,92,95
clust_eq,wave,1840,6,7,10,14,21,28,41,52,60,65,68,76,77,94,95,100
clust_eq,wave,1841,1,4,7,8,14,26,47,49,52,53,60,74,80,82,84,96
clust_eq,wave,1842,7,14,23,26,38,41,47,57,62,63,68,74,78,84,96,99
clust_eq,wave,1843,3,5,6,10,13,14,22,24,28,31,46,47,50,55,58,67
clust_eq,wave,1844,2,12,22,33,37,38,43,45,48,54,57,61,66,77,83,93
clust_eq,wave,1845,3,9,18,24,35,39,50,56,58,63,69,72,73,79,83,87
clust_eq,wave,1846,4,10,11,18,19,23,47,49,55,62,64,67,71,75,85,97
clust_eq,wave,1847,2,4,7,12,20,24,38,39,51,77,82,86,88,91,93,97
clust_eq,wave,1848,11,27,34,36,44,47,60,63,64,70,77,79,81,93,95,100
clust_eq,wave,1849,19,25,29,30,31,35,43,44,49,59,69,87,89,91,94,95
clust_eq,wave,1850,6,12,13,17,24,31,38,44,47,48,55,59,67,82,88,91
clust_eq,wave,1851,11,13,16,26,30,31,34,35,63,68,70,77,81,85,93,99
clust_eq,wave,1852,1,9,18,26,35,39,53,58,62,69,71,72,81,83,87,100
clust_eq,wave,1853,10,13,16,23,25,30,39,53,56,62,67,71,74,75,88,100
clust_eq,wave,1854,2,4,6,7,12,13,14,19,27,60,65,68,76,77,93,95
clust_eq,wave,1855,1,20,28,33,49,51,52,54,55,66,76,77,88,90,94,96
clust_eq,wave,1856,4,10,17,18,19,22,25,28,38,40,43,49,66,69,70,87
clust_eq,wave,1857,1,4,17,21,24,25,38,39,40,51,61,63,67,70,82,91
clust_eq,wave,1858,6,14,23,45,47,52,61,75,78,80,83,85,91,92,95,100
clust_eq,wave,1859,10,13,17,22,25,28,32,38,39,42,58,63,66,70,90,100
clust_eq,wave,1860,9,10,11,12,17,19,21,24,32,41,44,68,81,89,97,100
clust_eq,wave,1861,1,21,23,26,30,33,34,36,51,54,70,71,74,82,88,96
clust_eq,wave,1862,9,11,13,15,16,23,25,29,31,32,58,63,74,75,88,89
clust_eq,wave,1863,6,8,18,21,22,29,40,46,48,54,55,59,66,67,72,76
clust_eq,wave,1864,14,19,21,28,40,45,50,57,58,59,63,70,74,75,83,86
clust_eq,wave,1865,3,8,12,20,27,47,53,54,61,76,79,86,93,95,96,100
clust_eq,wave,1866,3,4,19,24,26,47,55,56,63,65,67,68,76,82,86,94
clust_eq,wave,1867,9,13,15,23,31,47,56,59,61,62,64,74,88,91,92,98
clust_eq,wave,1868,2,10,11,12,38,57,61,66,77,79,82,83,84,86,93,97
clust_eq,wave,1869,5,22,29,34,36,42,43,44,45,54,63,64,86,90,94,99
clust_eq,wave,1870,1,10,39,46,47,49,51,53,55,60,66,70,77,89,93,100
clust_eq,wave,1871,3,10,37,41,50,56,60,65,66,69,75,81,83,87,97,100
clust_eq,wave,1872,7,16,30,31,37,43,46,49,59,62,64,66,77,85,91,93
clust_eq,wave,1873,1,24,26,27,31,38,39,40,41,47,53,55,62,67,70,82
clust_eq,wave,1874,1,4,8,20,24,26,34,37,38,42,52,53,80,84,90,96
clust_eq,wave,1875,2,4,12,18,20,35,39,46,69,71,81,86,91,93,97,99
clust_eq,wave,1876,8,13,16,25,29,30,31,32,33,40,43,48,71,75,76,89
clust_eq,wave,1877,8,10,13,21,22,24,30,31,34,37,43,52,64,81,88,94
clust_eq,wave,1878,11,17,24,27,36,47,54,55,56,62,64,79,86,97,98,99
clust_eq,wave,1879,18,21,23,34,37,39,44,53,70,71,72,73,78,79,85,99
clust_eq,wave,1880,4,11,14,15,25,29,30,31,32,37,40,42,46,49,85,97
clust_eq,wave,1881,14,18,24,28,38,40,43,49,58,65,69,70,73,79,86,98
clust_eq,wave,1882,1,2,17,20,39,44,45,46,53,56,64,80,85,95,98,100
clust_eq,wave,1883,9,15,18,25,32,35,39,42,52,63,72,73,79,89,90,94
clust_eq,wave,1884,2,3,6,7,8,13,14,24,31,38,48,59,70,78,88,91
clust_eq,wave,1885,1,8,20,21,29,40,55,60,72,73,74,80,82,90,91,96
clust_eq,wave,1886,1,4,5,20,25,26,28,34,39,42,49,51,53,71,77,93
clust_eq,wave,1887,1,4,5,23,37,39,41,47,53,55,58,62,78,88,89,95
clust_eq,wave,1888,19,21,22,24,27,32,33,37,38,43,44,56,57,83,94,99
clust_eq,wave,1889,3,21,26,28,30,34,50,56,63,65,66,68,72,73,76,81
clust_eq,wave,1890,11,21,27,30,36,51,52,54,55,64,71,74,79,82,94,97
clust_eq,wave,1891,3,13,15,26,28,31,35,43,58,60,65,68,69,81,83,87
clust_eq,wave,1892,4,5,21,29,43,49,55,63,65,66,67,68,80,84,94,99
clust_eq,wave,1893,29,38,41,46,48,61,65,66,68,72,78,83,90,92,94,100
clust_eq,wave,1894,14,21,36,40,45,50,53,54,55,58,60,62,67,76,79,99
clust_eq,wave,1895,12,14,17,18,22,33,34,43,44,47,49,66,81,82,85,88
clust_eq,wave,1896,4,5,6,9,10,13,14,17,19,22,25,52,69,80,87,95
clust_eq,wave,1897,2,12,14,17,28,36,43,44,51,54,61,74,78,79,86,98
clust_eq,wave,1898,10,16,23,34,39,50,52,53,60,71,75,76,80,88,99,100
clust_eq,wave,1899,3,22,24,41,47,50,53,55,58,60,78,82,88,89,98,100
clust_eq,wave,1900,1,18,23,25,32,35,42,45,46,53,58,62,86,90,96,99
clust_eq,wave,1901,10,11,23,24,36,37,38,47,54,55,56,62,64,75,83,97
clust_eq,wave,1902,14,30,32,36,40,43,50,54,58,62,65,75,82,85,88,98
clust_eq,wave,1903,10,32,40,49,50,51,54,55,58,68,76,86,88,95,96,97
clust_eq,wave,1904,1,7,18,23,29,45,50,60,63,66,73,74,87,89,90,96
clust_eq,wave,1905,7,8,11,20,30,40,47,48,66,70,75,76,78,80,84,88
clust_eq,wave,1906,6,7,9,49,51,52,65,68,70,74,78,84,87,88,89,94
clust_eq,wave,1907,12,15,17,18,21,25,26,32,44,63,64,68,72,73,85,96
clust_eq,wave,1908,7,8,26,29,30,36,40,47,48,63,65,66,73,75,76,78
clust_eq,wave,1909,1,17,18,27,34,35,42,46,53,60,62,81,90,92,99,100
clust_eq,wave,1910,4,13,19,23,28,30,42,47,58,62,63,65,68,74,92,98
clust_eq,wave,1911,14,23,25,32,37,39,41,42,45,53,56,75,85,90,95,100
clust_eq,wave,1912,10,11,16,17,18,19,20,30,36,37,55,56,62,85,95,97
clust_eq,wave,1913,13,20,21,26,31,38,52,68,69,78,85,88,94,96,98,99
clust_eq,wave,1914,3,5,7,14,23,26,37,41,51,53,54,56,59,72,87,95
clust_eq,wave,1915,10,13,16,22,23,31,43,52,60,67,71,76,77,82,88,98
clust_eq,wave,1916,1,10,17,19,30,32,36,39,40,55,66,70,82,85,87,89
clust_eq,wave,1917,5,8,25,26,28,31,32,41,42,52,59,60,63,71,75,89
clust_eq,wave,1918,3,18,25,28,30,32,42,45,56,65,71,74,78,84,87,94
clust_eq,wave,1919,1,5,16,18,23,25,46,48,54,58,62,63,67,72,91,92
clust_eq,wave,1920,1,2,33,34,37,41,45,58,71,76,85,94,96,97,99,100
clust_eq,wave,1921,8,11,14,27,37,57,69,70,79,81,84,85,90,93,95,97
clust_eq,wave,1922,12,17,24,44,47,49,51,59,61,73,76,83,86,91,92,99
clust_eq,wave,1923,7,9,20,27,38,40,47,50,57,58,62,63,74,79,84,96
clust_eq,wave,1924,6,10,13,14,25,29,32,42,44,46,60,65,90,94,95,100
clust_eq,wave,1925,3,19,24,27,28,34,42,50,56,57,65,76,81,86,90,91
clust_eq,wave,1926,8,22,26,33,40,43,47,48,52,55,57,66,67,72,73,76
clust_eq,wave,1927,1,3,5,8,13,27,28,31,47,55,56,63,65,71,83,96
clust_eq,wave,1928,3,6,20,22,25,33,38,48,49,58,61,66,80,87,88,100
clust_eq,wave,1929,4,10,11,19,22,30,34,44,47,70,77,80,85,93,95,97
clust_eq,wave,1930,2,6,20,22,23,26,36,37,52,54,61,64,71,77,98,99
clust_eq,wave,1931,3,4,6,10,19,22,35,37,47,49,50,56,60,80,95,98
clust_eq,wave,1932,6,7,17,27,38,44,47,48,57,59,66,67,70,84,88,91
clust_eq,wave,1933,2,6,38,41,46,51,54,55,65,67,68,70,78,82,86,93
clust_eq,wave,1934,10,11,12,25,30,32,36,42,51,54,60,66,75,77,89,93
clust_eq,wave,1935,2,6,10,13,23,31,46,56,60,61,62,65,71,76,83,99
clust_eq,wave,1936,21,22,23,24,25,26,28,32,38,41,43,45,52,57,78,84
clust_eq,wave,1937,12,16,17,22,25,30,41,44,45,48,53,57,66,67,76,84
clust_eq,wave,1938,7,11,13,16,19,20,24,33,40,48,50,58,62,75,76,86
clust_eq,wave,1939,3,9,18,47,50,53,58,61,71,72,76,78,79,83,96,100
clust_eq,wave,1940,3,14,27,34,36,54,56,68,79,85,87,90,94,95,96,97
clust_eq,wave,1941,3,5,10,16,36,39,43,44,54,56,65,66,67,93,98,99
clust_eq,wave,1942,3,20,24,45,47,50,55,56,57,59,63,75,76,84,86,99
clust_eq,wave,1943,18,23,24,25,32,39,42,53,58,64,72,73,78,79,86,99
clust_eq,wave,1944,1,9,10,15,18,21,25,50,53,58,67,72,73,74,89,96
clust_eq,wave,1945,7,12,20,36,47,54,59,60,66,77,82,88,91,92,93,97
clust_eq,wave,1946,5,21,25,27,32,48,52,57,63,68,79,84,89,94,95,96
clust_eq,wave,1947,5,8,10,18,19,28,32,39,49,52,53,66,75,86,87,89
clust_eq,wave,1948,4,5,9,11,12,15,22,26,41,69,77,84,87,89,93,97
clust_eq,wave,1949,9,10,13,19,22,29,31,43,44,47,55,67,71,74,89,94
clust_eq,wave,1950,4,5,10,12,14,15,25,32,41,42,46,51,53,77,92,93
clust_eq,wave,1951,1,9,18,26,32,52,55,63,71,72,73,74,87,89,94,96
clust_eq,wave,1952,23,30,42,43,45,57,58,62,69,74,79,81,82,83,84,90
clust_eq,wave,1953,8,18,21,30,31,34,40,46,52,63,66,68,72,81,85,96
clust_eq,wave,1954,5,14,15,33,37,39,40,47,49,51,55,58,62,75,88,94
clust_eq,wave,1955,1,29,31,33,47,48,61,66,72,76,77,83,86,88,94,96
clust_eq,wave,1956,1,2,12,18,26,34,39,42,53,60,64,72,73,77,93,95
clust_eq,wave,1957,17,21,24,30,31,34,37,40,41,45,62,64,75,81,91,92
clust_eq,wave,1958,1,2,3,18,26,27,34,42,50,53,54,64,71,82,85,92
clust_eq,wave,1959,3,4,9,15,18,21,35,46,50,58,59,63,69,72,81,89
clust_eq,wave,1960,16,19,29,35,37,41,59,60,67,72,91,92,94,98,99,100
clust_eq,wave,1961,2,3,4,6,10,19,24,42,58,59,62,76,80,81,83,86
clust_eq,wave,1962,5,8,19,21,23,28,34,45,52,59,63,66,75,81,92,100
clust_eq,wave,1963,2,12,18,22,33,35,37,45,48,49,61,73,77,83,92,93
clust_eq,wave,1964,5,13,17,25,31,42,46,48,62,65,68,69,71,78,89,92
clust_eq,wave,1965,3,5,14,18,22,26,31,32,37,39,49,50,56,87,95,98
clust_eq,wave,1966,3,6,15,35,41,45,47,48,50,55,56,57,65,68,83,84
clust_eq,wave,1967,2,7,12,20,23,44,45,59,63,64,77,80,85,95,97,100
clust_eq,wave,1968,4,6,10,13,16,22,25,35,46,52,67,80,85,90,94,99
clust_eq,wave,1969,3,10,13,16,17,18,27,35,39,48,53,56,71,73,79,83
clust_eq,wave,1970,3,6,10,19,24,37,38,45,47,55,56,57,65,67,76,94
clust_eq,wave,1971,1,4,5,10,11,14,18,19,28,34,42,58,62,86,94,97
clust_eq,wave,1972,4,12,33,34,43,45,47,60,64,65,68,80,81,84,93,95
clust_eq,wave,1973,14,22,33,36,40,43,45,50,51,58,61,62,74,86,90,98
clust_eq,wave,1974,2,4,6,15,19,20,29,35,40,48,49,50,65,68,69,78
clust_eq,wave,1975,16,22,25,29,35,37,40,41,45,48,53,57,67,71,84,92
clust_eq,wave,1976,5,10,23,36,48,51,56,59,62,63,64,71,84,87,92,98
clust_eq,wave,1977,13,15,21,25,31,32,35,42,45,60,63,70,75,82,93,96
clust_eq,wave,1978,9,12,18,22,26,27,31,32,35,43,55,71,77,83,87,93
clust_eq,wave,1979,2,13,20,22,38,44,48,56,69,72,88,92,94,95,97,98
clust_eq,wave,1980,1,9,11,13,15,16,27,35,52,54,77,87,91,94,97,98
clust_eq,wave,1981,12,13,14,17,25,31,32,37,42,44,46,59,60,63,90,99
clust_eq,wave,1982,1,5,16,17,18,25,40,48,52,63,67,71,72,73,79,96
clust_eq,wave,1983,6,8,12,33,37,49,51,55,59,66,69,75,85,87,88,93
clust_eq,wave,1984,9,12,15,25,32,42,68,72,74,80,89,90,91,93,97,100
clust_eq,wave,1985,13,31,32,33,42,43,44,46,56,59,64,81,85,86,94,95
clust_eq,wave,1986,1,12,23,26,30,36,48,62,64,69,71,78,81,84,88,96
clust_eq,wave,1987,5,10,13,14,24,27,31,34,42,47,52,59,63,77,79,99
clust_eq,wave,1988,2,13,20,22,26,31,38,39,40,50,63,69,70,85,95,98
clust_eq,wave,1989,1,4,9,11,21,25,33,51,52,69,71,74,77,84,88,89
clust_eq,wave,1990,12,16,22,24,32,33,37,38,39,45,57,77,84,89,93,98
clust_eq,wave,1991,5,6,11,14,21,27,34,62,77,79,80,81,86,93,95,100
clust_eq,wave,1992,2,3,4,5,6,7,13,14,19,37,50,56,59,80,91,99
clust_eq,wave,1993,1,23,25,32,33,41,42,45,57,74,82,84,86,89,90,96
clust_eq,wave,1994,20,23,28,36,43,46,51,54,68,69,70,71,74,78,86,98
clust_eq,wave,1995,1,21,24,33,34,40,41,43,50,51,62,70,76,82,86,88
clust_eq,wave,1996,6,12,24,33,34,38,47,59,72,73,75,77,80,81,82,93
clust_eq,wave,1997,4,12,14,15,19,23,33,34,37,44,61,75,77,85,90,92
clust_eq,wave,1998,13,19,22,31,47,55,60,62,63,64,66,67,77,82,92,93
clust_eq,wave,1999,17,21,24,29,34,39,40,45,75,76,80,81,82,86,91,100
clust_eq,wave,2000,1,3,4,12,15,21,33,34,37,64,80,84,85,88,94,96
grid_eq,lpm2,1,5,8,10,12,23,24,28,31,50,62,64,68,70,72,77,100
grid_eq,lpm2,2,4,6,9,12,28,36,42,44,50,58,72,75,77,80,92,96
grid_eq,lpm2,3,3,7,10,24,27,36,42,49,51,55,57,69,81,84,86,89
grid_eq,lpm2,4,1,6,9,25,27,36,41,49,53,56,67,72,80,83,95,97
grid_eq,lpm2,5,2,18,20,25,27,32,36,49,53,54,56,68,75,86,89,92
grid_eq,lpm2,6,4,10,15,23,30,38,44,49,57,62,65,77,84,92,96,100
grid_eq,lpm2,7,2,12,25,29,30,34,42,48,51,67,69,81,85,90,95,98
grid_eq,lpm2,8,2,7,18,21,25,28,37,44,52,59,66,71,75,88,93,97
grid_eq,lpm2,9,7,11,19,22,30,37,43,46,48,51,54,76,80,81,83,85
grid_eq,lpm2,10,1,14,17,19,23,34,40,41,48,59,66,72,77,83,90,96
grid_eq,lpm2,11,2,4,6,28,39,42,45,54,62,66,68,79,83,87,89,94
grid_eq,lpm2,12,9,11,17,24,28,42,44,47,51,56,60,68,71,83,86,96
grid_eq,lpm2,13,4,9,17,23,35,37,48,50,51,62,65,76,80,88,94,96
grid_eq,lpm2,14,9,12,22,24,33,36,38,40,56,61,64,78,80,85,91,97
grid_eq,lpm2,15,4,13,17,19,31,35,43,46,50,67,71,76,83,85,97,99
grid_eq,lpm2,16,3,10,12,17,23,32,40,46,52,57,60,73,75,78,92,97
grid_eq,lpm2,17,4,8,11,15,29,32,40,43,47,52,59,71,74,80,94,97
grid_eq,lpm2,18,1,10,15,29,36,40,44,51,53,67,68,70,80,83,85,97
grid_eq,lpm2,19,2,15,18,21,33,39,40,44,47,64,70,83,84,89,92,97
grid_eq,lpm2,20,15,16,21,23,28,38,43,45,50,62,64,77,80,85,93,98
grid_eq,lpm2,21,2,10,11,14,16,18,36,38,43,62,65,68,79,84,97,100
grid_eq,lpm2,22,4,11,18,25,30,31,38,47,52,60,65,71,76,83,89,95
grid_eq,lpm2,23,6,12,13,25,29,38,44,53,64,67,69,72,80,87,93,98
grid_eq,lpm2,24,1,14,16,18,24,32,37,49,53,55,57,72,83,88,90,96
grid_eq,lpm2,25,1,12,16,19,24,27,31,50,55,59,61,68,73,79,86,95
grid_eq,lpm2,26,10,13,15,18,21,31,36,48,50,53,70,73,77,86,92,100
grid_eq,lpm2,27,2,9,24,27,33,36,39,42,56,69,77,78,83,90,91,94
grid_eq,lpm2,28,2,15,19,22,30,42,46,47,54,70,71,73,76,78,92,97
grid_eq,lpm2,29,4,6,11,18,31,43,49,50,53,56,77,81,86,89,93,100
grid_eq,lpm2,30,3,10,18,25,33,34,41,47,51,56,58,69,75,81,89,97
grid_eq,lpm2,31,10,11,14,29,32,43,45,47,59,66,71,73,76,83,87,98
grid_eq,lpm2,32,6,9,12,15,32,37,42,49,55,57,60,81,83,87,89,95
grid_eq,lpm2,33,7,12,24,30,39,43,46,48,52,54,69,83,85,90,91,98
grid_eq,lpm2,34,5,12,17,25,29,34,42,53,57,66,70,78,81,84,89,96
grid_eq,lpm2,35,1,5,8,16,21,38,44,56,58,61,63,75,79,83,93,97
grid_eq,lpm2,36,5,12,13,18,32,35,37,39,63,66,70,81,82,86,90,95
grid_eq,lpm2,37,9,11,25,27,38,42,45,49,53,57,72,74,76,78,92,98
grid_eq,lpm2,38,7,11,15,20,23,29,42,45,47,54,59,63,78,92,94,96
grid_eq,lpm2,39,2,8,13,14,20,28,36,39,42,55,61,68,75,80,82,89
grid_eq,lpm2,40,3,12,19,27,31,36,45,49,52,71,74,76,79,80,83,87
grid_eq,lpm2,41,5,13,30,32,34,37,41,46,49,57,60,63,75,84,87,90
grid_eq,lpm2,42,10,11,15,18,25,32,34,39,56,58,61,63,80,83,88,93
grid_eq,lpm2,43,6,10,11,14,32,38,46,52,55,58,76,79,83,87,93,95
grid_eq,lpm2,44,13,15,17,20,31,34,40,48,63,66,68,74,81,85,88,100
grid_eq,lpm2,45,4,7,11,20,28,33,45,51,56,64,68,70,72,81,86,99
grid_eq,lpm2,46,2,6,17,19,24,39,41,52,54,56,72,74,77,78,90,97
grid_eq,lpm2,47,2,8,10,15,29,35,41,53,57,60,65,72,85,89,90,93
grid_eq,lpm2,48,5,9,11,18,33,35,39,47,52,59,65,73,77,83,96,98
grid_eq,lpm2,49,11,13,16,20,32,35,37,49,54,59,61,66,74,82,87,99
grid_eq,lpm2,50,2,19,25,27,34,36,43,48,55,61,63,78,79,90,93,97
grid_eq,lpm2,51,3,14,17,30,34,36,43,55,69,70,72,77,85,88,92,95
grid_eq,lpm2,52,4,11,20,26,35,37,42,49,51,56,58,73,75,79,95,99
grid_eq,lpm2,53,1,3,16,18,32,34,36,38,53,59,65,68,72,87,89,92
grid_eq,lpm2,54,3,6,23,25,28,30,34,38,45,58,70,74,77,82,89,93
grid_eq,lpm2,55,11,13,15,18,26,30,47,49,51,55,63,68,75,87,92,97
grid_eq,lpm2,56,1,3,6,10,23,30,34,37,50,53,58,65,82,86,88,100
grid_eq,lpm2,57,5,7,10,11,26,32,39,43,45,50,56,64,78,91,93,95
grid_eq,lpm2,58,11,16,18,20,23,32,46,48,55,60,61,86,88,93,95,98
grid_eq,lpm2,59,10,14,23,26,27,31,47,50,51,57,74,76,78,83,90,91
grid_eq,lpm2,60,5,12,17,19,23,30,33,47,52,55,68,74,82,95,98,100
grid_eq,lpm2,61,1,20,23,25,36,39,41,45,59,61,72,76,79,87,93,99
grid_eq,lpm2,62,6,13,18,20,26,32,34,43,45,58,62,85,86,88,90,93
grid_eq,lpm2,63,9,15,21,25,35,38,42,50,54,56,68,84,86,91,95,98
grid_eq,lpm2,64,5,20,21,26,27,30,43,44,48,64,71,77,83,86,98,100
grid_eq,lpm2,65,11,14,19,22,25,28,32,44,47,58,70,72,74,76,85,99
grid_eq,lpm2,66,4,7,19,22,25,38,43,45,49,62,76,79,80,82,87,94
grid_eq,lpm2,67,1,6,9,14,32,37,49,52,54,60,69,73,75,76,92,100
grid_eq,lpm2,68,1,4,8,20,25,38,43,45,59,72,76,78,80,92,94,97
grid_eq,lpm2,69,1,8,24,27,30,32,41,44,47,63,68,76,82,89,92,96
grid_eq,lpm2,70,7,9,11,27,32,39,41,46,54,60,62,65,71,77,79,96
grid_eq,lpm2,71,9,21,24,26,31,34,37,40,53,60,65,78,81,84,94,97
grid_eq,lpm2,72,13,16,18,25,29,36,42,50,51,58,63,65,88,90,92,97
grid_eq,lpm2,73,3,14,19,38,41,44,46,52,58,64,70,79,86,92,95,99
grid_eq,lpm2,74,4,15,17,20,21,30,34,37,42,56,59,74,76,80,81,83
grid_eq,lpm2,75,6,8,11,24,27,43,44,49,56,58,62,73,79,89,92,95
grid_eq,lpm2,76,7,10,11,23,25,30,31,47,56,61,64,68,91,93,97,100
grid_eq,lpm2,77,5,7,18,23,32,39,45,48,50,53,64,76,78,93,96,99
grid_eq,lpm2,78,4,19,22,24,27,47,50,52,54,61,68,74,80,94,97,99
grid_eq,lpm2,79,13,16,24,27,30,34,42,47,54,56,70,71,77,89,93,95
grid_eq,lpm2,80,3,7,16,20,34,36,37,42,54,62,66,70,84,87,91,96
grid_eq,lpm2,81,4,6,19,27,31,38,42,44,61,65,67,70,79,83,85,99
grid_eq,lpm2,82,1,3,7,19,24,30,33,37,54,58,60,61,72,85,88,95
grid_eq,lpm2,83,5,11,17,25,29,39,43,54,58,63,67,75,80,81,86,89
grid_eq,lpm2,84,4,9,11,20,24,32,45,47,49,62,66,68,72,85,95,100
grid_eq,lpm2,85,3,7,21,26,29,33,35,46,59,61,67,69,73,93,95,98
grid_eq,lpm2,86,4,7,10,23,28,32,45,49,57,71,74,76,78,79,94,99
grid_eq,lpm2,87,3,8,12,25,28,38,52,54,60,63,67,69,81,83,87,99
grid_eq,lpm2,88,9,17,21,25,35,41,50,55,58,61,66,70,82,84,90,91
grid_eq,lpm2,89,3,7,12,17,20,29,43,45,50,63,67,73,75,89,92,99
grid_eq,lpm2,90,13,18,25,30,33,34,36,40,64,66,70,73,81,87,90,93
grid_eq,lpm2,91,4,11,19,20,32,36,38,43,49,64,68,84,86,90,93,96
grid_eq,lpm2,92,3,16,19,22,31,34,36,49,55,62,66,69,73,90,95,99
grid_eq,lpm2,93,2,8,16,21,29,39,46,51,54,64,69,71,80,89,92,94
grid_eq,lpm2,94,9,13,17,21,26,30,51,54,62,65,66,70,78,87,91,93
grid_eq,lpm2,95,13,14,16,18,20,37,39,46,53,58,70,73,74,76,81,89
grid_eq,lpm2,96,3,6,8,20,22,36,41,44,55,60,61,66,67,86,92,99
grid_eq,lpm2,97,3,17,20,21,26,28,33,44,54,59,62,70,71,77,89,93
grid_eq,lpm2,98,7,10,23,24,32,34,36,40,51,57,64,68,73,79,93,96
grid_eq,lpm2,99,4,6,9,23,29,32,36,38,45,61,70,75,85,88,91,94
grid_eq,lpm2,100,2,6,19,23,31,36,40,47,55,68,72,75,80,81,94,98
grid_eq,lpm2,101,4,7,13,20,22,46,48,56,60,63,72,77,84,89,91,98
grid_eq,lpm2,102,1,4,16,23,29,37,40,53,54,59,67,72,74,86,91,95
grid_eq,lpm2,103,1,6,10,21,23,36,40,42,65,69,76,81,83,88,89,100
grid_eq,lpm2,104,3,10,11,15,30,45,47,53,58,60,62,65,84,89,91,96
grid_eq,lpm2,105,1,6,9,10,22,31,44,49,52,57,59,60,63,84,86,93
grid_eq,lpm2,106,3,10,18,25,32,34,39,41,58,61,70,74,76,83,89,96
grid_eq,lpm2,107,2,7,10,21,32,34,47,49,50,52,55,66,72,86,88,97
grid_eq,lpm2,108,8,12,20,21,25,27,34,49,53,54,57,70,72,76,87,93
grid_eq,lpm2,109,5,8,21,25,30,33,46,49,54,62,74,78,87,90,94,98
grid_eq,lpm2,110,3,8,10,11,16,40,44,46,51,66,68,71,74,89,93,97
grid_eq,lpm2,111,1,5,8,17,19,25,37,42,45,61,70,73,78,85,89,95
grid_eq,lpm2,112,9,11,15,23,28,35,40,42,44,68,72,87,89,92,94,98
grid_eq,lpm2,113,3,27,28,29,32,41,45,46,49,67,71,74,80,89,95,98
grid_eq,lpm2,114,2,4,7,9,16,34,37,41,43,55,58,69,75,81,90,97
grid_eq,lpm2,115,5,16,18,20,22,37,43,53,55,59,66,70,72,75,89,91
grid_eq,lpm2,116,5,8,11,20,24,38,40,41,43,52,65,67,79,81,95,98
grid_eq,lpm2,117,2,5,10,17,28,33,36,45,62,65,67,78,84,89,92,96
grid_eq,lpm2,118,1,12,15,19,27,35,38,41,60,61,67,78,82,84,87,97
grid_eq,lpm2,119,12,15,17,29,32,35,37,48,51,60,63,80,81,83,88,95
grid_eq,lpm2,120,3,7,15,20,21,32,46,48,52,54,68,78,80,81,84,98
grid_eq,lpm2,121,2,8,21,25,29,32,36,49,55,60,63,78,79,82,95,97
grid_eq,lpm2,122,3,8,20,24,28,32,37,41,52,57,64,70,89,91,94,97
grid_eq,lpm2,123,3,16,18,19,22,36,45,51,57,63,64,70,75,79,82,94
grid_eq,lpm2,124,3,10,12,21,28,33,49,53,57,65,70,71,77,85,89,91
grid_eq,lpm2,125,1,15,17,20,21,29,37,44,58,62,64,70,85,89,93,95
grid_eq,lpm2,126,1,8,10,23,24,32,35,39,46,58,61,74,78,83,86,100
grid_eq,lpm2,127,7,10,13,21,27,33,44,50,51,56,58,73,77,89,93,95
grid_eq,lpm2,128,2,10,16,25,27,44,47,50,51,52,58,72,77,87,94,99
grid_eq,lpm2,129,1,16,23,27,29,34,41,46,53,55,78,83,86,90,92,96
grid_eq,lpm2,130,3,8,12,16,20,41,43,48,56,65,68,75,80,83,89,92
grid_eq,lpm2,131,6,10,25,27,32,39,41,47,54,66,69,71,75,88,94,100
grid_eq,lpm2,132,3,6,10,11,14,27,32,39,52,57,58,70,75,77,84,91
grid_eq,lpm2,133,2,10,11,15,28,31,45,47,49,65,69,82,87,92,99,100
grid_eq,lpm2,134,1,5,10,12,24,27,36,49,52,54,56,75,79,91,94,97
grid_eq,lpm2,135,3,8,14,19,26,43,51,54,57,59,65,71,77,80,93,98
grid_eq,lpm2,136,1,8,14,29,31,33,40,46,52,59,65,68,79,86,91,96
grid_eq,lpm2,137,5,14,21,22,28,42,48,53,55,59,60,74,77,82,88,92
grid_eq,lpm2,138,3,14,18,29,31,34,46,50,52,54,59,72,85,86,93,97
grid_eq,lpm2,139,2,7,10,22,28,33,35,38,54,57,61,69,83,85,89,97
grid_eq,lpm2,140,4,13,21,25,27,33,40,49,55,58,62,71,76,80,85,99
grid_eq,lpm2,141,3,10,13,24,27,37,42,44,50,57,61,63,68,75,88,92
grid_eq,lpm2,142,5,6,12,19,21,32,39,45,52,58,65,67,88,91,94,98
grid_eq,lpm2,143,2,18,21,23,26,35,40,42,48,64,66,71,73,86,88,90
grid_eq,lpm2,144,1,9,17,18,25,31,34,51,53,59,67,75,80,87,94,100
grid_eq,lpm2,145,5,8,13,20,25,41,42,48,54,60,68,71,76,85,91,100
grid_eq,lpm2,146,5,13,19,30,32,37,41,53,57,69,71,76,81,84,90,97
grid_eq,lpm2,147,2,14,18,20,22,26,36,43,51,58,60,76,82,85,87,99
grid_eq,lpm2,148,6,13,22,29,40,41,43,57,59,65,72,76,79,91,94,100
grid_eq,lpm2,149,17,21,25,30,33,35,38,49,52,62,65,66,68,82,89,95
grid_eq,lpm2,150,5,8,13,26,31,38,40,44,56,63,68,69,74,82,95,99
grid_eq,lpm2,151,9,16,23,25,31,33,37,51,59,60,64,67,72,75,88,95
grid_eq,lpm2,152,4,12,17,21,30,35,47,49,54,60,62,74,78,83,96,100
grid_eq,lpm2,153,8,11,13,15,30,34,42,47,50,53,56,65,67,82,85,98
grid_eq,lpm2,154,5,9,22,24,26,29,50,53,57,62,64,78,84,90,92,97
grid_eq,lpm2,155,3,9,12,17,29,34,43,48,51,60,65,67,75,81,94,98
grid_eq,lpm2,156,2,4,10,17,31,32,36,38,60,66,69,74,83,89,95,97
grid_eq,lpm2,157,5,9,12,17,24,32,41,47,54,58,66,75,79,81,88,94
grid_eq,lpm2,158,4,6,13,18,22,37,39,58,65,71,75,78,82,94,97,100
grid_eq,lpm2,159,3,8,19,25,31,36,42,45,53,59,63,74,76,78,92,97
grid_eq,lpm2,160,2,7,9,22,24,28,40,42,45,57,65,78,81,83,85,89
grid_eq,lpm2,161,3,10,17,19,34,37,41,48,54,61,65,69,78,82,86,89
grid_eq,lpm2,162,3,8,19,21,27,34,37,51,55,57,59,71,74,85,90,97
grid_eq,lpm2,163,4,18,21,27,32,34,36,49,62,66,68,70,81,84,94,98
grid_eq,lpm2,164,3,17,19,22,28,31,35,37,51,56,63,65,68,79,95,97
grid_eq,lpm2,165,6,8,24,29,31,38,43,47,57,61,74,78,86,91,96,99
grid_eq,lpm2,166,3,5,8,11,34,37,40,43,60,69,73,75,77,81,96,98
grid_eq,lpm2,167,7,12,14,21,27,42,46,49,64,67,70,73,75,88,92,96
grid_eq,lpm2,168,6,9,13,14,31,34,46,49,52,55,57,72,80,83,86,95
grid_eq,lpm2,169,2,15,17,23,31,38,46,49,53,57,74,77,86,89,91,96
grid_eq,lpm2,170,7,12,14,25,26,29,31,39,43,50,55,74,79,83,94,96
grid_eq,lpm2,171,2,8,14,17,34,36,38,43,64,67,68,71,75,83,86,100
grid_eq,lpm2,172,1,7,14,22,28,34,36,39,51,58,63,65,81,88,89,94
grid_eq,lpm2,173,1,8,16,20,25,31,46,49,51,57,63,78,84,87,93,95
grid_eq,lpm2,174,5,12,19,25,26,28,34,54,58,60,62,76,81,83,90,98
grid_eq,lpm2,175,4,8,19,22,33,34,39,46,52,59,70,71,74,87,92,96
grid_eq,lpm2,176,9,18,22,24,26,35,42,49,54,61,67,75,79,91,96,99
grid_eq,lpm2,177,2,5,17,20,24,32,35,49,63,66,69,81,86,88,93,99
grid_eq,lpm2,178,6,13,22,28,30,35,51,55,57,63,70,76,78,85,92,95
grid_eq,lpm2,179,5,13,24,27,29,35,37,40,42,54,62,70,73,74,79,96
grid_eq,lpm2,180,16,18,19,22,31,35,42,48,61,65,67,69,81,84,86,89
grid_eq,lpm2,181,6,13,18,29,36,42,45,48,51,65,66,76,79,83,90,92
grid_eq,lpm2,182,2,7,13,18,21,39,40,44,47,56,61,76,79,87,91,94
grid_eq,lpm2,183,11,15,17,18,33,37,40,41,46,56,61,65,69,88,91,99
grid_eq,lpm2,184,7,12,16,24,27,29,33,35,57,60,62,76,83,88,94,97
grid_eq,lpm2,185,1,17,22,25,28,36,51,54,58,66,68,73,82,88,90,95
grid_eq,lpm2,186,3,6,8,20,27,35,41,42,48,70,71,76,79,83,85,97
grid_eq,lpm2,187,2,3,6,25,30,31,35,39,48,51,60,63,76,80,87,93
grid_eq,lpm2,188,9,11,15,27,30,32,41,46,54,58,73,76,82,90,94,97
grid_eq,lpm2,189,9,14,20,22,31,34,43,47,49,56,63,80,83,87,91,96
grid_eq,lpm2,190,9,12,16,24,29,33,35,40,47,56,74,79,81,86,94,100
grid_eq,lpm2,191,15,20,23,27,31,40,46,52,56,59,64,78,83,85,91,97
grid_eq,lpm2,192,2,5,21,24,28,29,41,49,53,57,66,70,72,79,86,92
grid_eq,lpm2,193,1,4,7,21,23,28,35,48,53,57,66,70,83,93,95,100
grid_eq,lpm2,194,6,12,19,24,27,39,41,47,54,62,66,69,87,92,95,98
grid_eq,lpm2,195,13,14,16,20,28,31,36,48,54,62,67,69,75,82,87,98
grid_eq,lpm2,196,3,10,23,26,32,35,40,48,54,57,60,72,75,77,89,91
grid_eq,lpm2,197,1,16,17,29,31,33,36,48,50,51,72,80,84,92,95,100
grid_eq,lpm2,198,4,16,23,27,29,41,43,49,52,55,57,74,79,91,95,97
grid_eq,lpm2,199,1,7,9,24,31,33,36,39,60,67,71,73,79,88,92,97
grid_eq,lpm2,200,3,7,10,16,25,31,33,46,49,58,62,78,87,92,94,100
grid_eq,lpm2,201,2,4,6,7,28,36,40,42,59,68,71,74,79,83,96,98
grid_eq,lpm2,202,3,6,11,19,28,31,35,51,53,57,60,68,83,86,90,95
grid_eq,lpm2,203,7,15,21,29,32,38,43,47,59,63,66,71,79,82,86,88
grid_eq,lpm2,204,4,6,7,19,21,25,32,48,55,59,66,74,77,81,88,92
grid_eq,lpm2,205,3,6,9,13,26,32,38,54,57,60,62,74,90,93,95,99
grid_eq,lpm2,206,1,6,23,28,38,39,41,45,56,60,61,73,87,89,93,96
grid_eq,lpm2,207,1,8,12,25,27,30,32,37,50,54,57,79,82,84,88,97
grid_eq,lpm2,208,6,8,13,20,21,24,35,37,43,52,60,67,78,82,86,94
grid_eq,lpm2,209,2,7,23,27,33,44,49,55,60,62,64,68,83,88,91,95
grid_eq,lpm2,210,2,5,20,26,28,30,44,53,58,65,73,81,88,90,94,96
grid_eq,lpm2,211,3,6,29,33,35,41,46,48,54,62,70,79,82,86,89,94
grid_eq,lpm2,212,4,15,18,23,29,34,48,51,53,57,70,77,81,85,90,93
grid_eq,lpm2,213,7,9,13,15,24,42,45,49,51,64,67,73,77,79,92,98
grid_eq,lpm2,214,3,10,11,16,33,40,47,49,53,55,61,64,72,79,94,96
grid_eq,lpm2,215,1,6,9,14,23,27,33,49,50,51,54,65,76,89,94,97
grid_eq,lpm2,216,5,7,20,24,31,34,37,53,59,60,65,73,76,78,91,100
grid_eq,lpm2,217,5,12,15,20,27,44,50,51,52,58,62,70,73,77,82,86
grid_eq,lpm2,218,1,7,8,12,26,39,43,45,52,57,59,72,76,83,88,90
grid_eq,lpm2,219,1,5,9,16,29,35,41,42,45,57,59,62,64,79,86,91
grid_eq,lpm2,220,2,5,6,23,27,37,39,45,52,58,61,64,67,79,91,97
grid_eq,lpm2,221,3,6,8,22,28,40,42,45,46,51,57,75,79,83,91,98
grid_eq,lpm2,222,4,8,12,16,27,33,35,48,50,61,63,76,78,92,97,100
grid_eq,lpm2,223,4,8,24,26,29,43,45,47,60,62,76,81,83,85,89,97
grid_eq,lpm2,224,3,8,16,23,28,36,38,41,61,67,75,80,89,91,93,98
grid_eq,lpm2,225,9,15,17,21,28,35,37,46,51,53,73,78,81,86,94,100
grid_eq,lpm2,226,11,15,17,28,37,40,43,46,62,70,76,79,81,82,84,98
grid_eq,lpm2,227,1,10,17,21,25,40,47,51,56,60,62,65,74,88,93,96
grid_eq,lpm2,228,2,5,9,21,25,34,37,40,41,65,69,71,73,76,95,100
grid_eq,lpm2,229,2,13,15,28,35,40,41,48,63,65,66,69,82,84,86,100
grid_eq,lpm2,230,5,13,17,25,29,33,35,38,50,54,63,75,79,82,88,92
grid_eq,lpm2,231,14,17,25,32,33,37,40,49,52,60,66,73,77,82,85,100
grid_eq,lpm2,232,3,7,9,24,26,28,31,44,50,54,58,61,69,88,93,95
grid_eq,lpm2,233,3,5,14,30,31,36,44,48,66,70,74,81,86,89,91,96
grid_eq,lpm2,234,11,16,25,30,35,36,38,43,58,63,67,71,83,85,88,98
grid_eq,lpm2,235,3,11,14,17,31,34,37,38,53,60,78,80,82,84,93,98
grid_eq,lpm2,236,1,8,16,22,29,43,44,47,61,66,68,70,75,87,92,96
grid_eq,lpm2,237,14,22,28,31,35,38,40,54,61,68,75,77,80,88,91,96
grid_eq,lpm2,238,14,16,22,28,34,42,46,58,60,63,64,79,81,85,86,99
grid_eq,lpm2,239,2,4,6,22,29,34,36,62,64,66,78,79,83,90,94,97
grid_eq,lpm2,240,2,8,10,14,17,31,38,44,50,55,62,78,85,90,94,96
grid_eq,lpm2,241,8,15,19,23,33,41,46,48,59,64,72,75,77,90,92,98
grid_eq,lpm2,242,2,7,23,29,38,43,44,46,49,52,68,79,81,93,98,100
grid_eq,lpm2,243,5,19,22,24,27,32,40,52,54,58,61,66,79,82,85,97
grid_eq,lpm2,244,3,5,7,20,28,32,44,48,50,52,59,64,66,73,88,90
grid_eq,lpm2,245,5,25,27,29,35,41,47,50,58,62,66,71,75,85,87,91
grid_eq,lpm2,246,6,13,18,19,25,31,46,47,53,62,70,74,77,85,88,93
grid_eq,lpm2,247,10,11,17,23,33,37,44,49,58,65,72,82,84,87,89,100
grid_eq,lpm2,248,4,7,10,11,30,32,35,39,47,65,73,80,83,92,95,97
grid_eq,lpm2,249,4,17,19,21,39,41,47,52,55,59,67,71,76,79,85,87
grid_eq,lpm2,250,17,21,23,26,28,35,39,43,52,57,70,74,77,92,96,97
grid_eq,lpm2,251,13,15,17,19,22,31,37,39,44,50,57,65,69,73,91,98
grid_eq,lpm2,252,2,4,27,29,45,48,49,52,60,64,72,77,80,83,91,95
grid_eq,lpm2,253,4,11,23,25,28,32,37,40,52,56,78,80,83,84,92,97
grid_eq,lpm2,254,6,11,13,25,26,34,41,45,49,55,68,73,76,84,90,95
grid_eq,lpm2,255,2,6,8,15,23,36,38,42,47,65,68,71,73,80,85,89
grid_eq,lpm2,256,5,9,11,16,25,34,39,51,54,57,60,71,75,79,87,93
grid_eq,lpm2,257,7,15,20,22,27,34,39,41,57,69,71,75,83,88,95,100
grid_eq,lpm2,258,8,25,30,32,37,41,45,49,53,56,68,71,77,80,85,91
grid_eq,lpm2,259,3,8,11,15,26,39,40,45,51,56,75,77,83,89,90,93
grid_eq,lpm2,260,2,8,17,25,33,41,45,47,59,62,67,76,80,84,88,92
grid_eq,lpm2,261,7,9,12,15,32,34,40,48,56,63,65,83,85,90,92,99
grid_eq,lpm2,262,7,10,13,16,24,32,35,38,46,60,61,67,72,83,85,98
grid_eq,lpm2,263,10,13,17,22,26,43,47,55,58,60,64,71,86,89,91,96
grid_eq,lpm2,264,3,5,7,12,26,37,40,42,56,59,63,70,72,78,84,96
grid_eq,lpm2,265,2,9,16,23,25,32,38,40,53,57,79,81,84,86,92,99
grid_eq,lpm2,266,5,12,14,22,25,27,30,47,52,56,59,65,76,82,90,93
grid_eq,lpm2,267,3,5,17,29,30,31,36,43,62,65,67,77,83,84,87,90
grid_eq,lpm2,268,2,4,13,16,30,35,48,55,57,61,69,72,84,88,95,98
grid_eq,lpm2,269,13,15,17,21,29,37,40,43,45,51,58,64,78,81,90,96
grid_eq,lpm2,270,2,5,10,17,26,37,40,41,42,54,66,75,89,90,92,95
grid_eq,lpm2,271,4,10,11,25,27,38,40,43,51,59,72,75,78,86,93,96
grid_eq,lpm2,272,6,11,14,18,30,34,47,50,52,57,61,65,73,76,80,99
grid_eq,lpm2,273,7,8,11,22,24,28,46,53,58,62,70,78,81,84,86,98
grid_eq,lpm2,274,1,7,9,15,34,42,48,50,54,66,71,73,75,79,88,100
grid_eq,lpm2,275,3,9,23,28,31,33,36,39,54,58,75,78,81,90,92,94
grid_eq,lpm2,276,2,4,15,28,40,44,46,51,53,57,60,64,78,83,95,98
grid_eq,lpm2,277,3,20,24,27,31,38,47,49,51,55,66,77,84,86,90,91
grid_eq,lpm2,278,5,12,17,20,24,38,43,47,55,59,66,71,75,79,93,97
grid_eq,lpm2,279,10,12,17,19,24,26,31,48,54,61,69,73,75,87,92,100
grid_eq,lpm2,280,9,11,16,30,38,42,44,51,58,62,66,70,75,91,94,98
grid_eq,lpm2,281,4,6,9,21,24,28,36,52,58,60,69,73,76,84,93,97
grid_eq,lpm2,282,4,10,12,15,29,33,36,41,54,59,62,77,81,88,90,93
grid_eq,lpm2,283,5,8,12,16,21,25,49,56,57,63,80,85,88,93,96,99
grid_eq,lpm2,284,4,17,22,29,32,40,44,55,56,63,68,70,73,84,87,91
grid_eq,lpm2,285,3,9,14,21,26,37,42,45,51,57,59,73,77,80,95,97
grid_eq,lpm2,286,2,6,14,19,22,35,40,48,55,57,61,70,74,78,91,94
grid_eq,lpm2,287,14,17,19,21,33,36,40,45,52,58,70,71,74,90,91,96
grid_eq,lpm2,288,11,18,24,26,32,36,39,47,51,58,65,70,76,92,95,100
grid_eq,lpm2,289,10,11,13,17,29,43,44,46,51,57,73,74,86,90,93,97
grid_eq,lpm2,290,10,11,16,18,23,32,35,39,54,61,69,73,78,82,95,99
grid_eq,lpm2,291,5,14,16,18,30,31,34,46,48,61,80,83,84,87,89,95
grid_eq,lpm2,292,13,16,19,24,30,32,36,51,54,57,62,70,90,92,97,99
grid_eq,lpm2,293,2,23,25,29,37,50,53,54,58,62,71,77,78,84,88,91
grid_eq,lpm2,294,3,5,22,28,30,35,40,42,46,61,63,65,67,81,86,90
grid_eq,lpm2,295,9,11,15,18,20,42,45,47,54,59,80,83,84,91,95,99
grid_eq,lpm2,296,2,5,8,10,16,33,35,48,56,57,63,65,77,81,95,100
grid_eq,lpm2,297,1,11,15,18,30,31,42,47,57,60,63,65,77,89,92,97
grid_eq,lpm2,298,7,11,19,23,26,31,37,50,53,66,69,72,74,88,91,99
grid_eq,lpm2,299,12,16,24,28,38,39,42,44,60,64,65,72,83,86,89,97
grid_eq,lpm2,300,2,10,12,15,16,30,44,47,51,60,62,69,85,86,88,94
grid_eq,lpm2,301,1,6,9,15,32,39,53,62,65,67,70,77,83,91,97,100
grid_eq,lpm2,302,4,6,18,29,33,35,36,59,63,65,68,74,80,91,96,99
grid_eq,lpm2,303,2,13,18,24,26,29,30,42,51,57,63,70,75,81,96,99
grid_eq,lpm2,304,2,24,26,29,31,35,48,50,51,63,64,68,75,82,89,96
grid_eq,lpm2,305,2,9,15,26,28,32,40,58,65,66,70,71,78,79,86,95
grid_eq,lpm2,306,2,9,26,32,35,39,43,56,60,61,63,75,77,79,92,97
grid_eq,lpm2,307,6,12,22,24,30,33,35,39,54,60,67,71,74,89,92,99
grid_eq,lpm2,308,3,17,30,34,36,38,43,52,58,64,70,72,75,78,93,99
grid_eq,lpm2,309,3,4,16,18,22,39,42,45,47,58,65,71,80,92,97,99
grid_eq,lpm2,310,6,8,12,14,31,40,47,49,52,54,68,75,82,90,95,98
grid_eq,lpm2,311,3,5,28,30,31,34,47,49,52,57,60,72,75,84,87,88
grid_eq,lpm2,312,6,12,24,28,40,41,44,46,49,63,70,76,78,82,84,97
grid_eq,lpm2,313,3,9,11,16,35,40,43,49,51,57,63,71,79,86,91,98
grid_eq,lpm2,314,6,12,19,24,32,35,47,50,52,58,65,72,74,86,94,99
grid_eq,lpm2,315,11,15,23,26,29,40,48,52,59,69,71,85,88,91,94,98
grid_eq,lpm2,316,8,24,25,26,29,30,33,51,56,59,60,63,77,92,95,100
grid_eq,lpm2,317,4,13,18,25,30,33,38,50,56,67,70,73,75,79,82,95
grid_eq,lpm2,318,14,19,23,26,38,41,44,46,52,57,59,60,62,83,88,97
grid_eq,lpm2,319,4,7,9,21,34,36,38,40,51,70,72,77,84,88,91,97
grid_eq,lpm2,320,12,14,16,17,29,33,35,47,49,52,58,73,75,81,90,98
grid_eq,lpm2,321,1,5,26,30,33,45,47,49,62,67,69,73,74,81,94,99
grid_eq,lpm2,322,4,8,11,13,30,35,41,47,50,65,69,71,73,78,80,96
grid_eq,lpm2,323,7,13,15,22,29,37,40,45,52,62,80,82,84,87,89,95
grid_eq,lpm2,324,7,9,18,22,31,39,44,47,57,61,66,75,79,82,95,98
grid_eq,lpm2,325,6,10,12,26,28,35,44,52,58,62,64,72,77,78,89,92
grid_eq,lpm2,326,1,16,20,21,23,27,44,50,54,56,63,69,72,76,84,88
grid_eq,lpm2,327,2,4,17,22,29,32,48,57,62,65,68,70,74,77,83,90
grid_eq,lpm2,328,2,7,21,23,26,35,38,44,52,60,76,77,81,86,89,100
grid_eq,lpm2,329,6,10,11,15,17,29,43,45,60,61,65,74,77,91,95,98
grid_eq,lpm2,330,2,15,17,28,29,32,48,50,51,55,67,82,84,95,97,100
grid_eq,lpm2,331,11,12,16,20,27,35,39,41,55,60,63,76,79,84,91,100
grid_eq,lpm2,332,7,11,13,20,25,40,46,51,55,68,72,75,79,87,92,95
grid_eq,lpm2,333,1,5,7,20,33,40,41,54,56,61,68,78,84,87,92,96
grid_eq,lpm2,334,3,5,9,16,19,32,47,54,58,62,65,74,80,84,88,92
grid_eq,lpm2,335,2,8,13,15,16,29,32,35,52,56,59,64,67,83,93,98
grid_eq,lpm2,336,2,5,9,21,26,32,40,48,52,67,69,74,78,81,83,99
grid_eq,lpm2,337,4,8,11,16,18,25,31,44,47,50,51,65,68,90,92,98
grid_eq,lpm2,338,3,5,19,24,31,38,42,46,54,61,69,83,86,90,95,98
grid_eq,lpm2,339,5,18,21,29,32,34,50,52,61,64,69,77,85,86,92,99
grid_eq,lpm2,340,5,11,17,18,22,25,29,56,60,62,69,75,90,92,94,96
grid_eq,lpm2,341,6,12,15,18,39,44,48,51,64,69,71,76,85,90,96,99
grid_eq,lpm2,342,3,18,20,24,26,32,48,51,53,57,68,70,73,76,95,99
grid_eq,lpm2,343,7,9,11,25,26,40,42,48,53,60,64,71,75,82,88,98
grid_eq,lpm2,344,7,15,20,24,29,32,36,43,57,61,64,78,87,89,91,95
grid_eq,lpm2,345,4,18,19,36,40,41,45,49,52,61,67,80,85,89,93,95
grid_eq,lpm2,346,2,8,16,21,23,28,36,38,52,65,69,71,77,85,89,92
grid_eq,lpm2,347,1,4,24,26,30,35,39,42,56,70,71,75,77,79,81,100
grid_eq,lpm2,348,5,7,20,22,23,40,43,46,58,65,66,71,78,80,83,86
grid_eq,lpm2,349,5,8,15,17,22,36,42,49,55,56,64,70,71,77,82,99
grid_eq,lpm2,350,1,6,8,28,32,40,47,53,54,70,73,77,83,86,90,93
grid_eq,lpm2,351,6,11,15,18,22,29,42,45,46,53,59,64,80,82,86,97
grid_eq,lpm2,352,15,21,23,29,35,39,41,47,54,58,65,79,80,81,95,100
grid_eq,lpm2,353,1,4,24,27,29,40,41,45,48,52,64,67,71,79,85,99
grid_eq,lpm2,354,8,21,24,26,33,40,45,47,51,72,76,78,90,92,95,98
grid_eq,lpm2,355,15,16,18,21,23,39,45,48,52,66,71,73,78,84,87,100
grid_eq,lpm2,356,2,5,14,25,30,38,42,47,60,61,67,73,78,80,92,97
grid_eq,lpm2,357,8,11,15,19,24,36,41,45,48,52,57,79,84,91,94,97
grid_eq,lpm2,358,7,16,20,23,35,37,40,42,52,64,70,72,77,84,86,89
grid_eq,lpm2,359,2,15,18,30,35,36,38,41,61,68,75,80,83,94,97,100
grid_eq,lpm2,360,1,13,15,26,28,30,37,43,45,53,69,74,79,81,88,95
grid_eq,lpm2,361,6,18,25,29,32,41,45,48,50,54,58,63,78,87,91,95
grid_eq,lpm2,362,2,17,25,29,33,40,48,51,55,63,69,75,78,82,86,98
grid_eq,lpm2,363,17,19,22,25,35,40,42,46,51,59,63,87,89,93,94,97
grid_eq,lpm2,364,2,10,15,18,34,38,49,52,63,64,66,69,88,92,93,99
grid_eq,lpm2,365,2,15,20,28,38,43,51,54,57,60,72,75,77,80,89,93
grid_eq,lpm2,366,12,18,20,23,27,40,42,45,47,63,66,69,70,75,77,83
grid_eq,lpm2,367,1,5,23,26,30,34,37,42,54,62,68,84,86,89,93,95
grid_eq,lpm2,368,4,17,22,23,25,39,44,47,48,52,60,63,77,81,88,96
grid_eq,lpm2,369,5,7,13,20,21,42,49,54,57,63,65,72,77,84,88,100
grid_eq,lpm2,370,9,11,12,25,28,39,41,42,45,47,68,75,79,82,91,97
grid_eq,lpm2,371,3,17,22,24,29,35,38,46,54,58,62,67,79,84,87,91
grid_eq,lpm2,372,3,11,17,26,28,36,40,43,52,57,73,75,88,90,92,95
grid_eq,lpm2,373,6,11,15,19,22,35,40,46,52,58,69,73,75,76,84,97
grid_eq,lpm2,374,5,12,14,17,20,33,37,51,56,58,59,65,78,84,92,99
grid_eq,lpm2,375,2,10,16,29,35,36,41,48,53,59,66,71,74,78,87,92
grid_eq,lpm2,376,1,13,17,19,34,40,46,51,53,54,74,77,79,86,90,92
grid_eq,lpm2,377,6,12,14,28,30,32,37,44,48,65,69,73,88,91,96,99
grid_eq,lpm2,378,8,13,26,32,35,39,43,46,60,61,65,68,80,92,94,100
grid_eq,lpm2,379,7,11,13,18,34,37,41,45,48,61,79,82,84,86,87,90
grid_eq,lpm2,380,7,11,13,27,30,34,43,48,51,58,60,63,75,77,83,98
grid_eq,lpm2,381,2,11,18,25,26,44,48,63,64,66,71,77,79,80,91,97
grid_eq,lpm2,382,7,12,14,28,34,40,42,48,52,56,63,70,72,79,86,93
grid_eq,lpm2,383,14,18,19,23,31,34,37,50,51,54,58,69,73,74,88,96
grid_eq,lpm2,384,6,8,13,24,27,32,50,51,55,57,64,69,77,83,93,98
grid_eq,lpm2,385,7,11,15,26,31,33,34,47,52,56,58,75,89,91,97,100
grid_eq,lpm2,386,4,8,17,19,23,34,39,47,61,66,70,75,82,94,96,98
grid_eq,lpm2,387,10,11,14,17,26,32,44,47,50,62,65,72,78,86,94,100
grid_eq,lpm2,388,6,11,20,24,29,33,35,41,56,69,72,76,81,85,89,97
grid_eq,lpm2,389,2,10,11,26,28,31,34,48,54,68,70,72,75,83,96,98
grid_eq,lpm2,390,6,13,20,27,32,34,43,48,58,61,70,74,76,83,88,99
grid_eq,lpm2,391,14,19,27,30,31,32,35,52,54,56,58,70,73,85,93,98
grid_eq,lpm2,392,5,10,23,27,32,44,46,49,51,65,67,73,79,81,85,100
grid_eq,lpm2,393,12,16,18,20,31,33,35,37,59,70,77,81,85,90,93,95
grid_eq,lpm2,394,6,9,11,25,36,41,42,49,58,60,64,66,73,79,81,96
grid_eq,lpm2,395,1,4,26,29,33,37,38,45,52,54,63,70,77,84,88,90
grid_eq,lpm2,396,4,7,22,27,29,31,35,47,52,56,80,82,85,87,90,92
grid_eq,lpm2,397,1,4,5,17,29,36,40,42,44,62,64,68,79,92,94,98
grid_eq,lpm2,398,7,13,22,24,28,36,49,52,54,58,69,72,75,77,93,99
grid_eq,lpm2,399,3,17,20,23,26,32,39,58,61,66,68,74,82,86,96,100
grid_eq,lpm2,400,1,6,9,25,32,34,37,40,49,53,67,78,79,92,95,98
grid_eq,lpm2,401,10,15,21,26,38,43,45,50,51,56,65,73,77,87,93,99
grid_eq,lpm2,402,2,18,19,25,27,31,45,49,51,54,58,72,78,89,93,97
grid_eq,lpm2,403,3,17,18,22,24,34,38,46,51,54,60,69,75,88,91,99
grid_eq,lpm2,404,12,17,20,25,33,39,41,58,63,65,68,71,76,83,88,94
grid_eq,lpm2,405,2,9,15,24,27,39,40,44,52,57,72,78,84,87,89,93
grid_eq,lpm2,406,6,10,12,15,19,33,36,41,47,50,59,62,64,78,81,96
grid_eq,lpm2,407,13,16,17,20,21,24,43,45,47,56,59,70,74,86,88,91
grid_eq,lpm2,408,2,18,20,31,33,38,46,50,63,67,70,72,74,78,81,95
grid_eq,lpm2,409,1,14,17,19,30,33,35,41,56,63,74,76,78,82,97,100
grid_eq,lpm2,410,13,15,27,29,34,42,45,56,58,59,61,72,89,94,96,100
grid_eq,lpm2,411,2,18,25,30,31,35,44,49,53,64,70,81,87,89,92,96
grid_eq,lpm2,412,1,10,13,17,29,32,34,49,57,61,63,64,83,87,94,97
grid_eq,lpm2,413,2,8,15,21,27,38,43,50,52,64,67,78,82,87,90,95
grid_eq,lpm2,414,2,7,25,36,38,43,50,52,53,70,74,78,86,91,93,100
grid_eq,lpm2,415,1,5,14,17,20,43,45,48,58,60,62,75,82,90,96,99
grid_eq,lpm2,416,4,9,20,22,25,35,43,47,49,56,61,76,78,80,84,91
grid_eq,lpm2,417,2,15,22,27,35,40,44,48,60,61,67,74,81,83,90,99
grid_eq,lpm2,418,7,11,23,30,34,41,47,53,55,58,60,64,82,94,98,99
grid_eq,lpm2,419,8,11,25,28,30,32,46,49,58,61,63,82,84,89,90,96
grid_eq,lpm2,420,10,13,17,21,33,36,38,50,51,54,66,69,72,84,98,100
grid_eq,lpm2,421,10,12,16,18,24,35,43,46,49,52,68,72,83,90,95,98
grid_eq,lpm2,422,16,17,21,24,29,42,47,52,55,68,77,79,81,90,92,94
grid_eq,lpm2,423,6,8,13,21,27,48,51,55,60,61,68,83,85,86,90,92
grid_eq,lpm2,424,12,13,15,19,27,42,45,52,56,59,64,68,83,90,95,98
grid_eq,lpm2,425,6,11,14,27,29,37,45,56,62,71,78,79,80,92,94,96
grid_eq,lpm2,426,1,16,18,20,23,43,47,51,55,68,69,74,77,82,89,95
grid_eq,lpm2,427,5,11,13,20,37,41,45,50,54,58,61,76,78,83,86,90
grid_eq,lpm2,428,1,2,4,8,13,30,38,43,49,50,62,64,66,77,93,95
grid_eq,lpm2,429,3,12,16,19,31,45,48,50,52,64,72,78,84,86,88,93
grid_eq,lpm2,430,2,9,15,23,28,42,48,54,60,66,69,71,83,88,95,100
grid_eq,lpm2,431,2,13,18,25,30,34,41,48,50,53,59,74,76,80,82,94
grid_eq,lpm2,432,3,6,9,27,29,41,43,50,56,58,61,63,79,81,85,90
grid_eq,lpm2,433,5,8,10,11,29,36,42,44,57,61,69,77,82,85,90,96
grid_eq,lpm2,434,2,3,8,16,35,38,41,43,60,65,67,71,76,90,92,95
grid_eq,lpm2,435,2,9,15,20,22,27,45,50,57,59,63,71,83,88,94,97
grid_eq,lpm2,436,4,9,18,21,23,35,37,39,41,52,55,68,75,79,88,94
grid_eq,lpm2,437,1,7,24,28,37,41,51,53,57,60,65,73,77,80,95,100
grid_eq,lpm2,438,2,6,11,20,25,29,54,60,64,68,71,77,85,92,96,99
grid_eq,lpm2,439,1,8,13,24,39,43,46,54,60,61,67,69,83,84,87,100
grid_eq,lpm2,440,3,7,21,25,29,35,47,62,65,68,70,72,75,78,93,96
grid_eq,lpm2,441,6,22,25,30,34,38,43,47,56,64,69,71,80,84,86,98
grid_eq,lpm2,442,10,17,21,25,30,34,42,48,50,53,69,76,83,88,91,98
grid_eq,lpm2,443,5,8,22,27,29,32,35,39,52,54,58,72,77,80,84,98
grid_eq,lpm2,444,3,4,10,12,28,39,40,44,52,55,56,69,74,76,93,98
grid_eq,lpm2,445,4,10,13,27,30,32,39,43,46,55,60,68,73,79,81,95
grid_eq,lpm2,446,5,8,20,22,33,39,46,57,62,64,73,80,87,89,93,96
grid_eq,lpm2,447,1,7,10,23,25,28,48,55,58,61,71,76,79,83,95,99
grid_eq,lpm2,448,3,6,24,27,30,32,49,53,57,65,69,74,86,92,99,100
grid_eq,lpm2,449,6,12,15,18,21,33,38,39,46,58,62,64,78,84,88,91
grid_eq,lpm2,450,6,12,19,21,26,34,38,40,53,55,61,70,75,77,81,98
grid_eq,lpm2,451,9,11,14,18,32,36,39,55,59,63,67,74,82,85,96,99
grid_eq,lpm2,452,1,8,13,15,20,27,42,48,60,63,64,71,76,80,92,96
grid_eq,lpm2,453,4,9,16,22,39,40,41,44,57,64,70,71,85,90,93,96
grid_eq,lpm2,454,7,12,15,20,31,34,49,54,57,61,65,69,70,74,77,93
grid_eq,lpm2,455,3,5,16,19,23,35,42,48,60,61,65,73,77,80,84,91
grid_eq,lpm2,456,5,9,18,22,26,29,33,44,62,67,70,72,75,77,84,89
grid_eq,lpm2,457,2,6,9,21,28,33,38,47,55,61,63,70,81,94,96,98
grid_eq,lpm2,458,7,13,16,19,24,43,44,48,60,62,68,76,83,87,89,94
grid_eq,lpm2,459,3,6,12,24,28,30,37,42,52,56,67,68,80,83,91,97
grid_eq,lpm2,460,8,12,14,17,21,33,39,44,46,64,68,73,86,89,94,97
grid_eq,lpm2,461,6,9,12,17,34,45,46,49,52,71,74,80,86,89,93,97
grid_eq,lpm2,462,5,8,10,21,24,35,37,52,62,66,68,70,82,84,96,100
grid_eq,lpm2,463,1,4,15,29,30,32,38,44,56,61,68,74,86,88,93,99
grid_eq,lpm2,464,7,9,22,24,26,30,37,44,57,62,75,79,83,84,86,98
grid_eq,lpm2,465,6,10,14,28,31,39,45,47,52,57,70,73,75,82,94,99
grid_eq,lpm2,466,11,17,23,25,31,38,40,44,47,64,67,70,72,84,93,100
grid_eq,lpm2,467,1,10,14,23,26,37,40,42,45,63,65,68,82,89,95,97
grid_eq,lpm2,468,13,15,20,26,29,35,41,45,46,57,59,62,64,87,94,100
grid_eq,lpm2,469,3,7,16,28,40,41,43,56,61,67,75,81,88,90,95,99
grid_eq,lpm2,470,12,16,27,32,35,36,39,44,52,59,60,66,72,85,93,97
grid_eq,lpm2,471,3,4,17,18,25,30,31,36,53,55,58,68,70,81,85,87
grid_eq,lpm2,472,7,11,19,24,42,47,49,62,64,73,77,86,89,91,94,97
grid_eq,lpm2,473,4,12,15,20,26,28,40,53,55,66,69,72,77,89,94,98
grid_eq,lpm2,474,1,7,15,19,22,33,36,45,49,54,57,72,76,89,94,95
grid_eq,lpm2,475,9,10,14,16,21,23,37,43,50,54,63,71,77,80,94,96
grid_eq,lpm2,476,6,12,14,17,28,30,42,46,51,58,60,74,77,85,89,94
grid_eq,lpm2,477,3,10,12,17,31,35,38,50,51,58,63,69,75,78,83,95
grid_eq,lpm2,478,2,11,15,16,27,33,35,38,49,55,63,70,77,81,88,94
grid_eq,lpm2,479,6,13,18,20,25,41,45,52,56,60,75,77,80,82,95,97
grid_eq,lpm2,480,9,11,14,22,25,34,39,54,59,61,67,69,81,87,88,94
grid_eq,lpm2,481,4,16,18,20,32,38,43,46,51,58,66,68,83,85,92,100
grid_eq,lpm2,482,2,7,10,26,33,40,48,52,55,58,63,76,91,93,97,99
grid_eq,lpm2,483,1,17,21,25,29,36,40,51,56,62,68,75,76,94,98,100
grid_eq,lpm2,484,7,9,15,22,26,33,38,44,45,51,60,63,77,91,97,100
grid_eq,lpm2,485,9,15,18,22,23,42,45,48,49,63,65,77,79,84,93,97
grid_eq,lpm2,486,4,6,23,27,30,36,40,41,44,51,55,57,77,79,82,98
grid_eq,lpm2,487,2,5,7,10,27,33,40,47,53,61,66,72,79,87,95,100
grid_eq,lpm2,488,2,4,20,27,32,35,48,50,51,67,78,80,83,84,87,92
grid_eq,lpm2,489,2,5,13,19,30,38,43,46,51,55,60,67,73,80,85,87
grid_eq,lpm2,490,2,4,10,17,21,43,46,48,52,55,60,77,90,91,94,96
grid_eq,lpm2,491,11,19,24,26,37,39,45,51,57,63,69,72,86,94,97,99
grid_eq,lpm2,492,3,9,11,16,28,33,35,39,54,57,62,67,83,93,96,99
grid_eq,lpm2,493,1,5,8,22,28,32,44,46,49,52,68,71,76,87,90,94
grid_eq,lpm2,494,3,10,18,21,24,28,41,45,48,59,61,75,76,88,92,98
grid_eq,lpm2,495,5,15,19,21,27,35,37,49,54,57,62,68,85,89,92,96
grid_eq,lpm2,496,2,4,18,21,26,33,40,42,47,54,71,74,79,80,86,92
grid_eq,lpm2,497,8,16,20,22,27,35,39,43,63,66,68,71,79,86,92,100
grid_eq,lpm2,498,5,9,11,24,30,37,41,54,58,72,74,76,81,90,94,98
grid_eq,lpm2,499,5,18,22,27,30,36,41,45,50,53,68,72,74,88,91,100
grid_eq,lpm2,500,8,14,16,22,32,39,44,47,51,59,65,80,82,85,89,96
grid_eq,lpm2,501,12,15,24,28,29,32,50,58,65,67,72,76,78,81,84,88
grid_eq,lpm2,502,10,13,15,17,34,36,43,51,58,60,65,66,73,86,89,95
grid_eq,lpm2,503,17,19,22,24,28,42,48,53,56,63,65,73,78,80,95,99
grid_eq,lpm2,504,4,12,17,18,38,43,51,58,61,64,67,75,78,80,87,93
grid_eq,lpm2,505,1,6,14,27,29,34,46,50,52,55,67,71,80,82,88,95
grid_eq,lpm2,506,2,4,7,16,29,31,36,51,53,56,60,64,79,83,88,99
grid_eq,lpm2,507,2,16,19,23,24,28,33,37,41,57,69,75,80,82,91,99
grid_eq,lpm2,508,2,25,27,32,36,40,45,59,65,66,70,71,74,95,98,100
grid_eq,lpm2,509,4,12,19,26,30,34,36,43,51,58,64,76,77,82,95,100
grid_eq,lpm2,510,1,17,23,26,30,39,42,47,60,62,65,71,77,91,96,99
grid_eq,lpm2,511,11,15,16,18,20,38,43,50,51,55,57,62,75,89,92,97
grid_eq,lpm2,512,4,7,21,25,33,38,47,50,51,56,57,61,65,73,94,100
grid_eq,lpm2,513,2,6,10,23,26,28,42,44,51,58,60,74,78,88,91,100
grid_eq,lpm2,514,12,15,17,18,21,28,36,52,57,60,64,71,82,86,88,98
grid_eq,lpm2,515,5,21,24,27,28,30,33,50,51,57,65,71,74,78,80,95
grid_eq,lpm2,516,4,8,13,16,20,31,42,48,63,65,69,77,85,91,93,99
grid_eq,lpm2,517,5,17,18,23,30,32,36,41,52,57,69,73,74,82,89,100
grid_eq,lpm2,518,2,5,10,13,16,28,33,39,45,47,71,75,80,84,88,96
grid_eq,lpm2,519,17,20,22,25,32,36,38,44,59,62,68,75,83,87,91,99
grid_eq,lpm2,520,3,17,23,30,36,38,41,44,56,64,70,71,73,87,89,95
grid_eq,lpm2,521,2,8,14,22,28,33,37,38,49,51,54,73,77,85,87,89
grid_eq,lpm2,522,5,18,20,21,24,32,35,48,55,60,64,69,87,90,92,94
grid_eq,lpm2,523,7,12,14,18,24,31,40,43,46,63,66,78,83,90,91,98
grid_eq,lpm2,524,2,6,8,22,31,33,37,40,57,60,72,75,79,87,91,95
grid_eq,lpm2,525,4,9,12,18,31,38,42,45,47,56,70,78,85,86,93,100
grid_eq,lpm2,526,10,14,17,22,26,35,42,49,53,55,58,76,82,88,90,96
grid_eq,lpm2,527,4,11,17,21,29,36,38,51,53,59,65,77,80,83,96,99
grid_eq,lpm2,528,3,6,21,25,28,37,39,42,45,58,64,77,79,92,95,96
grid_eq,lpm2,529,2,7,22,24,30,35,36,37,41,58,63,64,72,87,89,94
grid_eq,lpm2,530,3,15,18,20,34,40,42,45,48,63,64,69,71,96,98,100
grid_eq,lpm2,531,13,16,19,20,25,37,44,59,66,72,78,81,85,90,93,97
grid_eq,lpm2,532,6,9,13,22,24,30,37,43,51,54,58,70,76,82,95,98
grid_eq,lpm2,533,1,6,13,18,20,25,39,41,44,57,67,74,76,80,82,93
grid_eq,lpm2,534,12,13,15,17,20,34,37,48,52,53,57,60,67,82,84,88
grid_eq,lpm2,535,2,4,8,17,21,24,36,40,65,66,67,73,78,80,82,95
grid_eq,lpm2,536,8,12,16,21,24,41,54,56,68,70,74,76,79,82,92,99
grid_eq,lpm2,537,1,6,9,14,17,34,43,50,51,54,56,70,72,85,96,100
grid_eq,lpm2,538,11,13,16,20,24,36,38,43,57,69,75,80,83,91,94,98
grid_eq,lpm2,539,3,7,18,22,25,29,40,42,54,56,63,74,78,91,96,99
grid_eq,lpm2,540,4,18,23,26,30,31,37,39,42,44,63,68,76,79,81,97
grid_eq,lpm2,541,13,19,20,21,24,35,47,51,53,60,64,68,72,77,98,100
grid_eq,lpm2,542,1,4,17,30,33,36,38,59,62,64,68,80,85,87,92,99
grid_eq,lpm2,543,5,7,17,22,29,33,36,45,52,56,59,67,83,89,95,98
grid_eq,lpm2,544,8,21,23,25,26,29,32,44,49,58,63,75,83,95,97,100
grid_eq,lpm2,545,2,12,15,19,27,32,36,47,50,56,63,80,84,88,92,100
grid_eq,lpm2,546,1,5,18,20,31,33,35,37,63,66,71,83,85,86,90,98
grid_eq,lpm2,547,6,13,15,28,30,33,37,42,56,59,62,76,78,85,92,94
grid_eq,lpm2,548,4,17,20,21,24,33,37,40,41,58,70,74,83,94,97,99
grid_eq,lpm2,549,2,3,10,23,26,33,38,41,47,63,68,74,76,88,91,96
grid_eq,lpm2,550,4,7,10,11,15,37,39,41,46,57,64,73,80,81,86,92
grid_eq,lpm2,551,6,12,14,28,33,37,45,50,51,54,66,77,85,89,93,97
grid_eq,lpm2,552,11,13,18,29,35,37,43,46,56,59,62,64,76,79,82,98
grid_eq,lpm2,553,17,19,22,25,31,39,45,47,52,69,73,77,82,90,95,98
grid_eq,lpm2,554,2,8,22,27,30,33,35,62,67,68,70,72,76,89,93,95
grid_eq,lpm2,555,2,11,17,26,33,38,44,52,56,58,60,62,64,76,93,99
grid_eq,lpm2,556,11,14,19,23,27,30,38,51,57,63,71,76,78,84,89,96
grid_eq,lpm2,557,2,4,15,27,38,41,46,49,52,60,63,65,67,91,98,100
grid_eq,lpm2,558,1,7,19,27,32,35,47,49,54,59,61,68,73,77,85,94
grid_eq,lpm2,559,1,7,15,21,29,32,34,38,59,63,74,77,82,86,92,99
grid_eq,lpm2,560,1,18,20,25,26,41,48,57,60,61,64,85,90,92,96,99
grid_eq,lpm2,561,1,6,15,19,22,28,44,57,59,62,65,74,76,91,97,99
grid_eq,lpm2,562,13,19,25,27,34,37,39,41,53,57,65,77,82,89,94,96
grid_eq,lpm2,563,6,10,11,33,35,37,39,41,46,60,61,68,74,77,85,90
grid_eq,lpm2,564,2,9,13,16,30,33,41,45,49,62,69,78,81,85,90,95
grid_eq,lpm2,565,13,14,20,21,25,40,41,47,55,59,68,73,76,88,93,94
grid_eq,lpm2,566,3,11,18,26,36,40,44,53,58,64,79,80,81,83,87,95
grid_eq,lpm2,567,4,6,18,24,26,30,31,51,56,58,65,67,70,83,91,93
grid_eq,lpm2,568,1,4,11,27,29,36,39,41,54,62,68,76,83,89,91,97
grid_eq,lpm2,569,1,6,9,13,19,21,35,39,41,55,63,70,75,76,78,92
grid_eq,lpm2,570,3,7,9,15,18,21,33,45,48,66,71,78,80,83,93,96
grid_eq,lpm2,571,3,16,18,34,39,43,46,47,52,58,75,78,84,87,90,91
grid_eq,lpm2,572,11,17,18,22,24,39,45,48,53,66,70,72,75,79,91,100
grid_eq,lpm2,573,3,10,15,23,37,39,50,51,53,54,76,78,82,93,95,99
grid_eq,lpm2,574,1,6,8,22,32,35,39,53,58,63,69,74,81,90,93,98
grid_eq,lpm2,575,3,7,9,12,34,37,39,41,59,61,66,73,79,88,91,95
grid_eq,lpm2,576,12,16,20,22,32,34,37,55,57,62,79,82,85,88,97,100
grid_eq,lpm2,577,2,9,20,21,25,26,31,35,50,53,55,74,77,79,92,98
grid_eq,lpm2,578,8,11,13,15,17,35,50,51,54,58,68,72,87,92,94,99
grid_eq,lpm2,579,4,6,17,20,22,42,44,49,52,55,60,66,80,83,85,89
grid_eq,lpm2,580,1,8,15,20,23,36,39,45,51,65,67,71,79,83,97,98
grid_eq,lpm2,581,2,5,10,16,18,21,46,48,51,57,66,71,83,85,87,97
grid_eq,lpm2,582,3,6,14,20,27,40,42,44,53,56,69,72,76,85,91,100
grid_eq,lpm2,583,16,18,22,24,27,34,40,42,46,55,59,63,71,88,94,98
grid_eq,lpm2,584,5,6,29,30,31,36,39,43,56,61,68,73,75,80,87,92
grid_eq,lpm2,585,14,16,20,22,31,37,43,48,55,61,65,69,80,81,87,93
grid_eq,lpm2,586,3,7,11,23,24,27,30,41,47,60,62,65,76,78,85,92
grid_eq,lpm2,587,2,9,14,18,22,27,35,39,54,59,61,72,76,84,93,98
grid_eq,lpm2,588,5,8,9,12,23,38,43,46,49,54,63,71,78,82,94,98
grid_eq,lpm2,589,4,7,19,23,26,31,33,50,55,57,63,68,73,88,90,95
grid_eq,lpm2,590,4,9,21,24,28,39,41,53,60,64,66,71,73,76,84,90
grid_eq,lpm2,591,12,13,22,26,29,35,41,50,58,64,72,78,82,86,89,99
grid_eq,lpm2,592,1,5,9,25,31,36,40,48,60,61,73,76,83,85,88,95
grid_eq,lpm2,593,5,14,18,25,29,30,42,44,52,56,58,81,87,88,90,95
grid_eq,lpm2,594,2,5,10,24,28,35,38,50,56,62,73,74,77,80,89,91
grid_eq,lpm2,595,4,10,11,16,23,27,30,42,48,61,64,66,86,91,93,98
grid_eq,lpm2,596,6,9,18,24,33,36,39,41,52,54,59,67,74,77,91,98
grid_eq,lpm2,597,2,15,18,20,22,36,48,56,59,61,70,73,75,87,93,99
grid_eq,lpm2,598,2,10,14,21,34,36,40,42,47,48,55,68,81,83,86,98
grid_eq,lpm2,599,3,4,20,21,27,28,42,46,50,52,58,76,85,93,96,98
grid_eq,lpm2,600,8,13,14,30,38,42,45,52,54,59,68,73,75,79,87,91
grid_eq,lpm2,601,1,4,7,29,30,31,35,36,42,48,63,64,77,83,86,89
grid_eq,lpm2,602,9,12,14,15,18,38,41,45,60,62,66,69,72,88,91,94
grid_eq,lpm2,603,2,8,17,24,28,31,44,47,53,59,64,76,80,82,93,95
grid_eq,lpm2,604,4,10,15,18,21,23,29,47,55,61,77,80,82,92,94,97
grid_eq,lpm2,605,4,6,17,20,22,34,38,55,58,62,64,71,76,78,90,96
grid_eq,lpm2,606,1,7,13,24,30,35,42,52,54,58,67,70,73,86,91,96
grid_eq,lpm2,607,6,10,13,25,27,33,37,39,63,64,67,72,78,83,96,99
grid_eq,lpm2,608,1,5,10,17,26,34,39,43,53,55,58,67,71,80,82,96
grid_eq,lpm2,609,3,10,15,21,29,36,41,47,58,65,70,77,79,82,91,98
grid_eq,lpm2,610,7,11,14,26,39,40,41,45,57,63,70,76,83,84,87,100
grid_eq,lpm2,611,7,13,19,22,25,37,39,45,51,58,65,71,77,84,98,100
grid_eq,lpm2,612,2,22,26,29,30,33,42,46,48,57,65,68,70,91,96,99
grid_eq,lpm2,613,4,6,13,25,30,34,38,41,55,60,64,70,71,85,87,98
grid_eq,lpm2,614,3,15,17,28,33,41,46,47,49,56,61,83,86,89,91,98
grid_eq,lpm2,615,1,3,7,16,20,28,37,44,51,60,68,76,84,91,94,99
grid_eq,lpm2,616,3,6,17,19,32,35,49,52,57,60,65,71,74,79,87,93
grid_eq,lpm2,617,2,7,25,28,35,39,42,53,58,61,70,76,81,87,95,99
grid_eq,lpm2,618,1,5,13,19,27,39,41,43,44,48,56,67,80,82,84,99
grid_eq,lpm2,619,6,14,19,30,31,32,36,39,42,44,54,66,72,80,84,88
grid_eq,lpm2,620,7,11,20,23,25,39,42,44,48,56,69,71,85,92,97,99
grid_eq,lpm2,621,3,5,17,20,25,31,37,48,54,63,67,75,77,89,93,100
grid_eq,lpm2,622,2,14,17,22,28,39,40,42,46,53,55,69,76,81,88,93
grid_eq,lpm2,623,3,5,9,11,28,31,39,45,64,68,74,81,83,87,89,95
grid_eq,lpm2,624,1,6,9,15,27,39,43,44,52,58,72,78,80,94,96,98
grid_eq,lpm2,625,3,8,15,22,26,29,43,45,50,67,72,75,76,84,90,97
grid_eq,lpm2,626,6,8,11,13,26,31,38,46,58,65,68,73,77,91,94,100
grid_eq,lpm2,627,1,8,14,27,30,42,46,53,57,60,64,77,85,88,91,99
grid_eq,lpm2,628,6,8,12,25,32,37,39,45,61,63,67,70,77,84,93,98
grid_eq,lpm2,629,3,8,21,28,35,37,43,45,59,62,66,76,78,80,82,84
grid_eq,lpm2,630,3,7,16,21,25,40,41,44,48,59,64,68,80,82,94,96
grid_eq,lpm2,631,6,10,14,22,26,35,41,47,49,52,57,65,79,85,92,97
grid_eq,lpm2,632,2,10,11,17,25,28,37,52,59,63,66,71,77,92,95,99
grid_eq,lpm2,633,2,3,16,20,24,28,43,46,50,52,72,74,81,89,90,96
grid_eq,lpm2,634,1,5,20,25,28,42,44,46,58,62,70,75,77,94,95,100
grid_eq,lpm2,635,6,11,17,23,30,32,35,36,50,51,66,70,71,84,88,95
grid_eq,lpm2,636,13,16,20,21,24,28,36,48,51,55,68,70,73,81,84,86
grid_eq,lpm2,637,3,8,16,21,25,40,41,45,46,58,67,71,76,84,90,96
grid_eq,lpm2,638,3,11,12,26,29,46,49,52,54,60,68,72,76,78,93,98
grid_eq,lpm2,639,1,17,26,29,31,38,46,54,58,60,61,71,75,90,95,99
grid_eq,lpm2,640,3,7,9,25,34,42,47,50,57,62,65,78,86,93,94,100
grid_eq,lpm2,641,12,14,16,17,20,21,44,50,52,58,65,71,76,89,92,100
grid_eq,lpm2,642,15,16,19,21,23,35,40,48,55,61,64,70,78,82,94,97
grid_eq,lpm2,643,6,9,12,15,27,30,32,35,58,62,65,76,78,81,95,99
grid_eq,lpm2,644,7,15,20,31,37,43,46,51,54,60,67,72,78,82,84,96
grid_eq,lpm2,645,4,19,21,24,26,38,40,43,45,51,63,66,78,81,85,97
grid_eq,lpm2,646,3,8,11,26,33,39,46,48,52,63,67,82,85,87,94,99
grid_eq,lpm2,647,3,7,10,21,27,33,36,45,63,65,67,71,79,80,85,89
grid_eq,lpm2,648,1,10,18,22,29,35,43,46,56,58,62,66,70,78,81,84
grid_eq,lpm2,649,5,10,13,16,19,32,46,47,49,62,64,77,79,84,92,94
grid_eq,lpm2,650,2,14,16,19,22,39,44,46,53,57,59,61,79,85,86,93
grid_eq,lpm2,651,2,4,10,22,37,39,41,45,54,58,70,72,74,83,89,100
grid_eq,lpm2,652,3,10,17,19,23,31,35,37,52,57,65,68,74,83,96,98
grid_eq,lpm2,653,3,19,22,25,27,37,43,49,54,56,65,68,70,73,82,96
grid_eq,lpm2,654,9,11,15,29,31,33,46,48,60,63,64,71,73,78,80,96
grid_eq,lpm2,655,14,16,19,28,32,35,43,48,56,60,63,69,75,84,86,91
grid_eq,lpm2,656,4,10,26,32,35,39,46,50,53,58,66,81,86,88,92,99
grid_eq,lpm2,657,8,10,13,17,21,23,34,37,47,54,60,69,71,74,78,83
grid_eq,lpm2,658,3,5,18,25,29,43,46,50,51,58,65,67,80,86,93,100
grid_eq,lpm2,659,1,6,9,15,23,33,44,49,58,63,71,78,81,85,86,99
grid_eq,lpm2,660,5,12,18,24,29,32,34,49,51,68,70,71,73,79,84,96
grid_eq,lpm2,661,11,15,17,18,23,26,40,42,44,47,59,72,76,87,94,99
grid_eq,lpm2,662,4,7,13,20,25,29,37,41,54,62,70,77,78,81,85,98
grid_eq,lpm2,663,6,10,19,22,23,31,36,50,54,58,61,65,67,78,93,96
grid_eq,lpm2,664,1,4,18,23,27,45,48,51,55,56,70,73,74,79,81,96
grid_eq,lpm2,665,9,12,15,19,31,40,44,47,49,64,70,71,72,76,93,98
grid_eq,lpm2,666,13,15,17,28,39,41,44,46,60,66,73,75,78,90,91,96
grid_eq,lpm2,667,2,9,14,20,21,27,35,38,42,44,60,77,82,90,92,95
grid_eq,lpm2,668,3,15,18,23,30,33,38,51,53,56,63,69,75,89,92,97
grid_eq,lpm2,669,2,7,16,21,29,34,42,48,57,66,69,74,81,88,93,96
grid_eq,lpm2,670,13,15,18,22,33,36,45,60,63,64,68,82,86,89,92,98
grid_eq,lpm2,671,3,7,15,22,31,36,48,49,63,66,69,77,80,81,84,99
grid_eq,lpm2,672,2,11,18,19,24,27,35,38,42,64,67,69,71,72,85,100
grid_eq,lpm2,673,5,9,24,26,30,31,36,44,51,56,68,69,71,74,76,98
grid_eq,lpm2,674,2,6,18,22,26,29,43,47,50,62,65,79,83,85,93,97
grid_eq,lpm2,675,3,8,23,25,28,32,38,44,49,52,64,68,83,86,90,91
grid_eq,lpm2,676,2,14,26,29,33,40,46,58,60,62,66,74,82,87,89,93
grid_eq,lpm2,677,8,10,15,23,26,38,41,53,54,67,68,75,80,83,86,88
grid_eq,lpm2,678,2,6,15,21,28,30,33,39,45,57,59,66,82,94,97,100
grid_eq,lpm2,679,1,3,9,24,27,41,44,48,49,56,61,74,81,88,95,100
grid_eq,lpm2,680,12,15,18,19,26,32,34,46,50,57,63,84,87,89,91,96
grid_eq,lpm2,681,4,8,13,15,37,42,44,48,59,63,65,71,78,85,91,100
grid_eq,lpm2,682,4,10,12,17,31,33,37,40,54,58,63,70,77,91,93,98
grid_eq,lpm2,683,2,19,22,25,27,30,41,49,52,55,56,76,78,81,90,94
grid_eq,lpm2,684,2,10,25,26,28,34,49,53,55,69,70,75,82,87,91,94
grid_eq,lpm2,685,1,8,13,16,21,36,44,49,65,70,77,82,83,85,86,99
grid_eq,lpm2,686,10,13,15,22,26,34,38,47,50,61,70,73,84,87,93,99
grid_eq,lpm2,687,4,16,19,23,38,40,42,46,59,64,67,75,83,88,90,94
grid_eq,lpm2,688,2,8,15,19,22,35,39,41,53,56,70,72,89,95,96,100
grid_eq,lpm2,689,2,9,17,24,28,31,40,42,47,52,54,58,75,79,85,94
grid_eq,lpm2,690,9,12,13,25,36,39,42,45,47,51,53,60,77,82,85,89
grid_eq,lpm2,691,8,22,26,29,34,37,43,52,55,60,68,75,76,82,87,93
grid_eq,lpm2,692,3,5,12,17,36,42,45,47,50,52,55,68,70,93,95,99
grid_eq,lpm2,693,16,25,28,33,35,41,50,56,59,62,64,71,76,84,87,99
grid_eq,lpm2,694,3,9,19,25,34,37,41,50,54,58,63,65,80,81,85,88
grid_eq,lpm2,695,4,9,21,27,34,39,41,53,55,58,59,80,82,88,94,96
grid_eq,lpm2,696,6,7,13,20,31,33,47,56,58,60,64,76,78,89,92,95
grid_eq,lpm2,697,5,8,14,16,21,44,46,48,57,64,70,71,79,93,95,100
grid_eq,lpm2,698,4,10,16,22,24,28,46,51,53,60,67,68,72,75,88,92
grid_eq,lpm2,699,1,5,8,14,23,28,33,36,42,50,61,67,85,87,89,91
grid_eq,lpm2,700,4,18,20,21,26,34,47,51,60,66,71,77,78,80,82,85
grid_eq,lpm2,701,1,8,10,12,25,32,37,51,55,58,60,66,74,82,96,100
grid_eq,lpm2,702,2,17,19,21,23,26,35,44,48,61,70,74,78,86,92,100
grid_eq,lpm2,703,12,15,24,26,30,33,35,49,52,56,67,74,83,86,88,90
grid_eq,lpm2,704,1,7,10,13,31,37,48,50,55,57,63,66,80,82,96,100
grid_eq,lpm2,705,2,6,19,22,25,27,32,35,39,56,62,69,75,76,88,94
grid_eq,lpm2,706,1,9,21,27,30,33,34,46,49,53,64,66,70,73,87,91
grid_eq,lpm2,707,10,13,21,24,27,37,44,48,50,51,67,72,75,81,86,90
grid_eq,lpm2,708,5,9,16,21,24,37,43,50,51,57,70,74,81,84,87,89
grid_eq,lpm2,709,2,6,17,20,35,36,43,48,52,59,65,76,80,81,82,99
grid_eq,lpm2,710,5,13,16,18,21,30,43,46,50,54,58,62,82,84,89,97
grid_eq,lpm2,711,9,15,21,29,30,34,43,47,49,55,61,63,66,79,80,86
grid_eq,lpm2,712,2,4,6,8,17,32,43,45,48,65,70,72,77,83,88,95
grid_eq,lpm2,713,3,6,25,26,29,32,37,53,54,59,75,78,82,92,97,100
grid_eq,lpm2,714,3,5,11,27,40,43,45,48,53,58,61,76,81,88,95,100
grid_eq,lpm2,715,5,9,12,16,28,32,35,41,47,59,62,66,68,80,83,98
grid_eq,lpm2,716,4,16,19,21,40,43,45,47,60,62,66,67,75,89,93,94
grid_eq,lpm2,717,2,4,7,19,27,32,34,39,41,51,58,73,77,88,90,94
grid_eq,lpm2,718,6,11,13,18,26,32,38,47,53,60,61,69,75,76,91,97
grid_eq,lpm2,719,3,7,12,15,19,35,38,40,42,54,62,66,79,83,88,96
grid_eq,lpm2,720,6,12,14,27,30,34,39,47,51,53,59,66,73,75,92,96
grid_eq,lpm2,721,3,10,11,15,36,38,42,44,52,65,72,74,76,79,97,99
grid_eq,lpm2,722,2,10,17,19,21,26,45,47,49,54,62,70,71,76,96,98
grid_eq,lpm2,723,8,11,13,19,25,27,42,46,55,66,69,80,82,86,94,99
grid_eq,lpm2,724,1,4,16,20,24,42,46,47,53,55,59,66,82,85,87,90
grid_eq,lpm2,725,1,10,13,25,29,36,41,43,59,64,68,72,87,90,96,99
grid_eq,lpm2,726,1,17,18,23,24,37,42,50,55,69,71,74,80,86,91,96
grid_eq,lpm2,727,6,11,13,20,26,34,39,52,55,57,59,72,76,79,92,96
grid_eq,lpm2,728,2,13,15,17,19,31,38,45,61,64,68,79,80,85,92,97
grid_eq,lpm2,729,2,5,10,17,25,28,32,45,50,53,70,71,74,87,89,95
grid_eq,lpm2,730,2,4,8,29,32,41,46,47,58,61,67,74,76,82,90,97
grid_eq,lpm2,731,6,11,14,18,23,37,42,46,57,58,59,63,79,81,83,97
grid_eq,lpm2,732,1,14,17,21,34,36,38,50,55,62,66,78,81,84,87,100
grid_eq,lpm2,733,3,10,11,24,26,28,34,43,47,49,51,73,77,81,87,96
grid_eq,lpm2,734,3,5,18,22,27,37,40,52,56,67,70,72,75,83,87,99
grid_eq,lpm2,735,19,21,25,28,30,33,41,44,47,56,62,64,69,70,83,87
grid_eq,lpm2,736,8,12,23,27,29,43,46,50,63,65,76,80,82,89,93,95
grid_eq,lpm2,737,1,7,13,19,24,28,43,56,61,64,68,76,79,80,83,95
grid_eq,lpm2,738,4,10,13,18,22,30,34,43,51,58,67,70,73,75,94,99
grid_eq,lpm2,739,3,14,20,22,27,35,38,40,55,59,61,68,75,81,83,99
grid_eq,lpm2,740,1,6,8,23,24,28,30,55,56,63,71,77,84,93,98,100
grid_eq,lpm2,741,9,13,15,21,28,34,47,50,51,54,69,74,77,91,94,98
grid_eq,lpm2,742,9,15,23,26,35,39,44,48,54,63,69,72,87,89,93,100
grid_eq,lpm2,743,2,8,15,20,27,33,35,39,53,56,62,65,69,84,87,89
grid_eq,lpm2,744,6,11,13,18,29,34,38,45,53,56,59,71,73,76,80,88
grid_eq,lpm2,745,7,12,27,30,42,45,52,54,60,66,80,81,91,95,98,100
grid_eq,lpm2,746,1,7,14,29,30,32,37,44,57,65,69,70,77,82,86,93
grid_eq,lpm2,747,6,12,24,29,32,37,46,48,54,57,61,63,68,74,89,96
grid_eq,lpm2,748,1,6,15,25,30,32,36,43,56,58,61,69,70,75,87,93
grid_eq,lpm2,749,7,15,18,19,23,35,43,48,50,57,62,75,83,88,95,99
grid_eq,lpm2,750,5,20,23,26,29,32,48,51,55,58,60,64,79,82,85,96
grid_eq,lpm2,751,2,8,14,25,33,39,47,54,57,61,66,76,78,90,91,96
grid_eq,lpm2,752,2,6,15,29,31,33,38,49,56,62,64,76,81,84,87,98
grid_eq,lpm2,753,8,11,20,26,35,40,42,47,51,56,69,72,76,80,88,92
grid_eq,lpm2,754,2,6,10,11,36,39,53,57,61,65,72,80,85,88,94,96
grid_eq,lpm2,755,8,12,28,30,32,35,44,48,52,57,65,81,84,88,97,99
grid_eq,lpm2,756,1,3,6,17,29,38,42,54,57,66,80,81,85,86,88,91
grid_eq,lpm2,757,9,15,21,23,26,31,38,49,50,64,68,71,73,80,86,97
grid_eq,lpm2,758,12,15,19,34,38,42,50,53,56,58,72,74,80,87,94,98
grid_eq,lpm2,759,1,4,8,17,23,24,43,47,57,59,64,70,71,83,88,96
grid_eq,lpm2,760,2,8,24,27,33,37,39,44,47,52,62,64,84,90,92,99
grid_eq,lpm2,761,4,11,25,27,28,33,39,50,54,58,63,67,80,86,91,95
grid_eq,lpm2,762,3,9,14,16,21,27,38,44,46,51,59,64,81,84,88,89
grid_eq,lpm2,763,1,5,15,18,22,30,43,46,49,55,61,79,88,90,92,95
grid_eq,lpm2,764,1,5,17,23,25,28,40,47,51,56,63,68,76,82,87,89
grid_eq,lpm2,765,3,15,16,19,23,27,47,49,51,62,65,66,68,70,83,97
grid_eq,lpm2,766,2,4,6,27,28,34,42,50,52,56,73,75,78,86,97,100
grid_eq,lpm2,767,3,9,10,12,15,27,31,44,46,52,69,73,89,90,91,96
grid_eq,lpm2,768,3,13,17,19,34,37,42,52,58,66,74,75,79,82,95,98
grid_eq,lpm2,769,2,17,19,21,34,42,47,52,60,61,65,68,80,85,88,91
grid_eq,lpm2,770,12,15,17,19,31,33,36,39,45,61,69,75,76,83,94,98
grid_eq,lpm2,771,1,16,19,22,24,37,46,51,55,68,70,74,76,83,94,98
grid_eq,lpm2,772,4,7,10,12,18,35,47,53,60,67,72,78,79,84,93,95
grid_eq,lpm2,773,2,17,18,19,21,34,42,48,54,62,74,78,90,92,95,99
grid_eq,lpm2,774,7,11,15,26,29,38,40,42,51,65,67,72,80,84,91,95
grid_eq,lpm2,775,13,16,21,27,29,30,34,50,56,61,63,65,70,89,92,94
grid_eq,lpm2,776,13,15,18,21,38,40,43,52,61,65,67,69,73,86,89,94
grid_eq,lpm2,777,1,15,22,28,30,38,44,46,52,63,70,77,78,81,84,99
grid_eq,lpm2,778,3,7,23,25,29,33,37,48,50,51,62,65,67,93,98,100
grid_eq,lpm2,779,2,4,6,20,22,26,36,54,58,61,67,81,84,87,89,94
grid_eq,lpm2,780,13,15,18,21,27,42,47,49,53,56,61,68,84,86,89,99
grid_eq,lpm2,781,11,14,26,29,35,41,43,48,60,63,64,66,83,85,87,89
grid_eq,lpm2,782,8,12,15,19,32,34,39,43,48,65,68,72,80,85,93,98
grid_eq,lpm2,783,3,5,8,20,22,27,33,47,57,62,65,70,72,74,88,89
grid_eq,lpm2,784,3,8,21,26,28,33,40,48,52,54,56,67,72,75,87,93
grid_eq,lpm2,785,6,13,20,26,28,32,44,49,60,61,68,72,84,91,98,100
grid_eq,lpm2,786,12,15,19,23,30,31,46,55,58,60,67,71,73,74,80,97
grid_eq,lpm2,787,10,12,14,17,24,38,45,50,51,53,66,68,73,80,83,97
grid_eq,lpm2,788,3,11,17,18,26,34,42,48,54,56,60,63,77,89,91,95
grid_eq,lpm2,789,7,12,15,35,36,40,43,52,55,58,70,73,75,76,88,89
grid_eq,lpm2,790,3,4,6,9,25,31,36,49,56,60,63,64,73,75,76,89
grid_eq,lpm2,791,13,20,22,25,28,31,34,37,58,63,67,79,80,83,86,95
grid_eq,lpm2,792,7,13,14,28,35,41,44,49,57,62,69,73,76,84,90,99
grid_eq,lpm2,793,8,14,21,27,31,45,49,50,51,64,75,82,90,93,95,98
grid_eq,lpm2,794,2,10,14,31,36,43,44,50,53,56,58,72,85,86,90,92
grid_eq,lpm2,795,7,14,20,21,23,35,39,46,53,54,68,78,86,90,92,94
grid_eq,lpm2,796,2,5,19,21,24,26,34,38,49,51,61,66,79,82,84,90
grid_eq,lpm2,797,6,8,15,20,21,33,38,46,51,60,66,72,74,86,89,93
grid_eq,lpm2,798,8,19,20,21,23,34,37,50,53,66,68,74,81,86,90,99
grid_eq,lpm2,799,12,14,18,20,21,23,26,55,57,58,60,63,65,82,90,94
grid_eq,lpm2,800,9,12,15,17,24,31,36,49,51,54,63,78,80,82,96,98
grid_eq,lpm2,801,2,9,18,21,34,37,39,43,62,67,70,82,85,87,89,94
grid_eq,lpm2,802,2,4,16,20,27,31,34,36,57,60,62,71,85,87,92,98
grid_eq,lpm2,803,7,11,13,28,31,32,46,49,59,67,71,75,79,92,95,99
grid_eq,lpm2,804,6,11,15,18,19,32,34,53,57,62,64,68,69,80,81,85
grid_eq,lpm2,805,5,18,22,24,27,29,33,40,51,67,69,73,75,81,86,89
grid_eq,lpm2,806,2,7,22,25,29,39,43,45,50,61,67,70,71,85,86,97
grid_eq,lpm2,807,10,11,13,17,36,40,45,48,53,59,61,76,84,93,97,100
grid_eq,lpm2,808,1,8,15,20,26,32,33,38,49,62,66,67,78,83,84,94
grid_eq,lpm2,809,8,15,21,27,30,33,35,49,51,64,67,69,70,74,81,98
grid_eq,lpm2,810,3,4,10,28,31,33,34,48,53,56,67,75,79,86,93,98
grid_eq,lpm2,811,8,14,21,24,39,40,42,44,53,57,65,72,77,79,91,98
grid_eq,lpm2,812,7,12,30,32,37,41,44,45,50,65,66,78,82,92,97,100
grid_eq,lpm2,813,3,6,8,25,27,31,40,45,61,64,67,79,82,88,95,97
grid_eq,lpm2,814,9,12,16,17,25,32,45,49,62,65,67,70,72,85,89,98
grid_eq,lpm2,815,5,19,21,23,26,35,40,47,52,54,58,75,81,89,92,97
grid_eq,lpm2,816,5,13,18,25,28,33,35,41,49,53,59,75,79,84,92,94
grid_eq,lpm2,817,2,13,15,27,29,31,44,46,50,62,64,77,84,89,93,97
grid_eq,lpm2,818,3,7,12,20,23,24,49,51,58,67,70,75,86,89,92,96
grid_eq,lpm2,819,5,9,17,22,28,31,45,49,53,59,66,70,71,83,87,100
grid_eq,lpm2,820,8,15,17,20,21,24,36,50,52,56,71,74,79,86,91,98
grid_eq,lpm2,821,3,9,15,18,32,36,38,43,45,68,75,77,79,81,94,96
grid_eq,lpm2,822,4,10,16,18,21,33,35,37,48,53,59,75,77,92,95,98
grid_eq,lpm2,823,5,7,12,24,37,41,45,50,56,61,70,74,77,86,90,92
grid_eq,lpm2,824,2,9,18,21,25,34,39,42,46,48,64,68,72,79,83,98
grid_eq,lpm2,825,4,7,20,21,23,27,29,52,57,64,69,72,85,87,90,93
grid_eq,lpm2,826,8,11,13,15,28,32,39,47,55,58,63,66,78,81,87,94
grid_eq,lpm2,827,7,12,19,25,27,33,44,46,50,67,69,73,75,84,92,99
grid_eq,lpm2,828,1,5,7,10,27,32,34,49,56,64,66,69,82,86,93,100
grid_eq,lpm2,829,5,7,9,13,23,39,43,45,47,54,69,75,91,94,96,99
grid_eq,lpm2,830,13,15,18,19,39,42,44,46,50,51,59,65,77,92,98,100
grid_eq,lpm2,831,4,11,13,19,28,35,48,50,51,64,66,73,79,80,93,100
grid_eq,lpm2,832,6,9,14,23,25,30,31,47,53,55,60,73,76,81,98,100
grid_eq,lpm2,833,5,15,19,20,22,34,36,38,57,62,65,73,76,82,90,99
grid_eq,lpm2,834,5,22,26,29,33,38,40,46,51,54,67,73,79,84,87,90
grid_eq,lpm2,835,2,10,15,18,21,35,43,50,58,62,63,67,78,90,92,98
grid_eq,lpm2,836,3,6,8,19,21,24,46,50,53,57,65,79,82,84,88,92
grid_eq,lpm2,837,5,7,11,24,29,30,43,46,52,60,64,66,74,77,94,99
grid_eq,lpm2,838,3,17,19,20,24,32,36,42,49,54,58,66,74,88,90,96
grid_eq,lpm2,839,4,17,19,22,25,28,36,42,49,52,71,75,78,86,92,97
grid_eq,lpm2,840,2,10,14,23,27,29,45,48,51,53,60,65,82,85,87,99
grid_eq,lpm2,841,3,6,10,13,27,40,41,43,44,46,58,66,71,83,89,93
grid_eq,lpm2,842,3,15,17,22,29,32,37,49,55,57,61,69,73,83,96,99
grid_eq,lpm2,843,1,4,6,26,32,34,38,39,46,53,67,70,85,87,89,91
grid_eq,lpm2,844,4,12,27,29,32,36,45,48,58,62,69,71,77,91,95,97
grid_eq,lpm2,845,1,18,22,30,35,39,41,44,46,62,64,67,78,91,95,97
grid_eq,lpm2,846,6,14,19,22,28,33,47,60,62,68,71,74,78,92,95,100
grid_eq,lpm2,847,1,5,10,13,26,28,43,49,52,56,60,71,76,78,89,95
grid_eq,lpm2,848,6,12,20,27,35,36,39,41,53,57,70,78,84,86,91,96
grid_eq,lpm2,849,15,17,23,25,29,32,37,56,62,68,73,80,81,85,87,92
grid_eq,lpm2,850,3,7,10,23,25,38,43,51,57,59,75,76,79,82,91,99
grid_eq,lpm2,851,3,12,19,24,31,37,48,50,53,55,67,75,81,88,90,96
grid_eq,lpm2,852,1,5,8,31,34,48,49,53,62,64,68,70,84,87,92,98
grid_eq,lpm2,853,1,4,13,19,24,27,35,37,52,58,74,76,81,93,98,100
grid_eq,lpm2,854,11,13,17,19,27,28,43,56,63,64,70,81,83,86,87,95
grid_eq,lpm2,855,2,15,17,18,23,39,45,52,56,71,80,83,84,86,89,98
grid_eq,lpm2,856,6,19,22,26,33,35,41,48,50,55,71,76,82,84,90,99
grid_eq,lpm2,857,1,4,7,14,19,32,45,46,53,59,74,78,84,91,96,100
grid_eq,lpm2,858,11,14,23,26,28,37,39,42,45,54,68,72,87,91,97,99
grid_eq,lpm2,859,2,7,16,19,21,40,41,44,59,62,65,70,72,92,95,98
grid_eq,lpm2,860,1,8,20,24,26,31,37,52,54,56,69,78,85,86,91,93
grid_eq,lpm2,861,2,10,15,24,32,40,48,51,53,56,68,76,82,90,93,96
grid_eq,lpm2,862,4,8,17,32,41,43,46,48,52,54,58,59,67,82,90,94
grid_eq,lpm2,863,8,11,23,25,28,39,45,65,66,70,74,81,89,92,97,100
grid_eq,lpm2,864,11,14,17,28,31,34,46,48,50,51,58,65,74,86,92,99
grid_eq,lpm2,865,6,14,17,20,21,33,34,38,58,74,77,81,86,88,95,100
grid_eq,lpm2,866,3,7,11,16,30,37,45,50,53,61,64,67,78,80,91,96
grid_eq,lpm2,867,2,6,8,19,21,25,36,40,41,48,59,64,77,91,95,99
grid_eq,lpm2,868,2,8,16,24,38,42,44,51,58,60,65,72,77,85,90,92
grid_eq,lpm2,869,1,9,14,17,25,34,38,42,51,55,57,67,70,84,91,99
grid_eq,lpm2,870,2,6,20,21,25,38,40,45,55,58,62,71,73,87,97,100
grid_eq,lpm2,871,1,7,13,18,25,43,46,49,52,58,70,82,84,89,92,97
grid_eq,lpm2,872,2,5,21,23,27,40,46,47,51,58,63,67,79,85,93,98
grid_eq,lpm2,873,4,6,9,12,20,33,40,46,57,65,73,78,81,89,92,95
grid_eq,lpm2,874,9,11,13,15,27,35,39,41,50,57,62,65,82,87,89,97
grid_eq,lpm2,875,8,11,13,26,29,31,45,47,53,60,68,73,81,88,95,97
grid_eq,lpm2,876,3,11,15,20,28,39,41,44,60,62,64,68,76,81,94,99
grid_eq,lpm2,877,3,5,17,19,21,30,31,33,48,51,57,64,70,77,82,85
grid_eq,lpm2,878,3,5,7,28,31,36,40,44,49,51,66,71,73,78,93,99
grid_eq,lpm2,879,5,13,22,27,28,41,48,50,53,56,75,77,80,82,89,92
grid_eq,lpm2,880,5,12,18,22,25,40,42,51,55,58,75,77,79,83,86,91
grid_eq,lpm2,881,12,13,24,26,27,43,47,53,59,64,70,72,85,87,93,98
grid_eq,lpm2,882,2,6,15,20,26,38,42,44,50,56,64,72,79,82,87,95
grid_eq,lpm2,883,10,16,18,22,24,36,41,48,54,58,68,73,74,82,95,98
grid_eq,lpm2,884,8,11,16,22,24,39,40,46,51,57,59,62,74,87,89,93
grid_eq,lpm2,885,2,6,11,14,27,32,40,47,53,65,69,73,90,92,94,97
grid_eq,lpm2,886,2,5,9,14,17,39,43,45,47,55,62,81,84,90,96,98
grid_eq,lpm2,887,13,24,27,29,30,35,41,48,55,59,63,70,82,87,94,97
grid_eq,lpm2,888,2,6,14,18,23,30,43,48,51,55,69,75,77,88,90,93
grid_eq,lpm2,889,4,20,25,27,32,45,49,51,54,60,73,76,79,82,84,99
grid_eq,lpm2,890,5,6,8,11,32,38,45,52,67,70,72,76,85,90,92,98
grid_eq,lpm2,891,10,12,15,21,26,34,39,43,60,61,65,72,77,84,88,99
grid_eq,lpm2,892,6,13,19,22,26,35,39,43,63,66,70,71,77,79,93,97
grid_eq,lpm2,893,13,15,20,21,28,41,43,47,50,54,68,72,81,86,96,99
grid_eq,lpm2,894,5,11,13,18,27,32,35,48,54,60,71,80,84,94,96,98
grid_eq,lpm2,895,3,14,19,21,27,28,38,41,53,59,67,74,81,87,89,93
grid_eq,lpm2,896,6,13,21,28,30,41,46,50,52,56,72,75,83,87,90,96
grid_eq,lpm2,897,5,14,16,18,31,34,38,53,58,66,69,72,84,87,89,91
grid_eq,lpm2,898,1,12,17,19,25,35,41,44,50,55,67,70,74,82,96,100
grid_eq,lpm2,899,3,9,17,21,24,38,51,54,57,60,63,65,74,78,98,100
grid_eq,lpm2,900,1,9,16,22,39,43,45,47,57,62,65,68,79,83,96,98
grid_eq,lpm2,901,1,4,7,18,19,33,45,53,60,64,67,69,71,90,94,98
grid_eq,lpm2,902,7,8,12,15,33,39,40,53,64,66,72,86,89,90,91,95
grid_eq,lpm2,903,5,11,17,20,22,36,38,43,53,55,69,73,77,85,89,92
grid_eq,lpm2,904,6,12,17,28,33,35,37,50,53,58,64,71,75,94,97,100
grid_eq,lpm2,905,2,7,23,26,30,35,39,42,44,57,64,70,71,75,79,95
grid_eq,lpm2,906,1,12,18,25,37,42,44,48,57,63,65,71,76,79,95,99
grid_eq,lpm2,907,3,10,12,24,27,39,46,52,54,58,66,72,79,85,87,93
grid_eq,lpm2,908,3,6,9,22,26,32,35,39,50,63,66,68,71,85,89,94
grid_eq,lpm2,909,1,7,10,15,23,42,46,50,59,63,65,67,89,91,94,97
grid_eq,lpm2,910,6,9,13,24,27,34,41,47,49,60,61,65,76,81,84,89
grid_eq,lpm2,911,7,16,29,30,31,35,42,47,58,63,66,78,80,81,87,95
grid_eq,lpm2,912,3,11,14,17,20,29,33,42,48,64,68,73,77,88,94,100
grid_eq,lpm2,913,3,5,7,22,25,28,40,54,56,58,71,80,82,87,91,96
grid_eq,lpm2,914,2,3,14,16,19,36,38,43,51,63,69,70,74,77,82,86
grid_eq,lpm2,915,2,7,14,20,26,39,41,44,61,67,70,74,78,81,87,91
grid_eq,lpm2,916,14,18,23,26,35,40,47,57,59,61,71,75,88,92,95,100
grid_eq,lpm2,917,6,12,15,29,40,42,44,57,61,68,75,76,83,87,89,93
grid_eq,lpm2,918,3,5,9,22,28,42,47,48,53,69,70,71,76,88,91,96
grid_eq,lpm2,919,1,14,17,19,21,29,47,48,53,67,73,80,84,93,96,99
grid_eq,lpm2,920,12,16,18,23,24,36,39,50,53,67,69,74,82,88,90,94
grid_eq,lpm2,921,4,7,11,23,30,32,35,38,51,55,59,62,67,77,95,100
grid_eq,lpm2,922,12,17,25,30,31,44,47,50,51,54,66,69,81,86,89,93
grid_eq,lpm2,923,4,16,22,30,33,35,39,54,56,59,60,61,79,83,87,94
grid_eq,lpm2,924,7,10,13,14,33,40,41,47,53,67,72,74,80,81,88,99
grid_eq,lpm2,925,1,4,12,16,30,34,36,53,59,61,66,75,78,80,83,99
grid_eq,lpm2,926,2,8,11,20,27,34,38,42,45,54,59,62,76,85,88,92
grid_eq,lpm2,927,4,9,13,28,32,39,44,45,48,55,62,68,72,78,86,89
grid_eq,lpm2,928,2,8,13,26,30,32,34,49,59,64,72,76,78,85,92,98
grid_eq,lpm2,929,10,11,14,24,26,29,43,56,60,61,69,74,81,86,88,92
grid_eq,lpm2,930,12,19,20,25,26,34,41,47,52,55,78,79,80,81,84,97
grid_eq,lpm2,931,1,7,9,25,27,34,37,40,51,55,69,72,85,87,94,100
grid_eq,lpm2,932,3,17,21,26,29,37,40,41,45,60,63,65,68,76,92,99
grid_eq,lpm2,933,4,10,23,26,29,35,47,51,53,55,57,79,82,84,87,90
grid_eq,lpm2,934,18,19,23,26,31,33,46,47,50,62,65,72,75,79,92,98
grid_eq,lpm2,935,2,6,9,22,34,37,40,48,52,64,67,72,80,85,88,94
grid_eq,lpm2,936,12,13,15,28,34,39,42,45,56,70,71,81,85,88,96,100
grid_eq,lpm2,937,4,9,12,15,28,37,43,49,51,56,59,72,86,88,91,98
grid_eq,lpm2,938,7,15,16,21,29,33,36,45,57,60,63,65,77,81,88,96
grid_eq,lpm2,939,2,7,14,18,35,37,41,48,54,60,63,68,83,88,96,100
grid_eq,lpm2,940,1,4,16,20,25,33,41,47,60,65,67,69,72,91,93,97
grid_eq,lpm2,941,7,11,12,19,25,26,32,49,51,58,65,81,87,92,94,99
grid_eq,lpm2,942,1,17,18,20,33,35,46,53,58,60,61,74,77,78,92,95
grid_eq,lpm2,943,1,7,14,32,33,35,46,51,55,59,68,82,84,88,91,97
grid_eq,lpm2,944,2,5,17,28,31,47,49,52,55,57,60,64,82,87,88,95
grid_eq,lpm2,945,5,9,22,27,30,42,49,50,56,61,63,64,72,77,86,100
grid_eq,lpm2,946,4,6,12,19,24,26,38,42,52,58,62,70,75,85,90,91
grid_eq,lpm2,947,4,9,12,17,32,33,39,40,45,47,55,61,80,83,87,93
grid_eq,lpm2,948,7,11,14,19,22,36,38,40,45,61,64,70,72,78,86,93
grid_eq,lpm2,949,5,13,17,21,29,32,45,47,49,53,66,69,72,86,89,92
grid_eq,lpm2,950,8,14,17,20,21,32,37,40,54,57,63,80,86,89,92,95
grid_eq,lpm2,951,2,8,15,27,34,41,47,50,52,54,69,70,77,82,84,98
grid_eq,lpm2,952,9,13,14,26,28,29,31,46,50,52,59,63,71,78,84,97
grid_eq,lpm2,953,3,21,25,28,30,36,49,51,54,57,61,78,81,86,94,97
grid_eq,lpm2,954,11,13,15,20,26,36,39,50,51,57,74,79,80,83,88,94
grid_eq,lpm2,955,2,5,10,24,26,32,37,49,54,58,62,69,75,82,93,98
grid_eq,lpm2,956,2,7,10,15,18,23,36,57,60,61,63,65,69,75,84,97
grid_eq,lpm2,957,1,10,22,25,27,36,42,48,62,67,69,75,91,94,98,100
grid_eq,lpm2,958,8,10,17,21,32,34,37,51,55,60,74,76,80,85,91,97
grid_eq,lpm2,959,3,8,11,22,25,29,44,48,49,56,60,83,85,88,91,97
grid_eq,lpm2,960,4,8,16,22,29,42,45,51,60,62,64,67,78,85,91,98
grid_eq,lpm2,961,1,5,13,20,26,35,38,47,54,62,68,73,75,79,88,95
grid_eq,lpm2,962,2,6,9,21,27,35,43,50,57,61,64,68,75,78,82,83
grid_eq,lpm2,963,12,16,17,20,22,42,44,46,58,60,79,81,84,86,90,92
grid_eq,lpm2,964,4,9,12,26,28,31,50,52,54,66,68,72,84,89,91,96
grid_eq,lpm2,965,4,13,16,20,22,35,47,55,57,59,71,74,80,86,94,99
grid_eq,lpm2,966,4,8,12,19,32,35,46,49,51,64,69,83,88,94,97,98
grid_eq,lpm2,967,8,12,16,22,30,36,44,53,56,60,76,81,82,88,89,93
grid_eq,lpm2,968,6,13,17,19,20,31,42,45,56,59,61,68,73,79,82,95
grid_eq,lpm2,969,3,18,24,31,36,44,47,50,54,59,71,79,83,85,87,93
grid_eq,lpm2,970,3,17,25,28,33,37,42,50,56,68,73,77,81,90,93,98
grid_eq,lpm2,971,5,9,21,22,24,30,33,38,55,62,64,69,78,82,87,91
grid_eq,lpm2,972,8,16,22,25,31,34,45,48,63,69,74,77,81,88,90,93
grid_eq,lpm2,973,3,6,18,24,26,31,39,40,45,57,63,64,75,79,87,93
grid_eq,lpm2,974,5,10,11,22,28,34,39,46,54,58,60,61,82,84,88,96
grid_eq,lpm2,975,6,11,14,24,27,28,42,44,55,60,68,71,85,92,94,98
grid_eq,lpm2,976,3,7,9,12,14,30,41,43,45,58,64,69,72,87,94,100
grid_eq,lpm2,977,1,4,7,15,19,36,50,51,53,56,58,82,84,86,88,100
grid_eq,lpm2,978,7,11,14,16,29,42,47,56,59,63,73,75,81,88,93,99
grid_eq,lpm2,979,9,13,15,30,31,33,35,39,52,61,75,77,80,83,85,88
grid_eq,lpm2,980,12,18,25,27,31,36,39,42,61,66,70,75,82,88,91,95
grid_eq,lpm2,981,5,13,17,30,43,44,48,55,60,66,73,78,81,85,97,100
grid_eq,lpm2,982,14,23,27,34,40,41,46,53,57,59,62,79,81,86,90,94
grid_eq,lpm2,983,13,17,20,24,32,35,37,53,57,59,70,72,73,86,91,96
grid_eq,lpm2,984,3,8,11,15,34,37,40,42,56,61,63,70,78,83,96,99
grid_eq,lpm2,985,5,13,16,22,28,31,34,36,40,56,63,72,82,87,90,97
grid_eq,lpm2,986,6,10,11,15,22,38,44,50,57,61,64,70,76,82,89,93
grid_eq,lpm2,987,3,9,11,25,26,29,33,35,47,50,65,68,71,92,94,96
grid_eq,lpm2,988,4,7,9,16,21,30,32,45,58,59,63,64,72,92,96,98
grid_eq,lpm2,989,10,12,13,15,19,27,34,48,51,56,73,78,85,90,93,97
grid_eq,lpm2,990,5,7,11,22,30,35,49,51,56,64,68,70,71,76,86,99
grid_eq,lpm2,991,2,14,16,19,21,27,40,44,49,52,64,67,80,81,85,95
grid_eq,lpm2,992,1,7,14,27,35,36,38,41,52,57,72,74,80,88,93,97
grid_eq,lpm2,993,1,3,8,20,25,27,39,42,46,54,61,67,75,80,82,97
grid_eq,lpm2,994,2,5,9,16,25,39,41,46,50,53,65,67,71,82,88,95
grid_eq,lpm2,995,1,9,15,17,23,35,36,38,52,69,71,74,76,91,96,100
grid_eq,lpm2,996,3,5,16,18,20,23,41,49,53,55,57,83,85,89,96,98
grid_eq,lpm2,997,5,8,12,14,26,30,41,46,48,55,71,77,79,82,91,95
grid_eq,lpm2,998,1,4,16,25,30,36,42,50,61,63,66,68,80,82,96,99
grid_eq,lpm2,999,3,8,9,16,31,40,43,45,47,52,59,83,85,87,91,98
grid_eq,lpm2,1000,2,4,7,19,28,33,34,46,61,67,76,78,83,91,94,98
grid_eq,lpm2,1001,8,12,14,16,21,29,41,44,47,49,65,73,85,91,98,100
grid_eq,lpm2,1002,11,15,17,23,30,35,41,43,49,65,69,70,73,81,85,90
grid_eq,lpm2,1003,5,7,13,19,21,37,44,52,55,59,68,73,76,90,92,95
grid_eq,lpm2,1004,5,9,21,23,26,33,47,50,52,55,60,69,82,85,95,98
grid_eq,lpm2,1005,3,19,21,24,28,40,42,46,60,61,67,73,75,80,94,97
grid_eq,lpm2,1006,2,15,18,19,22,26,42,43,48,64,77,79,82,84,96,98
grid_eq,lpm2,1007,1,15,17,19,23,37,40,42,45,71,75,76,78,80,82,99
grid_eq,lpm2,1008,14,16,21,28,33,44,48,58,62,66,70,75,78,82,92,100
grid_eq,lpm2,1009,2,6,23,24,29,43,46,52,55,59,68,85,87,89,93,99
grid_eq,lpm2,1010,2,5,19,22,25,31,33,40,48,56,61,70,83,88,94,97
grid_eq,lpm2,1011,3,7,12,24,28,32,37,43,52,58,64,66,80,91,96,100
grid_eq,lpm2,1012,6,9,11,23,27,39,44,46,50,57,61,65,80,85,91,93
grid_eq,lpm2,1013,1,3,18,19,22,26,34,39,54,57,61,74,82,85,90,97
grid_eq,lpm2,1014,6,9,11,17,43,47,49,54,61,67,69,70,75,91,96,99
grid_eq,lpm2,1015,1,15,18,27,31,33,40,46,52,55,63,67,78,82,90,94
grid_eq,lpm2,1016,1,14,18,27,32,34,39,40,46,62,65,67,76,81,90,92
grid_eq,lpm2,1017,2,4,9,23,28,34,37,40,42,66,70,74,83,91,96,99
grid_eq,lpm2,1018,4,16,19,20,22,28,41,46,48,53,69,74,76,79,82,99
grid_eq,lpm2,1019,4,7,9,13,33,38,41,44,47,60,63,66,83,84,87,89
grid_eq,lpm2,1020,9,14,21,25,28,39,41,46,61,63,65,69,82,87,90,97
grid_eq,lpm2,1021,5,18,19,23,24,49,51,53,59,67,75,77,88,91,93,99
grid_eq,lpm2,1022,5,9,22,28,30,31,37,45,61,65,66,72,79,80,82,87
grid_eq,lpm2,1023,3,4,17,24,30,32,36,45,47,52,59,61,76,79,92,98
grid_eq,lpm2,1024,2,10,24,26,33,39,47,50,52,63,66,69,77,91,94,97
grid_eq,lpm2,1025,4,8,20,23,26,33,37,45,51,62,66,70,71,74,77,85
grid_eq,lpm2,1026,4,6,12,20,24,27,32,50,55,64,68,76,81,89,94,96
grid_eq,lpm2,1027,6,12,13,19,26,33,42,48,55,60,67,73,76,79,92,94
grid_eq,lpm2,1028,4,11,18,19,25,37,41,44,50,52,67,69,71,84,90,98
grid_eq,lpm2,1029,4,10,22,25,38,42,45,50,51,54,58,81,85,87,96,99
grid_eq,lpm2,1030,2,4,17,18,21,29,35,46,49,52,66,71,73,79,84,98
grid_eq,lpm2,1031,3,6,23,27,32,39,40,46,54,56,76,79,83,91,96,99
grid_eq,lpm2,1032,4,9,17,21,30,31,38,46,56,59,70,73,75,89,92,94
grid_eq,lpm2,1033,2,6,14,19,38,43,46,49,51,58,63,65,72,76,92,99
grid_eq,lpm2,1034,5,19,21,24,26,33,37,39,52,54,68,78,90,93,95,98
grid_eq,lpm2,1035,1,4,19,25,28,42,45,50,52,57,65,72,77,80,82,94
grid_eq,lpm2,1036,3,6,25,30,33,36,39,41,55,59,61,70,78,84,92,95
grid_eq,lpm2,1037,1,13,17,19,25,44,47,49,51,54,74,79,86,91,96,100
grid_eq,lpm2,1038,2,5,12,20,27,28,42,52,59,62,65,77,85,93,96,100
grid_eq,lpm2,1039,15,20,22,23,29,36,41,52,54,56,58,63,75,88,94,100
grid_eq,lpm2,1040,11,15,18,24,26,45,46,49,51,65,74,76,80,87,89,94
grid_eq,lpm2,1041,5,18,21,27,36,38,42,50,61,63,65,67,69,82,95,97
grid_eq,lpm2,1042,3,10,11,12,16,18,35,50,61,65,68,70,77,83,85,94
grid_eq,lpm2,1043,4,7,12,18,25,31,37,50,51,66,68,73,74,77,88,95
grid_eq,lpm2,1044,1,15,23,27,30,37,41,45,56,59,73,81,84,88,95,99
grid_eq,lpm2,1045,2,12,15,16,19,35,49,52,55,69,72,83,84,87,89,100
grid_eq,lpm2,1046,3,14,16,21,26,28,31,39,45,57,66,71,73,79,95,99
grid_eq,lpm2,1047,4,20,27,31,34,36,43,49,54,59,61,73,81,85,89,97
grid_eq,lpm2,1048,10,12,16,25,34,41,47,50,55,69,72,74,81,87,95,98
grid_eq,lpm2,1049,2,6,10,23,26,41,46,57,62,64,69,76,88,90,92,96
grid_eq,lpm2,1050,10,15,18,23,27,40,46,58,63,64,66,69,83,85,91,98
grid_eq,lpm2,1051,5,18,21,22,26,29,47,55,60,63,67,76,78,83,85,100
grid_eq,lpm2,1052,2,4,17,31,33,36,40,49,57,62,64,78,81,85,90,95
grid_eq,lpm2,1053,4,7,8,13,27,32,35,50,56,62,65,83,84,86,88,99
grid_eq,lpm2,1054,2,16,17,20,22,39,42,46,55,58,63,72,75,80,83,86
grid_eq,lpm2,1055,1,8,15,20,28,35,37,42,53,60,61,74,76,87,89,91
grid_eq,lpm2,1056,2,9,13,25,29,38,43,52,55,58,73,77,81,87,89,95
grid_eq,lpm2,1057,1,10,13,15,28,33,35,41,49,64,67,80,81,85,87,100
grid_eq,lpm2,1058,1,16,18,22,38,44,47,50,62,64,66,80,82,83,89,95
grid_eq,lpm2,1059,5,7,9,11,22,28,32,36,41,64,67,70,90,92,94,99
grid_eq,lpm2,1060,9,11,14,27,28,31,32,35,54,56,59,71,75,78,90,97
grid_eq,lpm2,1061,6,11,22,24,28,36,40,48,54,58,71,77,83,85,89,94
grid_eq,lpm2,1062,11,13,14,19,37,42,45,50,54,57,72,80,82,85,87,97
grid_eq,lpm2,1063,13,16,17,22,37,40,41,44,53,59,67,82,90,92,94,97
grid_eq,lpm2,1064,1,6,13,20,25,28,35,42,48,53,57,60,77,85,91,97
grid_eq,lpm2,1065,8,10,15,23,24,37,48,51,57,68,73,75,90,92,93,97
grid_eq,lpm2,1066,1,5,9,25,33,37,39,52,54,60,66,71,79,80,86,95
grid_eq,lpm2,1067,10,15,18,22,31,35,39,46,47,63,69,71,74,78,95,97
grid_eq,lpm2,1068,3,9,12,15,21,34,37,39,53,55,66,79,83,86,90,91
grid_eq,lpm2,1069,2,5,10,19,27,31,43,50,54,56,63,68,69,71,93,96
grid_eq,lpm2,1070,3,5,18,20,24,26,37,43,54,60,67,71,78,83,95,98
grid_eq,lpm2,1071,4,6,8,11,20,43,44,46,48,51,78,80,86,92,96,99
grid_eq,lpm2,1072,16,18,22,33,47,51,58,60,63,65,69,73,88,92,94,100
grid_eq,lpm2,1073,9,12,15,18,31,40,48,53,57,61,65,75,87,90,92,95
grid_eq,lpm2,1074,7,8,14,23,35,40,44,47,60,61,65,79,81,84,88,98
grid_eq,lpm2,1075,2,6,9,24,32,38,46,52,57,69,72,74,89,91,96,100
grid_eq,lpm2,1076,4,11,20,22,25,45,48,51,54,59,63,75,79,80,82,99
grid_eq,lpm2,1077,5,13,18,33,37,40,44,48,52,63,68,80,81,85,86,98
grid_eq,lpm2,1078,6,8,12,29,30,32,35,37,51,59,68,71,85,87,92,100
grid_eq,lpm2,1079,10,11,15,17,19,33,50,51,55,56,58,71,74,90,93,99
grid_eq,lpm2,1080,3,11,17,28,30,31,34,43,47,61,66,70,85,86,87,93
grid_eq,lpm2,1081,3,5,11,19,20,31,36,39,53,66,75,77,81,84,90,97
grid_eq,lpm2,1082,1,6,12,19,32,34,39,47,54,59,62,67,71,79,94,97
grid_eq,lpm2,1083,1,5,10,22,25,28,38,47,53,55,65,68,72,79,81,96
grid_eq,lpm2,1084,3,7,14,21,25,33,39,48,61,65,67,69,81,85,92,97
grid_eq,lpm2,1085,4,6,12,21,29,37,41,50,55,62,67,78,80,81,86,95
grid_eq,lpm2,1086,6,10,14,24,27,32,39,46,52,55,70,71,75,87,89,94
grid_eq,lpm2,1087,1,6,12,20,25,29,38,53,55,60,65,77,84,90,91,96
grid_eq,lpm2,1088,4,11,17,25,29,38,43,60,63,68,71,73,77,84,90,94
grid_eq,lpm2,1089,3,10,19,21,25,38,43,45,49,53,55,70,75,90,92,95
grid_eq,lpm2,1090,12,15,17,18,30,38,41,42,44,50,64,68,83,85,97,100
grid_eq,lpm2,1091,5,19,23,33,37,40,41,45,48,57,65,73,76,82,88,100
grid_eq,lpm2,1092,6,14,19,21,23,27,49,53,63,73,76,79,80,91,93,97
grid_eq,lpm2,1093,8,12,20,26,38,42,44,46,52,59,64,67,80,91,94,96
grid_eq,lpm2,1094,7,15,20,22,27,38,39,41,44,57,62,81,85,88,89,96
grid_eq,lpm2,1095,3,6,9,21,34,36,41,49,53,57,64,69,82,88,94,100
grid_eq,lpm2,1096,5,6,11,19,23,27,37,43,45,46,61,69,74,88,93,99
grid_eq,lpm2,1097,13,14,17,21,30,38,39,45,51,62,64,70,73,78,85,98
grid_eq,lpm2,1098,2,5,6,22,27,30,50,53,57,65,70,71,84,89,92,99
grid_eq,lpm2,1099,3,6,21,24,27,40,43,47,57,64,73,78,83,86,92,100
grid_eq,lpm2,1100,1,17,18,20,24,26,37,41,49,56,63,75,81,84,88,90
grid_eq,lpm2,1101,14,16,19,22,32,35,38,40,52,62,68,70,75,76,93,96
grid_eq,lpm2,1102,2,6,10,18,22,32,34,45,48,51,67,72,80,81,83,98
grid_eq,lpm2,1103,3,10,17,22,24,38,46,51,53,54,68,73,88,90,92,95
grid_eq,lpm2,1104,1,7,13,20,34,42,46,49,53,54,67,72,73,80,89,95
grid_eq,lpm2,1105,4,7,21,23,26,29,41,44,46,57,58,62,70,73,78,97
grid_eq,lpm2,1106,9,13,14,22,28,36,43,47,50,55,63,76,88,91,95,99
grid_eq,lpm2,1107,1,15,19,23,25,27,38,41,54,67,71,74,82,86,89,100
grid_eq,lpm2,1108,2,4,6,18,21,30,33,49,60,64,67,76,83,88,89,91
grid_eq,lpm2,1109,3,5,12,16,30,33,35,46,54,60,62,69,82,87,96,100
grid_eq,lpm2,1110,2,9,15,17,28,33,38,51,53,55,58,66,89,91,94,98
grid_eq,lpm2,1111,5,9,11,23,28,32,36,40,48,51,65,70,76,82,85,96
grid_eq,lpm2,1112,3,7,25,30,31,33,37,48,53,66,70,72,79,82,85,88
grid_eq,lpm2,1113,5,11,17,24,28,33,39,46,51,56,62,68,70,81,87,94
grid_eq,lpm2,1114,9,11,15,27,29,31,38,49,51,57,61,67,72,74,79,86
grid_eq,lpm2,1115,2,6,9,15,24,33,41,47,60,63,66,75,79,84,97,99
grid_eq,lpm2,1116,6,8,11,14,33,37,44,49,61,74,76,78,80,84,92,99
grid_eq,lpm2,1117,7,12,15,19,23,28,43,45,46,52,59,67,74,81,94,98
grid_eq,lpm2,1118,8,16,21,24,32,45,47,50,62,64,68,70,73,82,86,98
grid_eq,lpm2,1119,6,7,15,20,21,35,37,42,50,56,64,68,72,81,95,98
grid_eq,lpm2,1120,1,7,9,22,29,33,41,45,48,59,61,75,77,91,96,100
grid_eq,lpm2,1121,6,12,18,22,26,37,44,56,62,69,78,81,83,85,90,96
grid_eq,lpm2,1122,2,19,25,27,31,43,48,51,57,60,65,68,76,83,87,92
grid_eq,lpm2,1123,4,17,18,21,35,42,47,51,57,59,63,84,89,92,95,97
grid_eq,lpm2,1124,5,9,11,17,32,34,39,46,57,63,66,70,81,85,96,99
grid_eq,lpm2,1125,3,11,15,20,28,43,45,55,58,69,71,74,78,81,95,99
grid_eq,lpm2,1126,3,5,18,31,36,38,40,45,51,55,57,62,78,85,92,100
grid_eq,lpm2,1127,4,7,9,21,26,35,43,49,54,56,61,84,87,90,93,100
grid_eq,lpm2,1128,2,5,9,20,21,26,36,42,49,65,72,74,77,79,93,99
grid_eq,lpm2,1129,3,8,15,20,21,26,29,48,52,55,58,70,76,78,81,94
grid_eq,lpm2,1130,6,12,19,23,36,42,43,48,62,66,68,71,80,82,84,88
grid_eq,lpm2,1131,3,5,16,32,34,39,45,47,50,61,63,68,76,80,81,96
grid_eq,lpm2,1132,2,14,27,28,33,34,47,53,55,69,70,71,82,84,97,99
grid_eq,lpm2,1133,3,17,23,29,32,33,36,56,58,60,71,75,77,78,81,98
grid_eq,lpm2,1134,13,14,17,25,32,43,47,50,51,55,59,70,75,81,94,99
grid_eq,lpm2,1135,2,6,19,23,33,36,39,40,54,57,62,68,73,86,91,98
grid_eq,lpm2,1136,8,11,14,19,27,44,49,51,53,64,68,71,80,85,92,98
grid_eq,lpm2,1137,5,12,14,17,29,45,48,51,53,67,70,74,79,81,85,92
grid_eq,lpm2,1138,1,6,10,24,33,42,46,49,60,61,67,69,75,82,95,98
grid_eq,lpm2,1139,1,5,18,24,37,40,42,45,49,56,61,69,76,88,92,94
grid_eq,lpm2,1140,4,13,19,22,26,33,49,51,58,66,70,74,78,81,86,93
grid_eq,lpm2,1141,2,16,20,23,32,38,46,51,54,70,74,79,85,86,92,99
grid_eq,lpm2,1142,5,11,15,19,26,32,40,47,56,64,67,70,74,86,94,96
grid_eq,lpm2,1143,3,9,17,21,23,26,35,41,49,53,57,69,73,82,90,97
grid_eq,lpm2,1144,5,6,9,21,24,44,46,50,51,65,68,74,82,89,94,100
grid_eq,lpm2,1145,4,8,13,19,24,38,42,51,55,57,59,74,81,87,90,93
grid_eq,lpm2,1146,2,5,9,24,29,38,41,46,52,65,67,70,73,82,97,100
grid_eq,lpm2,1147,3,8,11,15,24,27,45,50,54,57,65,79,82,92,94,99
grid_eq,lpm2,1148,1,3,6,18,19,31,34,37,45,53,61,68,70,74,86,97
grid_eq,lpm2,1149,4,9,12,16,32,35,37,49,60,63,64,68,85,89,91,99
grid_eq,lpm2,1150,8,14,23,29,30,33,45,47,58,60,62,64,77,86,91,97
grid_eq,lpm2,1151,2,5,18,22,25,35,40,49,53,56,69,71,74,83,89,94
grid_eq,lpm2,1152,2,5,17,33,36,37,40,42,48,54,60,66,80,82,84,91
grid_eq,lpm2,1153,3,6,8,20,27,33,36,49,66,73,78,80,87,92,94,100
grid_eq,lpm2,1154,10,12,15,17,26,31,35,42,47,49,64,70,72,89,93,97
grid_eq,lpm2,1155,4,6,17,29,31,33,36,51,56,60,74,76,79,83,88,96
grid_eq,lpm2,1156,2,11,14,16,19,27,37,41,54,62,68,75,77,85,91,99
grid_eq,lpm2,1157,4,7,11,18,24,43,50,54,56,57,60,62,88,90,94,96
grid_eq,lpm2,1158,13,16,17,19,21,34,38,49,51,57,67,74,87,89,93,95
grid_eq,lpm2,1159,11,13,19,24,28,41,45,52,56,59,69,71,74,87,94,100
grid_eq,lpm2,1160,14,16,17,20,22,23,36,55,58,63,70,71,85,91,95,100
grid_eq,lpm2,1161,17,18,21,25,30,41,45,47,50,54,62,66,73,77,82,89
grid_eq,lpm2,1162,15,17,23,26,33,39,45,51,58,62,65,76,81,85,89,98
grid_eq,lpm2,1163,3,5,10,27,32,47,50,61,63,64,70,76,79,89,93,95
grid_eq,lpm2,1164,1,7,15,22,28,30,47,55,59,61,64,75,83,86,89,93
grid_eq,lpm2,1165,5,16,21,25,28,30,34,47,50,51,63,76,78,81,85,89
grid_eq,lpm2,1166,4,8,10,11,23,26,28,37,56,61,63,70,75,88,91,100
grid_eq,lpm2,1167,3,9,20,21,25,29,36,42,54,58,62,65,66,82,89,95
grid_eq,lpm2,1168,6,12,14,30,34,36,47,50,52,61,70,76,79,87,91,94
grid_eq,lpm2,1169,2,8,15,23,26,30,41,44,50,58,71,75,77,88,90,95
grid_eq,lpm2,1170,3,11,15,18,26,39,43,45,59,60,62,67,81,83,88,99
grid_eq,lpm2,1171,5,8,12,21,30,32,48,50,54,56,61,77,79,91,94,99
grid_eq,lpm2,1172,2,6,21,24,27,28,34,40,42,68,73,83,87,88,93,96
grid_eq,lpm2,1173,4,9,21,23,25,38,49,52,56,64,73,78,87,90,91,94
grid_eq,lpm2,1174,5,8,13,20,22,40,41,53,64,67,69,70,71,74,94,97
grid_eq,lpm2,1175,3,4,17,20,26,41,44,49,50,56,61,73,87,95,97,100
grid_eq,lpm2,1176,5,12,20,25,31,34,39,55,65,67,69,83,87,89,91,93
grid_eq,lpm2,1177,2,14,18,26,32,37,46,57,60,61,72,74,86,94,97,100
grid_eq,lpm2,1178,1,5,10,16,24,29,31,36,52,58,76,79,85,87,88,91
grid_eq,lpm2,1179,11,16,22,30,34,39,42,48,56,61,62,75,80,82,97,99
grid_eq,lpm2,1180,9,11,16,28,30,34,46,52,54,59,63,71,84,88,89,97
grid_eq,lpm2,1181,6,9,11,15,24,29,38,42,44,51,67,68,72,76,90,98
grid_eq,lpm2,1182,2,9,14,16,17,33,37,44,65,70,71,77,78,84,93,99
grid_eq,lpm2,1183,4,6,10,11,24,32,37,38,43,59,64,72,78,79,92,94
grid_eq,lpm2,1184,2,10,22,25,29,32,41,56,60,71,74,76,80,92,97,100
grid_eq,lpm2,1185,2,9,15,16,22,30,32,38,52,54,56,72,76,89,95,97
grid_eq,lpm2,1186,3,5,10,19,25,34,38,43,54,61,72,74,77,79,80,94
grid_eq,lpm2,1187,3,9,15,16,41,45,47,50,52,57,62,75,77,89,94,98
grid_eq,lpm2,1188,3,14,18,22,26,30,41,47,49,56,59,73,75,89,91,97
grid_eq,lpm2,1189,7,13,21,25,27,38,40,44,57,65,66,69,72,84,88,96
grid_eq,lpm2,1190,14,17,21,25,29,33,46,52,58,60,61,63,69,83,86,88
grid_eq,lpm2,1191,3,7,11,20,26,28,36,39,45,57,73,75,82,87,93,99
grid_eq,lpm2,1192,7,10,15,22,25,39,42,43,56,69,71,76,83,87,90,94
grid_eq,lpm2,1193,2,7,9,12,15,29,32,35,50,54,62,75,77,88,94,96
grid_eq,lpm2,1194,12,15,19,21,26,30,32,44,49,56,64,67,73,76,82,90
grid_eq,lpm2,1195,1,10,14,18,27,31,42,54,56,60,74,80,86,88,91,98
grid_eq,lpm2,1196,7,10,22,24,29,37,41,45,51,54,57,74,80,87,92,98
grid_eq,lpm2,1197,3,15,17,20,22,29,31,46,52,64,70,73,77,79,92,97
grid_eq,lpm2,1198,3,17,22,24,29,31,35,48,61,67,70,75,82,84,90,97
grid_eq,lpm2,1199,2,10,17,23,25,36,50,52,57,59,64,69,72,91,94,100
grid_eq,lpm2,1200,2,4,20,21,23,26,29,42,52,58,64,72,76,78,80,96
grid_eq,lpm2,1201,4,6,22,25,29,32,35,41,49,54,68,71,73,77,89,97
grid_eq,lpm2,1202,1,6,10,14,32,34,45,49,51,57,70,75,91,94,98,100
grid_eq,lpm2,1203,5,19,22,24,28,36,39,41,63,75,77,79,82,90,91,96
grid_eq,lpm2,1204,2,15,18,22,25,34,39,48,55,62,67,69,71,87,92,98
grid_eq,lpm2,1205,11,15,17,20,22,34,40,45,47,52,69,71,73,76,95,98
grid_eq,lpm2,1206,10,15,22,26,32,37,48,52,54,69,81,83,86,89,95,100
grid_eq,lpm2,1207,10,11,13,16,18,37,42,54,56,58,62,80,86,92,95,100
grid_eq,lpm2,1208,15,17,20,27,39,41,43,45,57,63,74,78,85,90,93,98
grid_eq,lpm2,1209,2,10,18,21,23,25,34,36,51,52,70,74,77,83,85,98
grid_eq,lpm2,1210,5,7,11,18,29,36,39,52,54,56,60,75,81,87,93,100
grid_eq,lpm2,1211,1,10,21,25,26,40,42,48,65,71,74,78,80,82,85,96
grid_eq,lpm2,1212,1,15,20,24,27,32,36,39,48,63,66,70,73,74,79,98
grid_eq,lpm2,1213,2,10,13,26,31,35,40,58,59,63,65,67,81,86,93,100
grid_eq,lpm2,1214,6,12,14,18,33,38,40,45,52,59,63,65,67,82,89,96
grid_eq,lpm2,1215,7,10,12,25,32,37,39,52,56,71,74,77,80,82,86,100
grid_eq,lpm2,1216,1,6,17,34,39,40,45,53,55,59,61,73,75,77,88,98
grid_eq,lpm2,1217,6,12,18,25,27,43,48,50,51,63,65,76,79,92,95,100
grid_eq,lpm2,1218,4,12,16,17,21,30,34,49,53,62,64,67,69,84,89,96
grid_eq,lpm2,1219,4,8,11,20,24,35,37,51,55,58,60,75,81,83,96,100
grid_eq,lpm2,1220,12,18,20,24,26,41,44,50,53,55,67,68,74,81,83,98
grid_eq,lpm2,1221,3,10,15,18,22,32,35,38,50,54,57,73,76,91,95,100
grid_eq,lpm2,1222,9,14,22,26,30,42,45,47,51,55,57,75,77,80,82,97
grid_eq,lpm2,1223,3,14,18,20,31,33,36,39,53,67,69,70,79,81,84,94
grid_eq,lpm2,1224,15,21,23,27,29,41,47,50,56,61,63,67,80,83,85,87
grid_eq,lpm2,1225,1,6,20,31,35,46,51,57,59,60,64,77,81,84,90,93
grid_eq,lpm2,1226,1,6,9,22,26,30,32,38,53,56,65,68,82,90,93,95
grid_eq,lpm2,1227,7,12,15,21,40,44,46,51,60,64,67,73,78,95,97,100
grid_eq,lpm2,1228,7,9,11,15,22,34,46,48,52,64,67,73,79,85,88,97
grid_eq,lpm2,1229,7,13,15,18,26,33,38,47,62,66,71,79,83,85,90,95
grid_eq,lpm2,1230,5,14,21,29,30,34,48,56,58,60,63,71,84,87,89,92
grid_eq,lpm2,1231,2,15,18,19,31,33,40,45,48,53,60,64,71,84,88,97
grid_eq,lpm2,1232,7,9,12,14,25,29,50,51,55,62,66,80,81,87,94,99
grid_eq,lpm2,1233,1,4,16,20,23,37,40,55,58,63,72,76,79,88,92,100
grid_eq,lpm2,1234,3,6,11,20,27,38,45,51,59,60,64,81,86,90,93,96
grid_eq,lpm2,1235,3,12,24,27,29,42,51,54,56,59,68,74,78,89,93,100
grid_eq,lpm2,1236,2,9,12,25,28,35,40,42,44,61,67,74,80,91,94,100
grid_eq,lpm2,1237,9,16,23,27,32,35,49,56,58,64,74,80,82,85,88,98
grid_eq,lpm2,1238,5,9,12,21,26,28,38,51,54,56,60,63,76,79,84,88
grid_eq,lpm2,1239,1,8,10,23,25,43,47,51,60,68,71,74,88,89,92,97
grid_eq,lpm2,1240,3,6,9,17,22,30,31,35,39,53,56,75,82,88,89,93
grid_eq,lpm2,1241,1,3,9,25,28,30,34,47,52,59,66,73,75,92,98,100
grid_eq,lpm2,1242,3,5,17,22,29,42,46,48,50,53,58,65,73,77,91,98
grid_eq,lpm2,1243,2,8,13,17,29,36,38,41,45,51,64,69,84,86,93,99
grid_eq,lpm2,1244,2,4,8,24,26,38,40,42,55,56,59,61,76,88,92,95
grid_eq,lpm2,1245,6,11,18,20,23,40,44,46,48,51,53,55,76,85,89,93
grid_eq,lpm2,1246,6,12,19,24,28,31,34,48,53,56,67,72,75,79,98,100
grid_eq,lpm2,1247,4,10,23,27,33,40,45,56,63,70,74,76,79,91,95,99
grid_eq,lpm2,1248,6,9,18,23,35,36,41,49,54,57,60,62,75,76,90,91
grid_eq,lpm2,1249,5,11,13,27,30,32,34,46,51,57,73,75,77,90,95,99
grid_eq,lpm2,1250,3,13,15,17,19,41,49,53,55,58,70,71,84,87,89,91
grid_eq,lpm2,1251,1,15,16,18,33,35,40,58,62,67,71,78,80,84,91,96
grid_eq,lpm2,1252,11,13,15,18,22,38,41,43,50,65,70,71,76,83,88,96
grid_eq,lpm2,1253,6,9,11,13,26,29,31,46,49,54,57,71,84,87,90,92
grid_eq,lpm2,1254,11,15,16,18,25,36,38,42,53,54,56,60,68,73,84,100
grid_eq,lpm2,1255,3,16,20,23,24,39,45,47,56,62,78,81,85,92,95,100
grid_eq,lpm2,1256,10,14,17,24,30,31,37,38,44,58,61,65,73,84,88,89
grid_eq,lpm2,1257,13,17,22,24,29,39,44,47,62,65,69,78,80,83,92,97
grid_eq,lpm2,1258,8,13,21,24,27,29,30,45,48,52,58,64,74,87,93,98
grid_eq,lpm2,1259,4,14,17,23,38,41,52,55,57,59,71,76,79,84,90,98
grid_eq,lpm2,1260,4,10,12,17,21,37,43,45,48,57,64,79,87,91,93,99
grid_eq,lpm2,1261,3,8,23,26,29,33,36,40,49,54,62,67,78,81,84,98
grid_eq,lpm2,1262,9,11,15,23,34,46,50,54,59,61,67,76,79,85,90,92
grid_eq,lpm2,1263,7,11,14,27,30,34,38,42,57,73,74,76,78,81,90,99
grid_eq,lpm2,1264,4,11,20,26,29,32,35,39,40,56,62,74,79,88,93,95
grid_eq,lpm2,1265,8,13,15,19,22,36,43,45,50,61,64,78,81,87,90,94
grid_eq,lpm2,1266,4,7,8,12,27,33,34,40,48,52,57,72,76,93,96,97
grid_eq,lpm2,1267,9,12,14,24,27,37,40,44,51,61,63,66,80,86,91,99
grid_eq,lpm2,1268,2,5,27,40,42,47,48,53,54,58,61,66,74,78,92,94
grid_eq,lpm2,1269,6,12,19,22,31,35,44,48,50,52,65,75,88,92,97,100
grid_eq,lpm2,1270,7,12,15,27,30,32,36,43,58,71,74,77,84,89,93,100
grid_eq,lpm2,1271,1,15,19,24,27,41,48,56,62,70,75,76,82,93,97,100
grid_eq,lpm2,1272,14,18,20,21,25,37,40,41,44,64,72,78,85,90,91,99
grid_eq,lpm2,1273,3,15,17,29,33,36,42,53,59,73,76,80,85,87,91,98
grid_eq,lpm2,1274,8,13,22,26,28,30,42,44,53,56,59,83,85,89,91,95
grid_eq,lpm2,1275,3,5,11,19,28,31,33,39,48,57,62,77,79,86,93,95
grid_eq,lpm2,1276,1,10,14,18,31,36,40,55,61,63,67,76,80,82,89,96
grid_eq,lpm2,1277,11,13,15,19,27,37,40,42,62,66,69,72,85,89,92,97
grid_eq,lpm2,1278,11,14,18,33,36,38,43,49,59,63,76,77,82,91,94,99
grid_eq,lpm2,1279,4,10,21,24,35,38,42,43,50,54,69,73,81,85,95,100
grid_eq,lpm2,1280,6,12,20,24,32,36,40,56,58,62,64,67,75,84,90,92
grid_eq,lpm2,1281,12,14,17,19,35,37,39,43,56,61,63,64,69,70,85,87
grid_eq,lpm2,1282,2,10,14,18,21,25,37,42,49,51,68,76,80,83,88,95
grid_eq,lpm2,1283,2,7,15,19,22,37,41,49,53,57,61,66,70,91,94,98
grid_eq,lpm2,1284,2,7,22,26,29,32,40,45,53,57,68,81,82,86,89,95
grid_eq,lpm2,1285,6,9,12,21,29,33,39,47,51,64,71,76,78,83,97,100
grid_eq,lpm2,1286,3,7,16,19,34,36,38,41,52,55,67,71,80,86,91,96
grid_eq,lpm2,1287,14,20,23,25,28,34,41,51,55,60,69,74,76,81,90,93
grid_eq,lpm2,1288,2,7,9,15,31,35,40,53,58,70,73,78,92,94,96,99
grid_eq,lpm2,1289,6,9,12,24,33,36,38,53,58,61,67,76,78,94,98,100
grid_eq,lpm2,1290,5,7,12,26,30,43,49,51,54,67,71,75,82,88,97,100
grid_eq,lpm2,1291,4,8,16,23,27,32,39,44,58,60,62,67,71,75,86,88
grid_eq,lpm2,1292,5,9,12,16,21,39,47,52,60,65,67,72,86,87,91,98
grid_eq,lpm2,1293,3,11,16,19,33,35,37,48,61,68,73,76,83,87,90,96
grid_eq,lpm2,1294,1,9,16,22,25,34,38,41,49,56,72,74,77,79,91,100
grid_eq,lpm2,1295,10,12,24,26,28,47,50,53,55,62,66,70,85,87,91,99
grid_eq,lpm2,1296,2,13,15,17,20,29,31,46,50,54,58,61,80,85,93,96
grid_eq,lpm2,1297,1,4,7,10,23,31,36,38,49,52,69,73,81,85,96,99
grid_eq,lpm2,1298,2,10,23,25,29,33,40,45,54,61,68,81,84,88,90,96
grid_eq,lpm2,1299,10,12,28,32,37,40,45,52,54,58,67,72,74,91,95,98
grid_eq,lpm2,1300,15,18,21,27,32,38,43,46,50,55,64,76,81,83,86,89
grid_eq,lpm2,1301,1,4,9,13,20,38,42,45,54,59,60,63,85,91,95,100
grid_eq,lpm2,1302,1,3,6,8,10,23,32,45,49,58,63,66,70,72,97,99
grid_eq,lpm2,1303,2,8,15,17,28,32,41,47,55,56,60,63,67,84,90,95
grid_eq,lpm2,1304,5,9,12,13,31,36,40,43,51,55,57,70,82,86,89,94
grid_eq,lpm2,1305,2,6,27,29,33,35,44,50,58,61,65,72,85,87,92,100
grid_eq,lpm2,1306,5,9,12,17,21,35,47,53,59,61,65,83,87,88,95,100
grid_eq,lpm2,1307,4,7,13,18,22,35,42,48,57,65,73,74,78,81,86,99
grid_eq,lpm2,1308,8,10,13,15,21,44,47,49,62,70,71,76,78,83,94,97
grid_eq,lpm2,1309,10,15,16,22,28,35,38,42,51,59,65,76,79,83,87,95
grid_eq,lpm2,1310,5,8,10,13,17,41,45,49,62,67,71,75,87,88,90,92
grid_eq,lpm2,1311,2,8,14,29,37,40,43,45,53,64,68,83,87,89,92,94
grid_eq,lpm2,1312,1,8,15,28,30,32,34,46,50,61,69,70,77,82,94,96
grid_eq,lpm2,1313,3,5,8,10,27,29,43,44,49,51,65,67,82,88,90,94
grid_eq,lpm2,1314,3,6,9,14,28,33,38,45,51,65,67,69,71,84,85,90
grid_eq,lpm2,1315,3,5,9,20,22,29,31,43,52,57,73,79,81,86,88,94
grid_eq,lpm2,1316,3,7,14,26,37,41,49,53,56,59,65,72,85,88,93,99
grid_eq,lpm2,1317,2,5,10,27,34,40,43,46,52,59,77,79,86,91,94,97
grid_eq,lpm2,1318,2,7,24,30,35,39,42,54,56,60,61,76,88,92,95,98
grid_eq,lpm2,1319,12,14,16,30,31,33,48,50,54,56,58,63,79,86,93,95
grid_eq,lpm2,1320,1,8,16,17,31,34,47,49,55,58,61,63,76,82,94,99
grid_eq,lpm2,1321,2,4,13,17,20,46,49,52,54,63,69,77,80,81,83,86
grid_eq,lpm2,1322,7,13,14,18,20,24,32,37,45,53,60,66,78,82,94,98
grid_eq,lpm2,1323,8,12,14,33,36,49,52,56,65,68,70,72,77,83,89,98
grid_eq,lpm2,1324,10,15,17,30,32,34,41,46,53,55,57,59,70,91,96,98
grid_eq,lpm2,1325,5,14,17,19,32,34,39,48,53,62,68,74,82,86,89,100
grid_eq,lpm2,1326,3,6,9,14,27,41,47,52,60,65,68,71,80,84,87,92
grid_eq,lpm2,1327,2,9,12,26,28,32,39,48,52,54,57,70,71,74,87,97
grid_eq,lpm2,1328,2,10,14,16,19,37,43,50,53,57,65,71,77,91,94,100
grid_eq,lpm2,1329,3,15,20,23,25,29,44,47,52,58,70,71,75,83,87,93
grid_eq,lpm2,1330,5,10,12,21,27,39,41,46,52,54,58,74,90,91,93,99
grid_eq,lpm2,1331,1,9,16,22,34,38,56,67,70,71,74,76,90,91,95,97
grid_eq,lpm2,1332,5,12,13,18,34,38,42,50,53,55,70,83,85,86,92,100
grid_eq,lpm2,1333,11,13,14,17,19,38,42,45,58,63,65,70,72,76,95,98
grid_eq,lpm2,1334,7,10,13,18,42,44,46,48,50,52,64,66,84,89,92,96
grid_eq,lpm2,1335,10,17,18,23,25,44,46,49,52,63,69,72,75,80,88,93
grid_eq,lpm2,1336,3,8,11,18,20,40,43,45,47,52,54,73,78,79,94,98
grid_eq,lpm2,1337,5,8,12,28,33,37,39,46,53,59,72,73,75,86,90,98
grid_eq,lpm2,1338,3,4,20,27,28,31,33,49,55,58,61,83,84,87,90,92
grid_eq,lpm2,1339,2,4,8,28,31,36,40,51,54,59,67,71,78,85,92,99
grid_eq,lpm2,1340,13,14,16,29,30,31,35,52,58,70,73,74,76,88,93,99
grid_eq,lpm2,1341,3,6,28,32,36,43,45,49,60,61,64,66,69,77,81,94
grid_eq,lpm2,1342,4,11,19,25,36,40,42,44,48,53,64,65,70,85,89,93
grid_eq,lpm2,1343,2,10,22,24,25,27,30,31,55,58,73,76,79,81,87,95
grid_eq,lpm2,1344,7,12,20,24,27,31,43,47,50,55,58,75,76,79,93,96
grid_eq,lpm2,1345,5,10,18,21,23,36,39,41,53,56,59,70,74,81,85,97
grid_eq,lpm2,1346,5,13,18,20,24,33,46,52,54,59,67,72,79,85,87,92
grid_eq,lpm2,1347,14,17,32,35,39,40,41,54,56,62,65,68,86,89,94,98
grid_eq,lpm2,1348,7,13,19,22,25,39,46,53,62,64,66,70,77,79,81,85
grid_eq,lpm2,1349,2,4,10,16,22,27,29,52,54,60,71,74,78,86,90,94
grid_eq,lpm2,1350,5,7,9,11,12,37,40,43,54,56,61,69,81,88,90,96
grid_eq,lpm2,1351,7,13,19,21,26,32,37,44,58,62,64,79,86,89,91,93
grid_eq,lpm2,1352,12,14,17,24,30,39,42,44,56,62,65,69,78,83,86,100
grid_eq,lpm2,1353,2,8,13,14,16,30,32,37,45,52,68,72,76,89,91,95
grid_eq,lpm2,1354,9,11,13,16,24,44,51,55,58,60,66,74,79,91,94,96
grid_eq,lpm2,1355,7,12,14,18,35,37,40,42,54,62,73,74,76,78,95,99
grid_eq,lpm2,1356,8,15,16,22,29,33,34,48,57,60,63,69,75,88,92,94
grid_eq,lpm2,1357,2,5,9,23,36,38,41,56,61,63,68,76,88,93,96,100
grid_eq,lpm2,1358,5,22,24,26,29,33,38,50,57,61,66,75,77,79,81,94
grid_eq,lpm2,1359,6,8,20,22,25,31,35,39,56,64,73,75,81,88,90,96
grid_eq,lpm2,1360,9,14,27,28,34,36,41,43,59,67,73,75,79,91,94,98
grid_eq,lpm2,1361,6,19,21,24,27,36,43,49,52,57,64,70,81,89,93,96
grid_eq,lpm2,1362,9,11,12,14,27,29,46,48,56,60,61,63,72,80,85,99
grid_eq,lpm2,1363,7,11,14,19,23,32,33,36,48,57,67,72,80,84,92,98
grid_eq,lpm2,1364,2,5,18,24,26,34,40,42,55,58,66,79,82,87,94,99
grid_eq,lpm2,1365,1,5,20,27,33,39,42,52,55,56,63,69,76,90,92,98
grid_eq,lpm2,1366,6,12,15,18,30,31,49,54,57,60,62,79,81,85,93,99
grid_eq,lpm2,1367,11,15,24,28,30,32,38,43,46,57,60,62,74,82,86,89
grid_eq,lpm2,1368,2,8,17,22,24,30,38,55,66,69,73,75,82,86,88,98
grid_eq,lpm2,1369,7,8,14,22,38,41,44,49,53,65,68,72,83,86,89,97
grid_eq,lpm2,1370,13,19,22,25,26,47,49,54,58,63,70,72,86,93,95,100
grid_eq,lpm2,1371,2,5,11,26,29,30,32,37,46,61,75,79,83,87,95,100
grid_eq,lpm2,1372,5,8,13,16,31,36,55,58,60,64,66,81,90,92,96,99
grid_eq,lpm2,1373,1,5,10,14,17,23,40,47,53,58,62,70,83,87,91,95
grid_eq,lpm2,1374,3,15,18,24,31,44,48,56,59,60,64,73,86,89,91,98
grid_eq,lpm2,1375,4,11,18,19,34,36,40,42,55,67,69,72,75,91,95,98
grid_eq,lpm2,1376,2,13,18,24,26,30,37,39,41,54,60,71,76,91,96,100
grid_eq,lpm2,1377,2,7,12,14,20,28,35,41,44,52,57,68,74,87,94,98
grid_eq,lpm2,1378,3,4,8,10,22,36,50,52,58,62,72,76,81,85,88,90
grid_eq,lpm2,1379,2,15,19,27,32,35,38,47,49,51,66,74,83,85,86,89
grid_eq,lpm2,1380,4,16,24,33,35,37,40,52,55,57,62,66,70,81,95,97
grid_eq,lpm2,1381,1,5,9,24,26,30,32,49,53,57,66,70,81,84,88,93
grid_eq,lpm2,1382,3,6,15,18,29,40,42,44,48,51,64,66,79,85,90,95
grid_eq,lpm2,1383,1,3,20,24,26,28,31,39,51,57,60,63,74,78,86,92
grid_eq,lpm2,1384,4,17,20,22,29,36,42,45,52,58,73,76,80,85,98,100
grid_eq,lpm2,1385,8,14,16,17,21,32,34,38,57,61,65,67,84,86,89,91
grid_eq,lpm2,1386,5,11,24,27,29,33,36,49,60,62,67,73,75,90,97,99
grid_eq,lpm2,1387,4,10,13,25,28,41,42,46,55,70,71,74,77,83,86,99
grid_eq,lpm2,1388,6,13,28,34,37,40,41,48,53,58,60,65,79,84,92,98
grid_eq,lpm2,1389,1,4,7,9,23,29,37,55,57,60,62,71,73,86,95,100
grid_eq,lpm2,1390,5,8,9,21,25,27,40,42,45,56,61,74,81,84,88,90
grid_eq,lpm2,1391,11,15,18,29,32,33,37,49,52,55,66,73,85,90,91,98
grid_eq,lpm2,1392,4,7,12,16,20,23,29,32,37,41,66,68,84,86,90,91
grid_eq,lpm2,1393,11,14,19,26,30,36,41,50,56,63,65,72,76,80,94,99
grid_eq,lpm2,1394,11,14,18,23,37,39,40,43,44,52,56,69,82,89,94,97
grid_eq,lpm2,1395,2,6,18,22,30,34,37,42,50,52,66,79,81,84,88,96
grid_eq,lpm2,1396,10,11,16,24,29,32,46,48,61,66,70,72,81,87,90,95
grid_eq,lpm2,1397,3,14,16,29,35,40,42,46,53,56,58,73,75,77,81,100
grid_eq,lpm2,1398,1,4,8,15,16,39,41,48,53,64,68,70,83,95,97,99
grid_eq,lpm2,1399,3,6,10,25,27,41,47,49,52,55,66,72,86,88,92,99
grid_eq,lpm2,1400,1,8,12,20,25,34,42,49,51,58,65,67,79,83,92,97
grid_eq,lpm2,1401,3,7,14,21,28,44,46,52,59,64,66,80,81,83,84,88
grid_eq,lpm2,1402,1,7,9,22,29,31,35,48,56,61,63,80,81,86,97,99
grid_eq,lpm2,1403,3,9,11,14,28,42,44,46,49,63,66,69,79,82,95,100
grid_eq,lpm2,1404,1,14,16,23,28,30,32,49,56,63,68,74,77,86,90,93
grid_eq,lpm2,1405,2,5,16,23,29,33,36,48,50,57,63,77,81,85,89,94
grid_eq,lpm2,1406,4,8,14,21,26,34,36,42,45,50,66,69,73,85,89,91
grid_eq,lpm2,1407,2,10,21,28,36,39,41,44,45,64,72,76,78,82,96,100
grid_eq,lpm2,1408,2,8,22,24,32,40,48,49,62,65,66,81,84,89,95,99
grid_eq,lpm2,1409,2,4,18,23,26,32,35,47,58,62,66,70,85,88,91,93
grid_eq,lpm2,1410,4,21,26,30,34,37,42,46,60,65,77,81,86,93,98,100
grid_eq,lpm2,1411,3,15,18,20,34,42,46,49,57,63,65,81,83,86,88,100
grid_eq,lpm2,1412,1,5,12,16,28,32,46,50,59,64,67,72,80,83,86,91
grid_eq,lpm2,1413,5,20,21,23,28,36,41,44,59,65,71,77,79,92,94,98
grid_eq,lpm2,1414,2,4,6,22,30,35,42,47,49,58,65,66,71,86,98,100
grid_eq,lpm2,1415,4,11,15,17,19,28,32,44,47,59,73,74,76,82,90,97
grid_eq,lpm2,1416,3,15,26,29,33,37,39,41,51,54,60,66,79,82,85,100
grid_eq,lpm2,1417,4,8,12,26,30,37,43,45,52,57,60,65,71,83,86,90
grid_eq,lpm2,1418,8,13,16,19,21,40,42,44,47,53,57,80,81,84,88,96
grid_eq,lpm2,1419,5,8,11,17,23,35,42,48,60,62,65,66,80,85,93,98
grid_eq,lpm2,1420,5,14,17,20,41,48,50,55,62,65,68,81,85,88,93,97
grid_eq,lpm2,1421,13,20,24,27,38,44,52,60,63,66,72,76,78,82,90,98
grid_eq,lpm2,1422,6,11,20,23,33,36,44,47,53,60,61,66,74,80,81,97
grid_eq,lpm2,1423,6,15,18,29,33,35,41,54,58,60,63,67,84,90,91,97
grid_eq,lpm2,1424,13,16,20,23,25,41,48,52,55,60,62,68,76,80,92,96
grid_eq,lpm2,1425,5,11,14,25,29,33,38,40,42,62,65,67,81,84,87,100
grid_eq,lpm2,1426,7,12,14,21,29,38,40,46,61,65,70,77,81,83,86,98
grid_eq,lpm2,1427,4,13,16,20,21,27,38,40,43,61,68,70,82,85,93,100
grid_eq,lpm2,1428,8,12,14,25,27,39,42,44,46,63,76,79,81,85,91,99
grid_eq,lpm2,1429,4,18,21,23,40,42,46,49,57,59,61,63,75,82,98,100
grid_eq,lpm2,1430,5,10,11,15,27,37,39,45,53,65,71,77,79,82,84,100
grid_eq,lpm2,1431,6,21,24,26,28,32,46,50,51,64,67,69,86,89,91,94
grid_eq,lpm2,1432,5,10,12,27,33,35,50,52,59,63,67,74,81,85,97,100
grid_eq,lpm2,1433,2,5,7,18,22,24,39,47,52,54,56,80,82,84,96,100
grid_eq,lpm2,1434,1,3,16,19,23,28,30,42,47,63,64,67,80,83,88,95
grid_eq,lpm2,1435,5,9,23,26,28,33,36,39,42,59,65,72,86,90,91,95
grid_eq,lpm2,1436,3,9,20,26,27,34,39,43,59,61,68,74,77,93,96,100
grid_eq,lpm2,1437,4,13,18,25,34,42,46,48,51,64,67,70,73,79,87,94
grid_eq,lpm2,1438,2,18,25,26,29,39,42,44,51,69,73,75,77,80,82,89
grid_eq,lpm2,1439,10,14,17,23,32,43,45,48,58,72,75,78,80,82,94,97
grid_eq,lpm2,1440,8,17,20,21,25,42,45,55,58,60,61,74,77,80,92,98
grid_eq,lpm2,1441,11,12,16,18,31,35,37,48,60,62,66,83,85,89,92,97
grid_eq,lpm2,1442,2,5,16,20,22,28,43,44,58,60,61,65,85,87,89,93
grid_eq,lpm2,1443,13,18,22,24,26,30,47,49,55,58,61,73,75,87,94,100
grid_eq,lpm2,1444,9,12,14,15,28,34,36,43,50,61,63,69,78,83,85,99
grid_eq,lpm2,1445,3,6,25,29,32,38,41,45,47,50,63,79,92,94,97,100
grid_eq,lpm2,1446,2,15,17,28,32,33,40,48,53,62,78,79,83,86,91,97
grid_eq,lpm2,1447,1,7,13,14,18,20,42,45,49,56,61,74,80,82,97,100
grid_eq,lpm2,1448,8,15,23,24,28,36,38,42,52,54,60,67,74,76,90,91
grid_eq,lpm2,1449,5,8,23,27,41,43,47,50,55,63,70,74,77,83,89,96
grid_eq,lpm2,1450,2,6,18,23,24,33,40,44,47,59,63,72,76,80,83,87
grid_eq,lpm2,1451,3,7,10,12,30,37,41,45,46,53,62,68,74,80,82,98
grid_eq,lpm2,1452,1,5,7,9,14,21,40,53,58,64,71,73,77,80,85,97
grid_eq,lpm2,1453,12,20,26,27,35,36,49,51,53,64,68,70,86,89,92,94
grid_eq,lpm2,1454,5,6,7,11,22,29,37,42,44,48,60,63,65,78,82,94
grid_eq,lpm2,1455,2,21,30,34,36,43,47,49,55,63,66,68,71,83,89,96
grid_eq,lpm2,1456,1,5,26,30,34,36,39,42,50,61,65,74,77,94,98,100
grid_eq,lpm2,1457,1,8,21,24,27,32,39,46,55,59,62,78,81,87,89,94
grid_eq,lpm2,1458,2,9,13,15,18,37,42,44,59,60,65,67,73,85,88,92
grid_eq,lpm2,1459,13,15,19,26,32,43,47,49,54,56,71,77,83,85,90,98
grid_eq,lpm2,1460,2,18,22,34,36,38,41,55,57,63,64,68,70,76,92,98
grid_eq,lpm2,1461,3,17,19,21,25,35,42,47,58,65,71,83,87,90,94,100
grid_eq,lpm2,1462,13,18,21,25,29,30,45,52,54,57,59,66,73,75,88,94
grid_eq,lpm2,1463,4,8,11,25,29,32,37,52,54,56,58,65,69,82,94,99
grid_eq,lpm2,1464,10,11,14,16,34,38,45,46,57,61,70,73,74,78,95,98
grid_eq,lpm2,1465,1,5,10,14,28,33,35,52,55,56,59,60,63,85,92,97
grid_eq,lpm2,1466,1,2,17,24,28,30,31,50,59,62,85,86,90,91,93,99
grid_eq,lpm2,1467,5,8,22,24,27,30,31,52,54,58,66,69,75,82,87,99
grid_eq,lpm2,1468,2,6,8,21,29,34,37,48,51,57,63,65,69,94,97,100
grid_eq,lpm2,1469,1,4,18,23,29,31,35,43,48,62,70,74,78,82,95,99
grid_eq,lpm2,1470,1,12,17,25,29,30,46,49,51,66,69,73,77,85,91,97
grid_eq,lpm2,1471,7,13,22,25,27,48,50,55,61,63,66,70,75,88,91,96
grid_eq,lpm2,1472,4,7,10,23,27,29,36,41,61,65,66,69,81,83,87,90
grid_eq,lpm2,1473,9,12,14,25,32,37,40,41,55,72,74,77,81,89,95,98
grid_eq,lpm2,1474,3,16,25,28,31,33,34,50,54,58,73,76,80,85,91,98
grid_eq,lpm2,1475,3,12,19,26,33,38,42,45,59,71,73,79,85,90,94,98
grid_eq,lpm2,1476,15,17,23,26,32,39,48,51,53,56,65,70,72,77,84,100
grid_eq,lpm2,1477,9,13,14,16,30,36,38,41,54,66,68,70,71,83,92,98
grid_eq,lpm2,1478,12,16,20,23,35,38,41,43,48,59,66,81,83,84,86,99
grid_eq,lpm2,1479,4,6,10,17,33,36,38,54,69,70,71,73,84,86,88,98
grid_eq,lpm2,1480,2,9,16,25,33,37,39,54,60,64,66,72,79,84,92,100
grid_eq,lpm2,1481,2,7,15,29,34,37,41,50,52,55,67,69,71,82,87,98
grid_eq,lpm2,1482,3,14,20,23,27,35,37,42,54,70,72,76,84,88,93,99
grid_eq,lpm2,1483,3,15,16,22,28,32,40,49,52,57,65,73,78,84,95,98
grid_eq,lpm2,1484,8,12,17,22,25,40,41,46,55,58,61,65,78,84,88,93
grid_eq,lpm2,1485,10,11,16,18,23,42,45,47,51,53,65,66,68,69,82,100
grid_eq,lpm2,1486,13,16,19,24,27,31,40,55,57,61,65,70,76,88,92,95
grid_eq,lpm2,1487,11,14,19,20,27,35,38,41,46,62,64,68,72,76,97,100
grid_eq,lpm2,1488,2,9,15,24,37,40,42,57,59,61,70,75,85,87,89,92
grid_eq,lpm2,1489,6,10,12,18,23,32,41,44,48,61,67,69,76,89,91,99
grid_eq,lpm2,1490,5,11,19,20,21,25,34,47,50,61,66,68,71,77,84,90
grid_eq,lpm2,1491,8,13,14,18,29,33,46,50,55,57,62,64,82,84,90,97
grid_eq,lpm2,1492,1,14,16,29,30,31,35,47,51,56,63,69,82,88,94,97
grid_eq,lpm2,1493,5,18,20,21,25,32,39,47,52,56,57,65,71,94,97,99
grid_eq,lpm2,1494,2,5,16,18,21,27,49,51,56,60,63,68,74,86,91,93
grid_eq,lpm2,1495,13,15,19,21,28,34,46,49,51,54,66,78,81,87,90,95
grid_eq,lpm2,1496,12,18,19,24,36,42,47,49,56,60,63,72,78,83,95,99
grid_eq,lpm2,1497,6,11,17,23,28,32,49,51,54,57,59,70,84,91,94,97
grid_eq,lpm2,1498,4,7,13,30,32,34,37,49,52,54,64,68,81,84,88,90
grid_eq,lpm2,1499,3,16,17,21,22,25,28,30,47,62,78,80,81,84,87,98
grid_eq,lpm2,1500,14,19,20,23,26,35,43,48,51,57,65,77,78,81,95,99
grid_eq,lpm2,1501,5,8,11,13,26,29,35,42,56,59,61,68,73,80,85,99
grid_eq,lpm2,1502,3,9,18,25,27,32,39,55,56,61,73,77,79,80,84,88
grid_eq,lpm2,1503,6,12,13,27,30,41,45,47,50,54,66,73,79,86,95,100
grid_eq,lpm2,1504,2,4,8,9,23,39,42,46,60,64,66,81,84,86,89,95
grid_eq,lpm2,1505,11,17,18,20,23,47,50,51,55,63,64,66,71,78,89,95
grid_eq,lpm2,1506,2,10,23,27,30,34,37,42,45,51,54,67,70,93,96,100
grid_eq,lpm2,1507,3,14,16,29,31,37,45,50,51,59,63,70,76,81,84,88
grid_eq,lpm2,1508,1,9,15,24,27,32,40,46,52,57,59,76,77,92,96,99
grid_eq,lpm2,1509,3,8,15,22,28,32,36,60,64,67,69,72,74,76,82,89
grid_eq,lpm2,1510,2,10,16,18,21,34,42,47,49,52,68,73,77,81,89,96
grid_eq,lpm2,1511,3,7,9,11,15,35,37,43,49,57,72,74,77,88,94,100
grid_eq,lpm2,1512,7,20,23,24,33,34,46,52,58,60,63,82,84,88,89,98
grid_eq,lpm2,1513,1,3,8,16,29,39,41,43,46,68,72,80,84,89,91,96
grid_eq,lpm2,1514,1,6,8,30,33,42,44,47,48,62,65,68,81,94,97,100
grid_eq,lpm2,1515,7,13,25,29,31,34,46,50,52,54,66,70,71,78,85,89
grid_eq,lpm2,1516,10,12,14,17,31,36,40,48,55,61,75,78,80,85,87,92
grid_eq,lpm2,1517,7,11,13,26,30,37,42,54,55,59,71,73,80,84,87,98
grid_eq,lpm2,1518,4,12,19,21,26,29,53,54,58,61,67,70,73,82,89,98
grid_eq,lpm2,1519,5,12,14,19,20,37,39,43,45,53,56,58,75,80,92,97
grid_eq,lpm2,1520,5,11,17,20,23,32,35,40,49,57,64,71,77,90,92,97
grid_eq,lpm2,1521,3,4,8,10,16,37,42,44,49,61,63,66,81,89,95,100
grid_eq,lpm2,1522,3,7,20,26,28,38,41,43,64,68,72,75,88,90,94,97
grid_eq,lpm2,1523,11,14,20,22,27,33,41,46,48,60,74,78,82,88,91,95
grid_eq,lpm2,1524,1,4,17,30,33,38,44,53,54,57,69,71,74,80,95,100
grid_eq,lpm2,1525,2,4,12,16,18,35,40,53,57,59,65,71,74,78,93,98
grid_eq,lpm2,1526,11,12,17,18,31,35,40,45,47,55,62,78,80,86,93,95
grid_eq,lpm2,1527,3,8,16,17,21,35,40,42,49,55,57,61,79,88,92,95
grid_eq,lpm2,1528,8,13,26,28,31,34,40,47,57,61,64,78,83,91,95,100
grid_eq,lpm2,1529,2,6,11,15,28,45,49,50,51,54,57,65,68,91,93,97
grid_eq,lpm2,1530,12,15,16,28,30,36,41,45,60,63,65,81,84,87,90,93
grid_eq,lpm2,1531,3,6,21,25,30,33,39,54,59,66,72,74,79,81,86,99
grid_eq,lpm2,1532,3,6,12,15,28,31,47,50,54,61,69,73,84,87,91,98
grid_eq,lpm2,1533,10,13,19,37,41,42,44,46,52,60,66,71,80,85,87,91
grid_eq,lpm2,1534,4,13,16,18,21,37,39,42,45,53,58,65,78,82,92,97
grid_eq,lpm2,1535,3,17,23,25,28,37,41,44,51,58,69,74,77,80,95,97
grid_eq,lpm2,1536,3,7,8,14,20,22,33,40,47,54,58,71,77,85,93,100
grid_eq,lpm2,1537,3,17,19,21,24,34,36,39,42,62,70,74,77,78,92,97
grid_eq,lpm2,1538,4,13,29,31,35,38,40,51,56,62,68,76,84,91,93,99
grid_eq,lpm2,1539,6,10,21,25,35,40,47,53,55,57,62,75,80,87,94,98
grid_eq,lpm2,1540,1,4,7,9,22,28,33,40,46,63,65,66,87,93,95,99
grid_eq,lpm2,1541,12,20,25,27,31,34,39,43,50,52,64,68,71,77,89,96
grid_eq,lpm2,1542,10,13,16,18,31,44,46,50,51,69,71,74,76,87,93,100
grid_eq,lpm2,1543,1,6,7,18,22,40,42,46,54,63,71,75,77,80,84,97
grid_eq,lpm2,1544,4,12,19,24,27,30,32,49,52,54,73,76,79,82,98,100
grid_eq,lpm2,1545,15,19,21,26,33,39,45,48,53,58,65,66,72,89,93,96
grid_eq,lpm2,1546,1,17,19,24,31,33,45,48,60,63,65,68,74,87,90,93
grid_eq,lpm2,1547,9,11,14,16,20,35,48,51,54,56,73,80,84,87,93,100
grid_eq,lpm2,1548,3,17,20,21,24,26,37,43,49,57,73,76,78,89,92,95
grid_eq,lpm2,1549,1,4,19,25,27,28,31,44,60,65,66,72,89,92,94,99
grid_eq,lpm2,1550,6,11,13,26,28,43,45,48,50,64,67,71,87,88,93,95
grid_eq,lpm2,1551,2,7,13,19,27,31,35,48,51,59,65,78,80,91,94,97
grid_eq,lpm2,1552,11,14,16,23,26,30,36,40,51,53,55,64,80,81,84,96
grid_eq,lpm2,1553,2,23,25,28,30,35,42,46,49,62,65,69,75,77,82,98
grid_eq,lpm2,1554,4,18,21,23,26,30,43,47,49,51,55,56,64,80,83,88
grid_eq,lpm2,1555,1,5,7,9,31,35,50,53,56,60,73,74,80,88,91,96
grid_eq,lpm2,1556,3,14,19,27,32,39,51,55,57,62,68,70,76,82,84,100
grid_eq,lpm2,1557,3,21,24,28,29,35,38,43,49,51,66,68,74,90,94,97
grid_eq,lpm2,1558,18,21,25,27,36,39,41,43,48,52,60,73,85,87,90,91
grid_eq,lpm2,1559,11,14,16,19,31,39,43,44,60,66,72,74,77,89,91,94
grid_eq,lpm2,1560,13,18,21,25,27,36,49,51,55,61,65,68,80,89,92,97
grid_eq,lpm2,1561,7,13,14,19,31,33,46,52,59,67,75,79,83,90,91,94
grid_eq,lpm2,1562,2,4,7,30,34,42,48,56,63,65,67,70,71,82,90,98
grid_eq,lpm2,1563,2,9,11,14,26,39,43,45,57,59,62,65,72,77,94,100
grid_eq,lpm2,1564,3,6,11,17,29,37,46,49,52,55,67,71,85,87,96,99
grid_eq,lpm2,1565,6,15,20,21,33,39,45,51,53,60,73,79,85,86,90,91
grid_eq,lpm2,1566,1,9,16,17,21,37,45,49,53,61,74,80,81,87,91,96
grid_eq,lpm2,1567,5,6,12,30,32,46,49,53,54,65,67,73,80,87,93,98
grid_eq,lpm2,1568,1,9,13,15,20,31,34,45,49,51,57,70,83,87,91,99
grid_eq,lpm2,1569,2,9,13,16,25,32,36,38,56,62,67,69,72,91,96,98
grid_eq,lpm2,1570,3,4,10,17,23,26,38,44,51,59,64,73,79,86,94,99
grid_eq,lpm2,1571,9,15,17,28,29,36,41,43,58,62,67,74,82,84,89,97
grid_eq,lpm2,1572,1,18,25,29,35,39,41,43,48,52,64,66,78,80,83,93
grid_eq,lpm2,1573,1,6,24,27,30,34,42,49,52,55,63,67,75,80,93,95
grid_eq,lpm2,1574,5,7,19,21,25,32,45,49,53,57,66,70,74,81,95,98
grid_eq,lpm2,1575,5,11,17,20,33,34,37,40,48,52,58,79,82,84,97,100
grid_eq,lpm2,1576,11,14,20,25,27,32,48,50,55,58,63,67,74,82,88,95
grid_eq,lpm2,1577,1,5,25,29,33,38,46,58,62,65,76,84,87,90,91,94
grid_eq,lpm2,1578,10,13,14,28,31,36,39,43,45,59,62,68,84,87,89,91
grid_eq,lpm2,1579,10,11,14,23,29,35,37,50,62,68,70,71,75,83,94,100
grid_eq,lpm2,1580,3,4,19,21,27,35,47,50,51,59,61,65,85,87,89,93
grid_eq,lpm2,1581,8,10,13,16,32,36,39,41,54,60,63,72,77,79,95,99
grid_eq,lpm2,1582,1,9,14,16,30,37,52,54,56,59,60,71,84,88,93,96
grid_eq,lpm2,1583,11,13,17,25,30,41,47,49,50,53,66,72,82,85,90,97
grid_eq,lpm2,1584,5,9,11,17,24,30,31,35,47,49,52,66,79,81,90,96
grid_eq,lpm2,1585,3,19,21,24,26,39,47,51,53,65,66,79,82,83,86,95
grid_eq,lpm2,1586,1,3,10,18,24,30,37,44,51,69,73,77,79,92,96,98
grid_eq,lpm2,1587,18,22,24,26,33,46,48,53,55,60,74,76,77,83,89,95
grid_eq,lpm2,1588,3,5,25,27,38,40,43,46,54,57,60,61,77,88,94,97
grid_eq,lpm2,1589,2,7,14,18,34,41,47,50,56,64,70,78,81,85,87,90
grid_eq,lpm2,1590,3,6,11,19,26,27,36,43,47,50,60,66,74,83,93,99
grid_eq,lpm2,1591,15,19,22,26,33,39,45,50,57,59,61,66,75,81,89,95
grid_eq,lpm2,1592,4,8,11,24,27,30,41,43,47,57,65,70,75,81,88,95
grid_eq,lpm2,1593,2,4,17,19,34,37,41,46,48,54,60,61,65,86,88,93
grid_eq,lpm2,1594,5,12,17,18,23,31,40,44,54,57,65,71,80,83,89,99
grid_eq,lpm2,1595,13,17,19,30,35,41,49,52,54,56,58,78,81,84,87,99
grid_eq,lpm2,1596,3,6,10,15,28,33,44,48,57,61,69,73,75,76,88,95
grid_eq,lpm2,1597,9,13,16,27,33,42,46,55,57,60,61,81,87,90,95,98
grid_eq,lpm2,1598,5,9,13,17,34,39,42,51,58,60,64,72,73,86,88,100
grid_eq,lpm2,1599,6,8,15,20,21,37,41,44,49,59,64,75,77,83,89,96
grid_eq,lpm2,1600,3,7,14,28,31,36,40,44,47,52,60,69,72,74,89,97
grid_eq,lpm2,1601,5,6,11,27,32,37,39,53,55,66,71,83,85,89,94,100
grid_eq,lpm2,1602,6,9,21,25,33,36,41,50,54,57,71,73,74,78,94,96
grid_eq,lpm2,1603,15,17,20,21,29,36,41,45,48,53,67,69,72,85,91,99
grid_eq,lpm2,1604,2,5,10,21,29,33,34,46,48,67,74,78,79,81,86,94
grid_eq,lpm2,1605,2,5,17,19,23,32,35,39,64,73,76,78,81,90,94,100
grid_eq,lpm2,1606,1,4,17,20,24,28,36,47,54,59,61,67,83,85,93,96
grid_eq,lpm2,1607,13,17,20,21,25,36,40,42,49,56,80,81,85,88,92,97
grid_eq,lpm2,1608,8,15,22,26,28,33,36,48,57,61,74,77,80,86,94,98
grid_eq,lpm2,1609,3,6,21,24,28,32,38,40,46,62,65,69,78,83,91,97
grid_eq,lpm2,1610,8,11,16,20,33,39,42,46,58,60,62,64,67,71,92,99
grid_eq,lpm2,1611,6,8,11,17,19,31,35,36,53,56,63,75,79,82,88,97
grid_eq,lpm2,1612,2,9,14,24,28,38,40,43,46,54,62,66,68,75,77,94
grid_eq,lpm2,1613,7,12,15,27,31,40,45,52,57,59,66,72,83,91,96,100
grid_eq,lpm2,1614,8,10,13,14,21,35,38,49,52,64,71,75,78,90,93,98
grid_eq,lpm2,1615,4,7,15,19,32,43,47,50,54,61,66,67,80,81,92,96
grid_eq,lpm2,1616,11,13,14,18,29,37,41,49,51,55,68,79,85,87,91,100
grid_eq,lpm2,1617,1,10,15,18,23,38,47,51,53,54,67,75,79,82,94,100
grid_eq,lpm2,1618,9,14,23,26,31,36,48,50,59,61,67,74,83,85,94,97
grid_eq,lpm2,1619,17,22,26,28,29,34,36,51,60,61,75,77,84,87,88,95
grid_eq,lpm2,1620,5,14,19,21,33,36,39,51,55,68,74,80,87,91,94,96
grid_eq,lpm2,1621,4,12,17,28,30,45,46,52,56,65,67,72,79,86,92,98
grid_eq,lpm2,1622,1,9,17,22,24,38,40,41,45,53,59,66,73,80,86,93
grid_eq,lpm2,1623,8,11,13,16,19,33,42,45,65,69,80,82,86,92,95,100
grid_eq,lpm2,1624,3,5,10,23,27,36,40,48,51,54,69,73,76,87,95,99
grid_eq,lpm2,1625,6,8,21,26,34,37,41,50,54,58,59,62,76,78,84,99
grid_eq,lpm2,1626,5,17,20,23,24,26,45,50,51,58,67,74,81,87,91,99
grid_eq,lpm2,1627,4,13,18,20,22,44,47,49,53,55,58,62,79,86,88,94
grid_eq,lpm2,1628,3,8,10,15,17,24,35,41,43,56,68,71,75,80,87,93
grid_eq,lpm2,1629,6,12,18,20,24,33,36,41,47,52,57,60,73,84,89,96
grid_eq,lpm2,1630,17,20,26,33,36,41,45,49,50,61,63,65,66,83,88,95
grid_eq,lpm2,1631,4,6,17,23,30,32,39,47,51,64,72,78,81,87,94,100
grid_eq,lpm2,1632,8,10,15,22,24,38,40,45,52,56,63,71,79,83,96,99
grid_eq,lpm2,1633,1,8,19,24,26,39,41,44,50,55,65,67,70,82,86,88
grid_eq,lpm2,1634,1,16,18,27,34,37,41,57,60,62,77,79,81,83,84,99
grid_eq,lpm2,1635,6,10,13,18,21,25,44,46,50,53,67,71,75,80,93,100
grid_eq,lpm2,1636,3,6,18,20,33,42,47,57,65,68,71,80,84,88,93,95
grid_eq,lpm2,1637,5,13,15,20,28,36,40,41,43,48,65,72,77,78,81,95
grid_eq,lpm2,1638,3,8,24,28,33,36,50,51,57,62,68,74,77,80,81,99
grid_eq,lpm2,1639,2,8,13,20,24,41,43,47,56,64,72,76,78,85,90,92
grid_eq,lpm2,1640,2,5,8,30,33,45,48,60,61,64,67,75,79,82,95,97
grid_eq,lpm2,1641,8,12,13,20,25,28,42,45,52,60,65,67,77,80,91,94
grid_eq,lpm2,1642,3,6,10,17,28,35,54,56,59,60,63,72,74,89,94,98
grid_eq,lpm2,1643,2,9,14,18,33,36,38,49,53,64,67,69,71,85,86,92
grid_eq,lpm2,1644,8,10,12,21,25,27,35,42,49,56,59,81,87,90,91,95
grid_eq,lpm2,1645,6,11,16,28,30,31,35,36,50,54,58,61,79,81,84,87
grid_eq,lpm2,1646,5,11,24,29,32,37,40,48,51,55,57,72,78,80,84,93
grid_eq,lpm2,1647,4,11,18,19,32,40,47,51,54,57,65,70,73,81,89,95
grid_eq,lpm2,1648,2,14,18,26,27,33,39,44,63,67,69,75,81,84,98,100
grid_eq,lpm2,1649,3,6,10,18,34,41,45,48,60,62,75,83,87,92,95,100
grid_eq,lpm2,1650,5,7,11,20,23,31,38,44,47,60,65,67,84,86,91,100
grid_eq,lpm2,1651,2,4,8,19,27,35,43,46,52,67,69,70,74,86,95,99
grid_eq,lpm2,1652,4,17,18,21,25,30,34,50,55,63,66,68,70,84,89,93
grid_eq,lpm2,1653,1,17,20,21,23,26,28,40,62,65,68,76,81,83,85,90
grid_eq,lpm2,1654,4,16,23,29,33,41,48,50,57,61,72,74,79,85,88,100
grid_eq,lpm2,1655,13,15,18,27,31,36,49,58,60,65,73,76,79,81,88,94
grid_eq,lpm2,1656,5,14,20,22,27,36,41,45,53,70,74,77,82,93,96,98
grid_eq,lpm2,1657,9,13,25,30,33,47,51,54,58,60,73,75,78,89,92,97
grid_eq,lpm2,1658,9,12,22,26,29,34,46,50,51,55,66,72,85,88,93,100
grid_eq,lpm2,1659,12,15,18,26,38,41,43,49,60,62,64,68,74,80,87,93
grid_eq,lpm2,1660,3,10,11,15,24,36,40,41,49,52,54,75,78,80,94,97
grid_eq,lpm2,1661,10,12,16,18,33,35,48,49,53,55,70,75,78,84,91,99
grid_eq,lpm2,1662,15,17,23,29,31,34,38,40,43,53,55,58,67,78,82,97
grid_eq,lpm2,1663,1,9,14,33,36,38,45,49,51,71,76,77,80,89,94,97
grid_eq,lpm2,1664,6,8,22,24,29,33,38,42,52,60,64,68,76,79,91,100
grid_eq,lpm2,1665,11,14,16,20,23,36,38,42,55,59,61,78,81,84,86,98
grid_eq,lpm2,1666,1,8,14,16,29,43,46,48,51,55,62,70,76,78,91,96
grid_eq,lpm2,1667,4,12,15,17,20,32,45,48,53,57,70,72,76,81,90,98
grid_eq,lpm2,1668,3,16,19,21,23,28,42,47,53,54,56,69,77,82,86,99
grid_eq,lpm2,1669,5,14,22,27,39,43,50,54,62,66,67,74,81,87,88,98
grid_eq,lpm2,1670,1,10,16,22,29,34,37,41,50,56,61,66,80,84,96,98
grid_eq,lpm2,1671,2,6,19,23,27,44,47,51,55,60,62,66,69,72,90,96
grid_eq,lpm2,1672,5,13,16,20,21,38,42,50,51,55,77,80,83,84,97,99
grid_eq,lpm2,1673,3,9,14,26,28,32,37,43,46,57,61,69,75,90,92,96
grid_eq,lpm2,1674,8,10,14,22,34,37,40,41,58,61,76,79,83,87,94,97
grid_eq,lpm2,1675,5,7,12,18,27,35,41,44,66,70,72,81,85,87,90,98
grid_eq,lpm2,1676,4,11,25,27,29,31,36,43,58,65,66,70,72,85,93,99
grid_eq,lpm2,1677,2,4,9,16,20,22,34,43,48,59,61,65,77,86,89,92
grid_eq,lpm2,1678,3,9,12,17,36,40,43,54,59,61,68,74,82,87,89,94
grid_eq,lpm2,1679,2,5,7,21,26,29,33,47,55,59,66,71,75,80,88,91
grid_eq,lpm2,1680,2,6,9,21,25,39,42,45,56,65,70,73,77,91,94,100
grid_eq,lpm2,1681,14,16,20,21,25,33,37,39,53,59,79,81,84,86,90,95
grid_eq,lpm2,1682,4,7,11,22,28,33,47,54,61,68,72,87,90,93,95,97
grid_eq,lpm2,1683,4,13,16,18,21,36,39,43,51,58,66,70,79,81,94,96
grid_eq,lpm2,1684,7,9,13,25,32,35,40,44,52,59,63,74,76,80,94,97
grid_eq,lpm2,1685,13,19,25,28,34,39,42,47,52,63,71,75,79,82,96,99
grid_eq,lpm2,1686,4,9,17,23,25,32,45,49,51,66,72,79,80,85,87,99
grid_eq,lpm2,1687,1,5,9,18,25,27,32,43,48,55,59,74,82,87,89,95
grid_eq,lpm2,1688,1,6,8,22,26,28,41,44,48,55,57,70,75,78,81,92
grid_eq,lpm2,1689,4,9,12,25,30,42,49,54,57,61,69,74,80,83,93,97
grid_eq,lpm2,1690,6,8,14,19,22,33,36,48,52,60,65,68,72,75,89,94
grid_eq,lpm2,1691,4,10,11,16,28,36,37,43,59,65,67,74,78,81,86,99
grid_eq,lpm2,1692,2,5,10,11,27,33,37,49,53,63,70,76,80,87,92,95
grid_eq,lpm2,1693,5,7,19,25,29,31,38,43,54,60,62,68,72,79,84,86
grid_eq,lpm2,1694,2,13,17,20,32,36,39,43,58,66,73,80,87,89,91,94
grid_eq,lpm2,1695,6,10,14,23,28,31,34,47,49,52,54,66,79,83,94,100
grid_eq,lpm2,1696,4,11,18,24,35,40,41,42,47,57,60,73,75,86,91,99
grid_eq,lpm2,1697,5,6,19,21,23,28,44,46,53,67,70,71,79,83,84,97
grid_eq,lpm2,1698,14,16,20,25,32,36,42,48,50,63,64,66,70,87,91,95
grid_eq,lpm2,1699,1,17,23,29,30,31,35,48,56,69,71,75,83,88,90,93
grid_eq,lpm2,1700,11,13,19,20,26,31,34,37,39,57,61,69,73,82,86,98
grid_eq,lpm2,1701,3,15,18,22,29,33,35,40,53,56,67,76,82,89,92,96
grid_eq,lpm2,1702,5,9,12,24,26,31,33,38,55,61,66,69,76,91,95,100
grid_eq,lpm2,1703,7,8,13,36,42,44,50,55,59,61,67,81,84,90,93,97
grid_eq,lpm2,1704,6,12,14,28,30,34,36,42,47,59,68,73,77,84,91,98
grid_eq,lpm2,1705,9,11,22,30,32,35,37,52,56,59,65,67,83,86,89,94
grid_eq,lpm2,1706,3,11,18,20,27,38,42,44,47,65,71,74,80,83,86,94
grid_eq,lpm2,1707,4,7,10,21,24,33,37,40,54,59,76,78,82,87,93,99
grid_eq,lpm2,1708,3,15,22,27,29,30,48,51,59,61,65,68,83,87,95,98
grid_eq,lpm2,1709,6,12,19,23,30,34,41,47,57,61,65,72,85,88,93,100
grid_eq,lpm2,1710,2,8,15,29,34,36,40,43,54,56,67,70,71,73,87,90
grid_eq,lpm2,1711,8,11,20,24,26,32,44,47,49,52,57,70,72,76,89,97
grid_eq,lpm2,1712,1,6,12,25,29,40,45,46,51,58,64,68,83,91,96,100
grid_eq,lpm2,1713,10,11,15,27,43,44,47,56,60,61,67,72,86,90,93,100
grid_eq,lpm2,1714,2,7,15,28,30,31,33,46,51,65,69,73,81,87,88,96
grid_eq,lpm2,1715,6,9,15,22,43,46,49,53,55,66,69,72,77,86,90,93
grid_eq,lpm2,1716,9,12,13,17,30,34,41,46,51,68,82,86,88,90,94,98
grid_eq,lpm2,1717,10,16,21,24,28,32,45,47,49,53,62,76,82,85,89,96
grid_eq,lpm2,1718,5,7,9,16,31,33,37,39,46,58,62,69,73,76,85,100
grid_eq,lpm2,1719,2,15,16,19,38,39,46,53,57,59,61,66,83,86,87,94
grid_eq,lpm2,1720,1,5,14,18,20,33,40,42,47,48,56,62,72,80,84,88
grid_eq,lpm2,1721,2,8,11,15,27,40,41,45,53,57,61,76,78,89,92,95
grid_eq,lpm2,1722,2,4,18,19,25,32,46,50,54,62,68,69,74,75,94,98
grid_eq,lpm2,1723,7,9,12,30,35,42,48,56,61,70,73,77,81,84,89,96
grid_eq,lpm2,1724,12,14,16,18,23,30,41,45,46,58,66,72,79,81,85,99
grid_eq,lpm2,1725,1,10,18,25,33,41,44,46,49,61,65,70,83,88,90,95
grid_eq,lpm2,1726,9,12,21,26,32,34,40,47,53,57,60,71,75,88,89,93
grid_eq,lpm2,1727,1,15,17,18,20,23,47,53,55,67,70,71,79,82,95,98
grid_eq,lpm2,1728,11,16,25,28,32,37,39,54,63,67,70,74,78,86,91,93
grid_eq,lpm2,1729,1,5,21,29,30,33,36,46,52,55,58,60,76,82,84,99
grid_eq,lpm2,1730,1,6,13,18,20,31,44,46,60,61,65,74,77,79,92,98
grid_eq,lpm2,1731,1,7,15,23,30,37,45,51,60,63,78,79,81,86,94,100
grid_eq,lpm2,1732,6,9,12,14,17,34,37,41,42,50,67,68,81,85,93,100
grid_eq,lpm2,1733,3,6,11,17,18,34,37,42,60,64,73,76,79,87,92,95
grid_eq,lpm2,1734,3,12,18,19,35,36,41,53,59,73,78,80,81,86,93,100
grid_eq,lpm2,1735,1,5,10,17,34,36,38,42,58,64,75,82,88,90,93,96
grid_eq,lpm2,1736,1,3,20,26,31,33,45,48,50,64,69,71,77,80,84,93
grid_eq,lpm2,1737,3,7,10,15,22,28,33,40,51,56,59,65,76,83,88,92
grid_eq,lpm2,1738,6,15,19,23,31,35,37,44,49,66,67,74,81,87,89,100
grid_eq,lpm2,1739,12,16,28,33,35,44,46,50,59,61,74,75,81,90,95,98
grid_eq,lpm2,1740,8,21,23,27,30,33,35,39,53,56,69,71,78,84,87,93
grid_eq,lpm2,1741,1,5,17,26,31,39,44,46,63,65,67,69,71,84,90,94
grid_eq,lpm2,1742,8,12,24,33,40,41,48,54,61,72,76,78,80,84,96,99
grid_eq,lpm2,1743,5,7,13,22,24,28,36,40,42,53,64,67,70,82,88,94
grid_eq,lpm2,1744,9,13,25,27,29,32,43,48,58,61,64,66,78,82,84,90
grid_eq,lpm2,1745,5,13,18,25,31,36,44,48,51,64,69,72,77,84,96,100
grid_eq,lpm2,1746,5,8,13,27,35,42,48,51,55,57,59,61,73,74,77,79
grid_eq,lpm2,1747,2,8,14,27,29,42,47,52,54,57,62,77,78,80,93,96
grid_eq,lpm2,1748,6,8,15,22,26,34,41,48,53,61,67,75,78,86,87,90
grid_eq,lpm2,1749,5,7,13,18,25,39,46,52,54,62,73,76,78,84,87,90
grid_eq,lpm2,1750,3,5,7,9,27,39,41,45,63,65,68,81,84,88,97,100
grid_eq,lpm2,1751,6,10,15,18,22,35,41,46,54,57,72,80,81,84,88,95
grid_eq,lpm2,1752,4,20,23,25,28,42,47,52,55,59,63,74,79,90,93,97
grid_eq,lpm2,1753,5,13,19,21,35,37,43,46,50,61,63,68,76,79,93,99
grid_eq,lpm2,1754,8,14,16,21,28,30,35,41,43,49,72,75,76,80,93,96
grid_eq,lpm2,1755,5,10,11,18,33,35,37,41,57,59,62,64,76,84,88,100
grid_eq,lpm2,1756,2,8,14,21,26,28,34,47,59,61,66,72,78,84,95,100
grid_eq,lpm2,1757,10,12,18,25,32,43,49,55,60,61,66,71,85,91,96,98
grid_eq,lpm2,1758,3,5,10,18,31,44,48,55,60,61,63,76,80,86,93,97
grid_eq,lpm2,1759,3,9,10,16,21,36,44,48,55,58,63,71,76,78,84,89
grid_eq,lpm2,1760,6,9,14,21,23,28,38,44,50,52,55,71,76,89,92,96
grid_eq,lpm2,1761,6,12,24,30,31,35,38,42,49,54,56,70,72,74,77,85
grid_eq,lpm2,1762,4,8,11,22,24,26,28,40,46,51,67,71,76,84,88,93
grid_eq,lpm2,1763,6,18,19,22,31,34,37,51,57,64,66,75,88,90,91,96
grid_eq,lpm2,1764,4,7,9,21,27,35,42,47,50,58,61,64,79,83,91,96
grid_eq,lpm2,1765,1,16,23,27,30,32,36,45,50,58,71,73,75,76,79,88
grid_eq,lpm2,1766,3,7,15,22,32,35,39,50,57,62,66,71,74,79,87,92
grid_eq,lpm2,1767,3,19,22,26,40,41,48,54,56,61,67,69,78,81,84,96
grid_eq,lpm2,1768,7,15,21,24,38,40,42,43,60,64,67,71,75,90,93,96
grid_eq,lpm2,1769,6,8,12,15,38,43,44,47,59,61,63,76,78,85,91,100
grid_eq,lpm2,1770,5,11,20,28,33,34,45,48,49,67,70,71,73,75,91,98
grid_eq,lpm2,1771,2,5,14,27,29,32,34,36,52,59,64,72,79,88,93,97
grid_eq,lpm2,1772,4,13,17,19,32,35,50,53,66,67,68,73,75,81,93,100
grid_eq,lpm2,1773,9,11,17,23,42,44,47,56,58,62,70,79,81,86,93,96
grid_eq,lpm2,1774,3,20,24,28,31,39,47,54,61,66,73,78,81,96,98,100
grid_eq,lpm2,1775,3,5,7,10,11,39,42,44,46,58,64,66,71,86,88,99
grid_eq,lpm2,1776,2,17,18,22,24,37,50,52,55,58,67,72,78,85,93,97
grid_eq,lpm2,1777,18,22,24,37,40,41,43,48,58,62,66,77,83,93,97,99
grid_eq,lpm2,1778,5,12,24,28,33,39,46,53,56,69,78,82,86,88,92,96
grid_eq,lpm2,1779,2,7,15,22,27,29,46,49,54,56,62,79,82,83,87,99
grid_eq,lpm2,1780,3,10,15,17,19,21,33,45,48,53,69,72,75,77,85,99
grid_eq,lpm2,1781,4,6,8,10,37,40,49,51,63,64,67,75,80,83,88,97
grid_eq,lpm2,1782,3,19,22,34,37,39,41,43,50,56,69,73,76,81,94,99
grid_eq,lpm2,1783,3,8,14,28,32,40,43,47,55,59,63,76,82,83,89,96
grid_eq,lpm2,1784,7,18,21,25,30,31,37,51,55,61,64,67,69,76,93,99
grid_eq,lpm2,1785,7,14,23,32,35,36,38,40,57,61,63,74,79,86,94,97
grid_eq,lpm2,1786,2,7,16,19,20,32,45,47,49,61,63,67,78,82,84,89
grid_eq,lpm2,1787,2,9,12,26,29,43,47,49,58,66,73,80,81,85,89,95
grid_eq,lpm2,1788,4,6,11,20,25,37,40,41,54,56,72,76,80,88,91,94
grid_eq,lpm2,1789,4,6,23,28,42,47,50,51,54,57,69,72,85,89,91,98
grid_eq,lpm2,1790,2,5,8,25,32,37,39,46,50,52,57,63,75,81,89,96
grid_eq,lpm2,1791,1,5,17,21,26,29,50,51,55,68,70,78,84,91,94,96
grid_eq,lpm2,1792,5,10,11,18,26,32,45,55,58,60,71,73,86,87,90,96
grid_eq,lpm2,1793,7,13,14,22,32,34,39,46,48,65,71,74,85,88,89,92
grid_eq,lpm2,1794,4,12,16,17,35,40,43,48,51,60,67,69,74,81,87,98
grid_eq,lpm2,1795,11,13,17,19,25,37,43,50,62,65,77,79,84,91,95,98
grid_eq,lpm2,1796,1,7,15,26,28,42,44,50,53,58,67,72,81,87,89,95
grid_eq,lpm2,1797,13,17,23,25,40,42,45,54,60,63,66,72,74,78,80,88
grid_eq,lpm2,1798,10,12,16,22,28,29,35,41,46,63,67,83,87,90,91,94
grid_eq,lpm2,1799,2,9,13,21,25,30,42,50,56,58,73,76,79,87,93,100
grid_eq,lpm2,1800,1,16,22,29,34,36,37,48,51,63,64,70,72,86,89,100
grid_eq,lpm2,1801,7,9,11,15,23,40,41,46,49,55,72,77,79,85,91,97
grid_eq,lpm2,1802,8,12,14,25,27,33,42,47,49,55,60,68,71,83,88,95
grid_eq,lpm2,1803,4,7,20,23,25,38,40,44,61,67,73,84,86,88,90,91
grid_eq,lpm2,1804,2,5,13,19,31,36,39,45,52,64,68,69,71,73,85,88
grid_eq,lpm2,1805,2,7,19,21,23,37,44,49,51,55,67,70,72,85,90,97
grid_eq,lpm2,1806,2,15,17,23,29,32,45,55,58,60,71,78,83,85,89,90
grid_eq,lpm2,1807,1,21,25,26,28,35,40,48,56,62,64,76,81,84,88,90
grid_eq,lpm2,1808,1,6,18,24,29,43,45,49,51,56,58,72,76,78,83,94
grid_eq,lpm2,1809,3,10,14,17,25,29,44,49,55,57,62,68,71,80,83,88
grid_eq,lpm2,1810,12,15,23,28,37,38,50,52,59,65,73,76,80,88,92,94
grid_eq,lpm2,1811,2,5,9,17,23,35,42,48,54,56,59,61,65,77,87,90
grid_eq,lpm2,1812,3,5,7,11,16,20,35,38,44,59,62,71,75,83,89,98
grid_eq,lpm2,1813,2,11,18,25,34,39,45,58,63,64,68,71,80,83,89,96
grid_eq,lpm2,1814,7,12,15,23,30,33,39,45,48,53,56,59,72,83,86,90
grid_eq,lpm2,1815,5,21,29,30,33,35,44,46,56,58,60,61,80,87,91,95
grid_eq,lpm2,1816,2,4,8,20,26,29,35,41,43,59,64,72,77,81,90,94
grid_eq,lpm2,1817,2,9,21,25,33,34,39,40,46,48,52,67,73,81,89,97
grid_eq,lpm2,1818,1,4,9,22,25,45,48,53,60,67,71,74,77,82,90,96
grid_eq,lpm2,1819,8,11,15,21,24,38,45,47,50,58,64,71,73,77,89,91
grid_eq,lpm2,1820,2,11,17,25,30,32,36,53,58,66,70,73,75,91,95,98
grid_eq,lpm2,1821,1,5,9,24,26,38,41,50,53,58,71,76,78,92,94,100
grid_eq,lpm2,1822,15,16,20,22,28,33,48,51,52,55,66,68,71,88,90,95
grid_eq,lpm2,1823,3,4,17,29,35,38,42,49,51,54,57,62,65,83,89,95
grid_eq,lpm2,1824,1,13,18,26,31,34,37,43,57,59,72,76,79,93,95,98
grid_eq,lpm2,1825,2,4,7,19,38,40,41,42,45,56,62,69,78,91,95,97
grid_eq,lpm2,1826,5,13,14,20,27,28,43,50,51,55,69,75,81,87,94,98
grid_eq,lpm2,1827,6,9,12,20,25,43,46,50,51,57,64,73,78,86,91,94
grid_eq,lpm2,1828,12,18,24,26,29,32,34,49,57,61,67,69,74,81,90,95
grid_eq,lpm2,1829,1,5,18,26,29,36,43,49,55,57,61,74,79,81,97,99
grid_eq,lpm2,1830,1,5,9,13,29,32,45,47,49,54,58,75,81,88,91,99
grid_eq,lpm2,1831,11,12,25,27,29,31,50,55,58,61,70,78,81,87,94,99
grid_eq,lpm2,1832,7,10,15,19,23,31,34,37,52,68,69,71,75,83,89,95
grid_eq,lpm2,1833,1,6,19,28,31,40,46,51,54,58,66,78,82,84,90,97
grid_eq,lpm2,1834,3,6,8,12,14,20,42,54,58,61,66,70,75,83,93,99
grid_eq,lpm2,1835,5,8,13,27,31,35,38,50,54,57,61,69,85,86,94,100
grid_eq,lpm2,1836,10,11,14,16,27,40,42,46,52,55,70,75,84,88,91,100
grid_eq,lpm2,1837,6,8,23,27,29,36,42,45,49,50,62,71,75,77,87,89
grid_eq,lpm2,1838,2,14,17,30,32,39,44,50,52,56,69,77,81,83,95,100
grid_eq,lpm2,1839,3,19,21,26,28,30,42,54,57,63,67,70,73,79,82,96
grid_eq,lpm2,1840,1,3,7,9,35,37,51,54,56,59,62,75,77,81,94,100
grid_eq,lpm2,1841,2,4,9,23,26,29,41,45,47,50,53,76,79,83,95,100
grid_eq,lpm2,1842,2,4,7,8,21,33,46,50,54,58,61,69,73,77,82,94
grid_eq,lpm2,1843,7,10,12,15,27,33,39,46,52,60,75,77,80,81,93,96
grid_eq,lpm2,1844,1,4,8,17,25,28,44,48,52,56,64,69,72,86,93,98
grid_eq,lpm2,1845,6,9,15,21,23,38,50,53,56,59,62,76,83,90,91,97
grid_eq,lpm2,1846,1,3,8,10,14,32,38,46,50,61,67,75,83,87,93,100
grid_eq,lpm2,1847,1,9,14,16,23,41,45,54,56,69,72,77,84,92,95,100
grid_eq,lpm2,1848,12,17,21,25,28,30,31,37,39,61,63,66,77,79,92,96
grid_eq,lpm2,1849,2,4,17,26,30,32,37,44,52,56,70,79,81,83,89,99
grid_eq,lpm2,1850,6,13,18,21,25,30,37,42,59,68,73,76,79,82,95,97
grid_eq,lpm2,1851,3,6,9,13,31,33,38,45,47,51,58,66,75,79,83,88
grid_eq,lpm2,1852,2,10,16,23,24,27,29,37,41,55,56,81,83,90,94,97
grid_eq,lpm2,1853,6,12,14,20,32,39,43,48,54,57,61,70,79,93,95,98
grid_eq,lpm2,1854,15,20,23,27,31,34,38,43,44,50,57,72,84,86,89,98
grid_eq,lpm2,1855,12,15,24,28,31,37,39,53,57,60,65,71,78,79,94,96
grid_eq,lpm2,1856,6,9,12,23,36,37,39,41,44,56,59,64,68,73,91,99
grid_eq,lpm2,1857,10,11,15,17,18,33,38,50,51,54,58,63,67,85,91,100
grid_eq,lpm2,1858,1,6,14,19,30,34,48,51,52,56,60,66,82,87,90,97
grid_eq,lpm2,1859,3,15,17,28,33,41,44,46,64,66,69,70,71,88,91,96
grid_eq,lpm2,1860,2,9,18,22,24,26,31,35,38,64,67,74,79,82,88,96
grid_eq,lpm2,1861,12,16,18,23,25,30,41,44,47,58,64,80,81,85,87,89
grid_eq,lpm2,1862,1,5,10,17,21,23,40,42,46,49,65,71,73,76,96,98
grid_eq,lpm2,1863,1,13,16,25,28,39,42,44,51,63,70,77,86,92,95,98
grid_eq,lpm2,1864,6,13,15,20,25,33,40,41,46,47,54,63,70,73,86,98
grid_eq,lpm2,1865,8,11,15,27,29,31,44,46,59,63,65,71,78,86,92,100
grid_eq,lpm2,1866,8,12,14,19,31,33,36,38,52,54,56,69,83,86,92,96
grid_eq,lpm2,1867,2,7,12,15,19,26,29,46,62,65,70,78,83,84,88,96
grid_eq,lpm2,1868,2,5,17,18,24,34,39,48,53,54,67,79,83,92,94,98
grid_eq,lpm2,1869,6,11,19,35,38,44,47,60,63,64,66,68,71,82,89,95
grid_eq,lpm2,1870,4,10,11,25,26,32,37,39,43,65,68,74,77,80,95,98
grid_eq,lpm2,1871,3,6,20,24,28,41,42,44,46,58,60,73,88,90,92,96
grid_eq,lpm2,1872,2,5,10,13,18,26,31,38,50,52,64,67,70,86,88,92
grid_eq,lpm2,1873,5,13,16,20,22,38,42,44,46,58,63,71,76,79,84,90
grid_eq,lpm2,1874,3,17,18,22,34,40,43,48,53,56,65,72,79,85,89,97
grid_eq,lpm2,1875,1,4,7,10,28,31,40,42,45,47,63,70,84,87,95,100
grid_eq,lpm2,1876,5,18,22,33,36,39,48,50,61,65,72,75,78,83,86,89
grid_eq,lpm2,1877,3,6,18,19,23,37,41,43,45,50,64,67,70,73,93,96
grid_eq,lpm2,1878,2,14,17,29,31,34,38,50,52,63,64,68,76,80,88,92
grid_eq,lpm2,1879,8,11,14,26,35,38,42,50,52,59,72,79,87,90,92,95
grid_eq,lpm2,1880,2,8,15,29,31,33,36,50,52,60,64,82,85,86,87,88
grid_eq,lpm2,1881,5,12,17,19,30,33,39,51,55,57,63,64,70,77,81,86
grid_eq,lpm2,1882,3,6,8,20,34,42,48,50,53,55,62,67,85,88,93,100
grid_eq,lpm2,1883,3,16,20,21,24,36,44,48,51,56,60,72,77,82,89,95
grid_eq,lpm2,1884,3,4,6,7,11,32,38,46,54,58,62,76,80,82,85,89
grid_eq,lpm2,1885,11,15,18,20,23,27,32,35,44,56,63,70,77,78,82,94
grid_eq,lpm2,1886,2,5,8,28,31,32,39,52,58,73,75,76,86,91,97,100
grid_eq,lpm2,1887,2,12,18,24,35,39,41,48,53,56,59,72,79,85,88,91
grid_eq,lpm2,1888,1,19,21,24,26,30,35,46,49,52,64,77,80,91,94,99
grid_eq,lpm2,1889,1,5,17,20,29,33,35,48,61,63,66,69,80,88,92,97
grid_eq,lpm2,1890,1,13,15,18,27,29,41,45,50,58,62,65,77,82,87,98
grid_eq,lpm2,1891,9,11,13,14,30,33,45,49,60,61,65,79,83,86,87,92
grid_eq,lpm2,1892,6,14,22,27,30,43,44,47,55,60,64,68,81,87,89,93
grid_eq,lpm2,1893,5,10,12,17,21,25,33,40,55,64,71,77,79,80,86,92
grid_eq,lpm2,1894,14,17,23,28,31,44,49,53,59,66,73,77,81,85,94,100
grid_eq,lpm2,1895,3,8,15,22,26,28,41,44,48,64,66,70,78,83,85,87
grid_eq,lpm2,1896,1,9,14,23,28,36,45,49,51,56,68,71,83,88,90,95
grid_eq,lpm2,1897,4,6,18,21,27,33,36,44,52,58,60,72,74,87,90,91
grid_eq,lpm2,1898,10,12,14,18,25,31,37,40,44,63,71,75,78,84,87,92
grid_eq,lpm2,1899,2,8,15,19,36,42,43,54,60,74,77,81,87,90,93,98
grid_eq,lpm2,1900,3,8,15,26,33,40,46,51,58,64,69,76,81,94,98,99
grid_eq,lpm2,1901,1,14,17,25,29,40,53,54,56,61,69,81,86,89,95,98
grid_eq,lpm2,1902,3,6,11,14,27,30,35,49,52,56,65,80,81,83,88,95
grid_eq,lpm2,1903,2,4,10,22,26,38,46,50,63,66,71,75,78,79,86,91
grid_eq,lpm2,1904,5,12,17,19,24,33,47,52,58,64,73,77,80,82,97,100
grid_eq,lpm2,1905,7,12,25,30,32,33,37,46,48,55,65,68,72,81,89,95
grid_eq,lpm2,1906,6,12,18,21,39,42,47,52,56,58,69,74,83,86,94,98
grid_eq,lpm2,1907,2,9,14,21,29,33,46,48,58,63,65,83,89,93,98,100
grid_eq,lpm2,1908,1,7,10,13,14,27,33,39,55,59,62,66,75,88,91,98
grid_eq,lpm2,1909,5,8,10,12,21,34,38,49,52,54,56,71,74,78,85,89
grid_eq,lpm2,1910,11,19,25,28,30,34,38,52,55,56,70,73,74,87,88,93
grid_eq,lpm2,1911,2,7,22,25,30,33,37,49,53,56,62,72,78,87,89,92
grid_eq,lpm2,1912,4,22,24,26,27,28,43,45,49,51,58,69,75,81,84,98
grid_eq,lpm2,1913,6,10,12,13,26,28,39,42,56,60,72,83,84,86,88,100
grid_eq,lpm2,1914,2,15,16,20,21,40,43,45,59,67,75,76,78,83,91,100
grid_eq,lpm2,1915,8,10,14,22,34,36,38,49,52,60,61,74,84,89,93,99
grid_eq,lpm2,1916,2,5,8,26,35,37,40,42,51,59,74,75,87,89,91,94
grid_eq,lpm2,1917,4,8,17,22,25,34,38,41,43,54,70,72,75,78,87,92
grid_eq,lpm2,1918,10,12,17,24,26,29,32,47,51,60,65,73,82,86,88,90
grid_eq,lpm2,1919,2,5,8,19,32,37,40,53,54,56,69,74,77,81,93,99
grid_eq,lpm2,1920,3,15,17,22,29,33,38,43,56,59,63,77,81,85,89,99
grid_eq,lpm2,1921,9,15,18,22,35,36,38,51,59,64,71,72,76,88,90,93
grid_eq,lpm2,1922,5,8,13,21,27,39,47,49,51,53,54,66,78,80,92,99
grid_eq,lpm2,1923,4,18,22,24,26,29,42,49,51,53,54,67,69,74,76,87
grid_eq,lpm2,1924,2,21,24,26,29,30,42,48,53,54,66,79,84,85,89,93
grid_eq,lpm2,1925,1,3,6,18,24,29,32,44,47,58,61,63,74,82,88,95
grid_eq,lpm2,1926,13,15,18,30,33,37,44,49,64,68,71,79,81,84,86,98
grid_eq,lpm2,1927,4,9,15,17,29,33,46,48,51,57,64,70,73,82,86,100
grid_eq,lpm2,1928,1,4,10,15,29,36,38,42,51,63,69,78,85,89,93,97
grid_eq,lpm2,1929,1,19,22,24,27,31,34,38,56,57,62,70,83,86,95,99
grid_eq,lpm2,1930,15,19,22,27,35,40,42,48,54,57,60,62,76,81,94,100
grid_eq,lpm2,1931,5,7,16,20,21,32,35,50,55,62,67,72,76,80,94,98
grid_eq,lpm2,1932,12,13,18,20,24,33,37,49,57,62,64,70,71,75,79,92
grid_eq,lpm2,1933,3,7,10,12,24,42,44,46,57,59,60,63,77,82,84,89
grid_eq,lpm2,1934,2,6,19,22,25,35,37,49,57,61,65,72,76,80,85,92
grid_eq,lpm2,1935,8,13,19,26,32,43,45,49,59,63,65,73,81,85,87,89
grid_eq,lpm2,1936,12,19,24,27,33,34,47,49,61,70,72,75,78,86,89,93
grid_eq,lpm2,1937,1,4,10,16,27,32,36,43,48,53,56,70,72,77,83,97
grid_eq,lpm2,1938,15,16,21,24,31,36,40,51,54,56,59,63,76,92,95,100
grid_eq,lpm2,1939,7,12,19,25,42,50,51,54,56,58,62,73,74,77,85,89
grid_eq,lpm2,1940,7,13,20,25,28,31,44,47,52,57,63,66,69,78,93,100
grid_eq,lpm2,1941,1,6,16,23,30,36,41,45,48,56,59,72,74,79,87,93
grid_eq,lpm2,1942,1,14,17,20,23,38,43,47,50,54,66,71,83,85,88,90
grid_eq,lpm2,1943,3,4,8,16,25,30,38,42,61,66,68,70,73,74,85,100
grid_eq,lpm2,1944,3,7,10,23,25,30,32,47,58,62,67,74,82,96,98,100
grid_eq,lpm2,1945,2,9,14,27,30,33,38,54,63,67,72,78,80,92,96,99
grid_eq,lpm2,1946,4,6,8,21,24,29,44,46,52,66,68,70,74,82,95,98
grid_eq,lpm2,1947,8,15,22,27,31,39,40,43,46,60,67,72,74,82,98,100
grid_eq,lpm2,1948,4,12,24,27,30,31,44,50,53,61,66,73,79,84,87,100
grid_eq,lpm2,1949,1,10,13,14,28,37,45,50,53,57,73,75,76,90,96,99
grid_eq,lpm2,1950,3,9,11,16,25,33,38,39,51,56,64,75,78,80,81,91
grid_eq,lpm2,1951,4,6,9,25,31,38,42,44,46,63,67,70,72,79,87,92
grid_eq,lpm2,1952,4,8,19,22,26,42,44,48,57,59,62,65,73,79,80,84
grid_eq,lpm2,1953,12,14,27,28,32,35,50,53,59,65,73,78,86,90,91,94
grid_eq,lpm2,1954,5,8,11,26,30,33,35,39,58,61,64,76,78,83,85,99
grid_eq,lpm2,1955,3,7,9,15,22,32,46,48,52,60,67,82,85,89,94,99
grid_eq,lpm2,1956,7,12,14,25,29,38,42,45,51,57,67,72,85,90,91,95
grid_eq,lpm2,1957,1,8,10,14,37,40,41,45,62,68,69,72,86,92,94,97
grid_eq,lpm2,1958,2,7,24,26,28,32,43,47,51,55,57,75,77,80,82,88
grid_eq,lpm2,1959,3,15,25,29,33,38,40,51,55,59,72,76,79,94,97,100
grid_eq,lpm2,1960,12,17,19,33,35,37,40,41,49,56,70,72,84,88,90,92
grid_eq,lpm2,1961,4,8,10,22,29,32,36,44,48,52,69,71,77,83,96,99
grid_eq,lpm2,1962,11,13,18,20,34,37,46,49,64,66,75,83,89,91,95,99
grid_eq,lpm2,1963,2,8,22,24,30,33,36,50,55,58,62,67,73,78,91,95
grid_eq,lpm2,1964,3,6,8,25,27,30,43,44,49,51,58,65,77,89,90,91
grid_eq,lpm2,1965,2,15,19,26,34,41,42,49,64,67,70,75,90,91,93,97
grid_eq,lpm2,1966,8,14,21,25,30,36,49,53,56,63,68,69,72,73,86,87
grid_eq,lpm2,1967,11,12,16,18,20,25,35,46,53,58,62,72,80,84,87,98
grid_eq,lpm2,1968,3,7,15,27,30,33,38,41,54,57,61,65,68,91,94,100
grid_eq,lpm2,1969,2,8,21,23,26,28,32,35,49,52,65,67,69,86,89,91
grid_eq,lpm2,1970,7,10,11,14,23,32,38,44,49,59,61,65,67,89,91,94
grid_eq,lpm2,1971,8,11,23,26,29,31,45,46,58,60,61,64,73,85,87,100
grid_eq,lpm2,1972,5,9,13,24,26,30,42,47,53,55,60,72,75,87,93,99
grid_eq,lpm2,1973,13,15,19,22,26,36,38,42,44,50,61,64,83,84,87,98
grid_eq,lpm2,1974,4,6,10,11,32,43,46,58,60,62,73,77,80,81,95,97
grid_eq,lpm2,1975,2,5,19,22,24,32,39,43,47,50,56,70,76,81,83,89
grid_eq,lpm2,1976,4,8,11,20,24,35,38,42,50,62,64,73,75,78,80,98
grid_eq,lpm2,1977,11,15,20,28,37,41,43,54,59,62,66,70,85,92,94,99
grid_eq,lpm2,1978,15,19,23,27,30,35,48,51,53,60,65,68,72,80,94,97
grid_eq,lpm2,1979,1,4,18,22,26,38,40,43,55,57,63,64,80,81,87,94
grid_eq,lpm2,1980,1,15,17,22,26,28,29,42,56,59,65,68,82,88,93,96
grid_eq,lpm2,1981,2,4,8,22,24,26,38,40,51,64,66,68,79,82,87,95
grid_eq,lpm2,1982,2,4,8,22,27,33,39,46,53,58,60,65,72,79,81,95
grid_eq,lpm2,1983,6,12,14,20,25,36,41,55,59,60,62,64,68,83,86,88
grid_eq,lpm2,1984,7,12,14,29,33,35,36,37,50,59,65,80,81,85,88,95
grid_eq,lpm2,1985,3,12,24,30,36,42,45,48,50,53,58,75,79,81,86,99
grid_eq,lpm2,1986,2,4,9,16,17,43,45,50,62,65,68,72,74,84,88,98
grid_eq,lpm2,1987,3,5,16,22,30,39,44,47,55,62,78,84,86,90,92,99
grid_eq,lpm2,1988,4,9,11,22,26,27,48,55,60,61,76,82,93,95,97,100
grid_eq,lpm2,1989,1,6,7,20,23,34,39,43,45,47,52,74,77,82,98,100
grid_eq,lpm2,1990,2,6,14,18,22,38,40,42,44,58,66,73,77,82,85,99
grid_eq,lpm2,1991,2,5,7,26,36,38,41,43,50,56,61,65,85,89,90,92
grid_eq,lpm2,1992,10,12,14,16,31,39,44,46,50,52,57,59,61,77,85,99
grid_eq,lpm2,1993,2,5,9,15,33,46,48,50,52,75,77,79,80,83,91,96
grid_eq,lpm2,1994,4,10,13,16,25,32,34,40,48,56,63,70,79,87,91,93
grid_eq,lpm2,1995,5,10,13,27,29,43,45,47,53,58,63,75,82,89,95,97
grid_eq,lpm2,1996,5,7,9,22,28,31,39,43,45,57,63,65,70,86,93,98
grid_eq,lpm2,1997,1,6,10,23,25,40,43,44,57,59,61,73,76,87,95,100
grid_eq,lpm2,1998,9,10,12,15,28,35,41,48,55,57,62,68,91,94,97,99
grid_eq,lpm2,1999,11,15,20,22,27,32,35,38,51,55,64,68,71,80,94,96
grid_eq,lpm2,2000,5,20,23,26,28,34,40,41,53,58,63,78,80,81,86,94
grid_eq,UPmaxentropy,1,2,4,6,8,21,22,29,36,47,50,58,59,60,66,67,70
grid_eq,UPmaxentropy,2,5,13,17,21,22,24,48,50,53,56,57,68,73,76,92,99
grid_eq,UPmaxentropy,3,24,26,29,34,35,40,41,55,59,61,68,70,77,84,95,99
grid_eq,UPmaxentropy,4,6,12,17,29,31,34,36,42,44,49,52,82,84,94,98,100
grid_eq,UPmaxentropy,5,24,26,44,45,51,52,53,54,58,63,67,78,90,94,96,99
grid_eq,UPmaxentropy,6,4,5,11,30,32,33,40,48,53,61,62,72,75,79,91,93
grid_eq,UPmaxentropy,7,30,39,40,41,48,52,62,67,68,74,75,87,89,92,93,95
grid_eq,UPmaxentropy,8,12,21,30,32,37,49,54,71,73,74,81,88,91,92,95,96
grid_eq,UPmaxentropy,9,3,24,36,40,42,44,48,62,65,76,78,79,82,85,90,91
grid_eq,UPmaxentropy,10,7,18,21,29,35,41,44,45,53,56,61,68,74,81,88,90
grid_eq,UPmaxentropy,11,4,10,21,22,31,33,37,46,56,59,66,68,70,83,98,100
grid_eq,UPmaxentropy,12,9,10,17,21,27,28,29,43,45,67,69,79,81,83,92,94
grid_eq,UPmaxentropy,13,4,13,24,35,51,56,59,69,74,81,83,84,86,87,91,93
grid_eq,UPmaxentropy,14,25,28,30,38,41,52,64,75,77,78,80,82,86,87,88,99
grid_eq,UPmaxentropy,15,6,11,14,18,21,27,28,33,34,51,60,64,69,82,87,94
grid_eq,UPmaxentropy,16,1,8,13,17,20,26,35,61,63,66,75,87,89,94,97,100
grid_eq,UPmaxentropy,17,1,7,8,9,12,13,16,20,32,58,69,73,82,83,94,99
grid_eq,UPmaxentropy,18,1,5,9,20,22,25,27,37,41,45,47,58,67,89,92,97
grid_eq,UPmaxentropy,19,9,23,26,44,48,52,55,61,71,73,75,80,83,86,91,92
grid_eq,UPmaxentropy,20,33,34,42,43,44,45,61,63,69,70,81,86,87,92,96,99
grid_eq,UPmaxentropy,21,1,7,9,10,15,25,29,30,32,38,46,63,67,78,79,80
grid_eq,UPmaxentropy,22,1,11,21,22,27,28,29,30,35,40,41,53,55,62,73,85
grid_eq,UPmaxentropy,23,5,8,26,30,32,37,39,45,50,59,61,67,76,91,97,99
grid_eq,UPmaxentropy,24,2,3,23,27,33,42,47,58,60,63,77,80,81,83,92,99
grid_eq,UPmaxentropy,25,5,14,24,28,33,35,37,39,42,51,52,76,82,86,94,98
grid_eq,UPmaxentropy,26,1,4,6,9,29,41,49,51,55,65,73,78,84,85,88,100
grid_eq,UPmaxentropy,27,4,12,23,25,29,33,44,45,47,51,55,57,71,92,95,100
grid_eq,UPmaxentropy,28,6,18,25,38,67,68,70,80,83,85,91,92,93,95,97,99
grid_eq,UPmaxentropy,29,5,8,9,10,12,13,24,28,30,36,37,42,47,53,56,87
grid_eq,UPmaxentropy,30,1,2,10,15,16,21,27,39,42,54,60,66,69,73,99,100
grid_eq,UPmaxentropy,31,9,17,21,29,34,38,44,48,49,56,57,62,76,79,81,94
grid_eq,UPmaxentropy,32,7,9,10,11,19,22,46,55,60,61,67,75,77,81,83,91
grid_eq,UPmaxentropy,33,22,24,26,29,38,46,52,54,55,59,62,69,75,77,90,100
grid_eq,UPmaxentropy,34,1,17,21,31,32,34,39,46,63,65,71,72,79,93,94,96
grid_eq,UPmaxentropy,35,14,21,23,38,40,41,50,54,59,61,64,67,71,78,79,88
grid_eq,UPmaxentropy,36,5,10,19,31,44,45,63,64,67,69,72,74,78,85,99,100
grid_eq,UPmaxentropy,37,4,10,13,14,16,19,22,25,32,40,46,50,55,84,85,86
grid_eq,UPmaxentropy,38,1,14,17,23,29,47,49,53,59,78,81,86,87,89,90,98
grid_eq,UPmaxentropy,39,8,27,29,34,38,40,41,60,68,72,73,79,82,83,85,93
grid_eq,UPmaxentropy,40,7,9,32,41,42,55,57,58,60,63,64,68,69,77,79,84
grid_eq,UPmaxentropy,41,1,4,6,19,37,38,42,51,53,64,82,86,92,93,94,100
grid_eq,UPmaxentropy,42,7,8,9,11,13,14,19,30,49,54,58,62,69,85,92,97
grid_eq,UPmaxentropy,43,1,5,14,19,21,38,39,40,45,51,54,65,72,73,82,88
grid_eq,UPmaxentropy,44,2,14,19,23,30,31,45,50,52,53,54,56,58,67,79,92
grid_eq,UPmaxentropy,45,15,21,23,34,42,47,55,60,61,62,70,76,78,86,89,99
grid_eq,UPmaxentropy,46,13,24,25,29,31,40,45,48,52,56,72,73,90,93,97,100
grid_eq,UPmaxentropy,47,7,14,21,26,27,36,37,49,52,60,64,66,73,88,91,93
grid_eq,UPmaxentropy,48,2,14,25,45,49,54,60,63,66,72,80,81,88,89,96,100
grid_eq,UPmaxentropy,49,4,15,25,37,41,52,54,55,63,76,84,85,92,95,97,98
grid_eq,UPmaxentropy,50,14,15,24,27,28,30,37,38,41,44,54,56,57,64,81,97
grid_eq,UPmaxentropy,51,1,5,11,25,26,27,29,42,48,49,51,73,78,97,99,100
grid_eq,UPmaxentropy,52,31,32,42,47,49,50,51,55,59,62,65,73,80,82,85,93
grid_eq,UPmaxentropy,53,4,10,16,17,32,38,56,69,70,74,82,85,92,93,94,96
grid_eq,UPmaxentropy,54,9,15,17,23,37,38,48,55,64,67,70,80,87,90,94,97
grid_eq,UPmaxentropy,55,4,7,8,39,40,43,44,60,63,64,73,75,86,88,91,97
grid_eq,UPmaxentropy,56,2,11,14,23,26,29,33,38,44,47,54,63,75,80,83,99
grid_eq,UPmaxentropy,57,1,8,24,27,31,40,46,48,50,51,58,65,70,74,76,79
grid_eq,UPmaxentropy,58,19,23,27,34,36,40,43,45,66,80,82,83,84,93,94,95
grid_eq,UPmaxentropy,59,2,3,11,23,24,26,60,63,77,78,86,92,94,96,97,100
grid_eq,UPmaxentropy,60,7,15,27,29,33,37,60,61,64,65,69,86,88,89,96,99
grid_eq,UPmaxentropy,61,1,8,10,19,34,37,41,42,46,61,62,63,85,88,90,100
grid_eq,UPmaxentropy,62,1,4,13,45,56,58,59,60,64,65,69,81,82,84,88,93
grid_eq,UPmaxentropy,63,9,12,13,17,21,31,52,54,56,62,64,70,72,92,96,97
grid_eq,UPmaxentropy,64,2,12,25,28,30,35,36,41,49,51,52,56,59,70,75,84
grid_eq,UPmaxentropy,65,4,9,10,13,17,24,27,39,43,50,53,56,60,73,74,84
grid_eq,UPmaxentropy,66,4,20,30,34,35,41,42,44,52,57,59,63,72,80,83,97
grid_eq,UPmaxentropy,67,4,7,17,19,21,42,50,54,61,65,67,69,70,88,91,94
grid_eq,UPmaxentropy,68,6,11,18,21,25,33,38,44,51,52,69,75,78,79,80,83
grid_eq,UPmaxentropy,69,9,21,25,32,39,41,56,66,70,73,74,87,89,92,95,98
grid_eq,UPmaxentropy,70,10,13,24,28,34,43,48,54,55,70,77,84,85,92,94,99
grid_eq,UPmaxentropy,71,2,14,18,20,26,41,47,50,51,59,63,67,77,79,94,99
grid_eq,UPmaxentropy,72,6,17,21,46,49,53,58,76,77,78,81,91,92,94,96,97
grid_eq,UPmaxentropy,73,11,13,14,19,27,31,34,35,55,60,63,70,72,75,90,95
grid_eq,UPmaxentropy,74,2,9,14,20,25,45,49,53,66,68,69,75,79,83,99,100
grid_eq,UPmaxentropy,75,9,13,28,31,38,46,47,49,56,63,64,66,68,74,85,95
grid_eq,UPmaxentropy,76,11,12,17,18,24,26,31,37,45,66,68,70,80,81,85,91
grid_eq,UPmaxentropy,77,3,13,17,18,29,32,39,46,50,51,59,74,76,77,81,92
grid_eq,UPmaxentropy,78,3,6,10,11,15,29,32,36,37,38,58,61,69,82,90,98
grid_eq,UPmaxentropy,79,3,16,34,37,39,40,46,47,49,50,52,72,80,86,92,96
grid_eq,UPmaxentropy,80,5,8,10,31,32,36,42,45,52,54,59,61,63,67,70,80
grid_eq,UPmaxentropy,81,1,14,17,18,21,26,32,37,40,48,66,73,80,88,89,95
grid_eq,UPmaxentropy,82,6,9,18,19,20,21,25,44,56,68,70,72,82,84,94,95
grid_eq,UPmaxentropy,83,2,3,27,28,34,36,39,44,47,49,58,63,64,80,81,86
grid_eq,UPmaxentropy,84,7,8,10,18,19,23,24,33,41,43,54,55,62,68,70,88
grid_eq,UPmaxentropy,85,5,8,10,14,15,17,25,28,34,39,43,54,61,62,72,76
grid_eq,UPmaxentropy,86,6,9,17,21,22,30,31,33,52,57,63,66,67,69,84,94
grid_eq,UPmaxentropy,87,4,7,10,29,36,37,39,45,49,54,55,58,63,64,70,95
grid_eq,UPmaxentropy,88,2,5,6,27,30,41,52,53,55,62,78,80,85,96,97,100
grid_eq,UPmaxentropy,89,9,11,13,16,23,27,36,45,66,67,73,78,79,80,86,93
grid_eq,UPmaxentropy,90,2,10,15,27,32,53,55,58,60,61,68,76,84,86,98,99
grid_eq,UPmaxentropy,91,2,22,40,49,50,52,57,58,63,66,71,72,77,81,82,89
grid_eq,UPmaxentropy,92,15,20,40,47,51,55,57,63,64,75,76,77,82,92,99,100
grid_eq,UPmaxentropy,93,3,10,18,21,24,31,35,38,47,48,67,74,75,84,86,92
grid_eq,UPmaxentropy,94,1,13,20,34,38,41,47,50,59,64,74,89,92,93,98,99
grid_eq,UPmaxentropy,95,6,25,26,28,33,37,42,43,44,49,54,67,68,69,73,83
grid_eq,UPmaxentropy,96,2,8,15,26,32,34,37,46,53,57,70,71,85,87,89,96
grid_eq,UPmaxentropy,97,3,13,19,20,26,27,37,40,41,43,44,51,54,71,78,85
grid_eq,UPmaxentropy,98,3,14,20,26,27,33,37,43,45,47,52,53,55,66,72,76
grid_eq,UPmaxentropy,99,3,5,8,11,16,23,29,34,44,49,56,63,64,77,81,85
grid_eq,UPmaxentropy,100,11,16,20,25,26,30,32,33,39,42,49,67,77,86,87,91
grid_eq,UPmaxentropy,101,1,10,19,20,23,24,43,44,46,51,76,78,79,80,97,98
grid_eq,UPmaxentropy,102,6,15,29,31,37,40,43,46,47,50,55,61,62,66,76,88
grid_eq,UPmaxentropy,103,4,7,14,16,31,33,38,39,46,55,59,70,75,87,90,92
grid_eq,UPmaxentropy,104,2,8,10,11,14,24,42,43,44,52,56,66,73,74,78,91
grid_eq,UPmaxentropy,105,3,23,30,33,35,36,42,43,45,46,47,58,64,68,69,98
grid_eq,UPmaxentropy,106,8,9,11,12,17,24,29,31,32,41,46,69,81,88,93,99
grid_eq,UPmaxentropy,107,12,26,27,31,44,48,49,50,54,58,60,62,68,79,96,100
grid_eq,UPmaxentropy,108,5,6,13,14,16,24,25,36,41,48,50,65,72,81,83,99
grid_eq,UPmaxentropy,109,11,17,19,25,32,37,45,53,54,58,69,74,75,82,97,100
grid_eq,UPmaxentropy,110,19,23,35,37,46,48,49,50,57,62,70,71,73,80,83,100
grid_eq,UPmaxentropy,111,3,7,10,16,18,23,33,59,63,66,67,71,83,85,86,97
grid_eq,UPmaxentropy,112,2,6,13,25,33,38,45,47,53,54,67,80,87,89,91,99
grid_eq,UPmaxentropy,113,3,8,11,34,43,50,58,62,67,70,73,75,77,78,99,100
grid_eq,UPmaxentropy,114,3,5,11,22,24,26,28,29,33,49,58,61,83,84,87,98
grid_eq,UPmaxentropy,115,4,10,12,21,22,28,31,35,42,46,50,54,73,75,83,86
grid_eq,UPmaxentropy,116,9,12,22,23,31,38,44,50,59,64,66,74,80,82,85,97
grid_eq,UPmaxentropy,117,20,27,31,36,53,54,58,61,65,69,73,77,86,89,95,100
grid_eq,UPmaxentropy,118,2,4,8,10,21,38,44,48,66,71,76,80,89,91,98,100
grid_eq,UPmaxentropy,119,5,13,15,21,23,25,28,37,48,50,55,56,67,72,95,98
grid_eq,UPmaxentropy,120,3,14,22,30,33,35,36,46,48,49,52,56,60,75,79,80
grid_eq,UPmaxentropy,121,1,12,37,45,52,53,59,60,79,81,85,88,91,92,95,100
grid_eq,UPmaxentropy,122,11,14,17,19,23,31,33,45,60,62,63,74,77,80,84,92
grid_eq,UPmaxentropy,123,3,25,26,29,30,40,46,47,61,63,64,68,74,77,81,94
grid_eq,UPmaxentropy,124,8,16,17,19,36,49,51,53,65,74,78,83,85,91,93,97
grid_eq,UPmaxentropy,125,2,6,7,23,24,28,34,54,57,65,69,71,76,77,78,90
grid_eq,UPmaxentropy,126,1,5,12,20,56,61,65,69,78,88,89,90,91,95,99,100
grid_eq,UPmaxentropy,127,10,15,16,29,39,53,61,63,65,71,76,79,80,96,98,100
grid_eq,UPmaxentropy,128,6,7,8,13,14,33,41,48,52,54,59,65,67,71,95,96
grid_eq,UPmaxentropy,129,1,13,26,28,34,40,42,58,66,72,76,77,83,86,96,100
grid_eq,UPmaxentropy,130,1,9,12,13,14,19,21,26,39,46,68,83,84,87,96,99
grid_eq,UPmaxentropy,131,2,6,12,18,32,43,44,46,68,69,72,76,83,87,96,98
grid_eq,UPmaxentropy,132,1,2,6,8,15,32,34,41,42,46,48,68,70,81,85,100
grid_eq,UPmaxentropy,133,24,30,31,34,37,45,51,63,64,71,73,75,76,83,91,92
grid_eq,UPmaxentropy,134,6,17,26,29,32,35,36,57,60,65,67,72,79,82,88,98
grid_eq,UPmaxentropy,135,1,9,11,12,14,20,30,46,58,60,63,65,66,75,84,87
grid_eq,UPmaxentropy,136,2,7,10,17,24,27,49,50,55,60,63,64,69,86,89,91
grid_eq,UPmaxentropy,137,3,9,12,18,19,20,24,28,34,50,58,59,68,71,72,81
grid_eq,UPmaxentropy,138,7,11,15,24,26,27,30,41,53,60,69,72,87,89,94,97
grid_eq,UPmaxentropy,139,1,2,10,18,21,28,33,39,50,51,53,55,56,62,69,85
grid_eq,UPmaxentropy,140,7,27,36,37,59,60,64,66,71,72,81,87,88,92,97,99
grid_eq,UPmaxentropy,141,7,13,29,30,33,35,38,42,44,45,48,62,66,77,83,99
grid_eq,UPmaxentropy,142,6,19,20,25,38,42,44,58,59,61,73,77,89,97,99,100
grid_eq,UPmaxentropy,143,2,5,29,30,40,41,42,44,58,59,64,68,73,77,79,95
grid_eq,UPmaxentropy,144,1,10,17,20,27,30,36,42,43,51,63,69,85,86,95,100
grid_eq,UPmaxentropy,145,2,17,20,23,25,35,41,55,61,77,78,81,82,84,87,94
grid_eq,UPmaxentropy,146,7,8,44,54,60,63,69,75,77,80,85,89,91,96,97,100
grid_eq,UPmaxentropy,147,3,6,12,21,22,23,28,31,33,39,48,55,56,64,70,89
grid_eq,UPmaxentropy,148,4,5,8,11,17,47,49,53,59,72,76,83,86,88,90,92
grid_eq,UPmaxentropy,149,1,2,11,12,20,38,41,49,58,65,71,76,82,87,93,99
grid_eq,UPmaxentropy,150,9,10,26,32,47,48,52,55,68,70,76,80,86,91,92,95
grid_eq,UPmaxentropy,151,33,34,38,39,49,55,59,68,79,83,86,88,89,93,94,98
grid_eq,UPmaxentropy,152,5,11,21,39,45,52,56,62,69,74,76,78,82,87,95,97
grid_eq,UPmaxentropy,153,4,10,15,26,33,37,45,46,49,58,59,73,81,84,93,100
grid_eq,UPmaxentropy,154,8,9,15,24,26,27,28,29,36,39,42,44,51,53,76,96
grid_eq,UPmaxentropy,155,4,11,16,18,20,23,26,46,51,52,53,70,79,89,93,98
grid_eq,UPmaxentropy,156,1,14,17,24,43,48,49,60,62,66,74,86,88,92,93,100
grid_eq,UPmaxentropy,157,7,15,18,23,25,26,50,62,63,76,80,84,89,95,97,98
grid_eq,UPmaxentropy,158,5,8,10,13,24,32,39,42,52,58,61,65,76,80,83,95
grid_eq,UPmaxentropy,159,14,26,28,30,39,45,48,52,53,63,69,70,73,80,84,94
grid_eq,UPmaxentropy,160,1,6,8,15,17,28,33,46,50,62,68,83,85,90,99,100
grid_eq,UPmaxentropy,161,3,7,10,15,17,41,46,48,49,50,67,78,80,88,96,100
grid_eq,UPmaxentropy,162,6,14,15,24,26,41,43,47,52,55,63,72,73,74,86,96
grid_eq,UPmaxentropy,163,8,12,14,20,27,31,40,50,55,68,70,71,73,95,98,99
grid_eq,UPmaxentropy,164,9,11,24,26,27,34,44,50,58,63,65,70,72,76,80,95
grid_eq,UPmaxentropy,165,2,20,25,26,34,38,47,57,58,66,70,76,80,81,90,99
grid_eq,UPmaxentropy,166,1,5,18,19,20,22,24,29,35,38,43,49,66,76,82,97
grid_eq,UPmaxentropy,167,3,9,13,18,19,32,51,54,65,70,71,74,81,86,92,97
grid_eq,UPmaxentropy,168,9,15,18,20,23,24,37,41,45,52,70,71,73,86,90,93
grid_eq,UPmaxentropy,169,9,13,17,25,31,36,50,53,70,75,86,87,88,92,93,94
grid_eq,UPmaxentropy,170,3,13,23,25,30,32,43,49,51,58,59,87,90,94,96,99
grid_eq,UPmaxentropy,171,7,10,17,19,24,48,57,64,66,70,71,79,84,85,89,93
grid_eq,UPmaxentropy,172,3,5,8,18,33,36,38,42,45,59,61,79,83,87,92,94
grid_eq,UPmaxentropy,173,17,20,23,32,34,38,39,47,53,65,67,71,73,74,75,83
grid_eq,UPmaxentropy,174,24,27,39,44,48,57,58,62,63,65,77,78,84,85,96,99
grid_eq,UPmaxentropy,175,1,2,5,10,18,20,40,46,52,53,59,66,74,82,88,100
grid_eq,UPmaxentropy,176,2,12,17,29,33,43,46,51,54,58,59,62,82,88,89,94
grid_eq,UPmaxentropy,177,18,21,37,44,50,54,56,57,61,63,74,77,80,81,85,97
grid_eq,UPmaxentropy,178,5,8,21,29,36,37,45,57,60,62,63,70,82,83,87,93
grid_eq,UPmaxentropy,179,12,19,25,29,38,42,53,57,60,63,74,77,79,81,88,100
grid_eq,UPmaxentropy,180,2,9,29,33,46,49,53,62,63,64,66,68,87,90,94,99
grid_eq,UPmaxentropy,181,11,19,20,31,36,40,61,64,67,71,72,87,92,93,96,98
grid_eq,UPmaxentropy,182,4,8,14,15,20,21,25,28,45,49,50,64,72,76,77,90
grid_eq,UPmaxentropy,183,3,17,18,24,26,33,37,47,55,63,69,82,85,86,88,97
grid_eq,UPmaxentropy,184,5,8,15,16,24,32,34,35,42,46,47,48,64,68,71,73
grid_eq,UPmaxentropy,185,1,4,5,7,10,12,19,39,54,64,67,75,83,88,92,99
grid_eq,UPmaxentropy,186,13,24,35,38,55,60,64,65,67,74,75,77,81,83,96,100
grid_eq,UPmaxentropy,187,2,3,8,9,11,12,13,15,24,34,38,44,49,53,65,97
grid_eq,UPmaxentropy,188,5,30,31,35,36,45,51,55,60,69,73,82,86,87,92,96
grid_eq,UPmaxentropy,189,4,10,13,21,30,32,46,49,52,66,80,81,86,87,90,93
grid_eq,UPmaxentropy,190,10,13,25,26,27,28,30,31,33,40,55,56,62,64,67,100
grid_eq,UPmaxentropy,191,1,4,17,18,25,36,42,49,63,75,77,78,81,84,97,100
grid_eq,UPmaxentropy,192,1,13,14,16,26,33,35,38,39,51,52,55,63,66,80,91
grid_eq,UPmaxentropy,193,9,11,17,19,26,34,45,60,61,73,74,76,85,88,89,97
grid_eq,UPmaxentropy,194,2,9,12,16,34,44,54,58,66,68,71,73,77,78,88,90
grid_eq,UPmaxentropy,195,9,15,16,17,23,24,26,29,35,38,45,51,52,67,69,79
grid_eq,UPmaxentropy,196,5,11,12,16,23,29,35,62,64,67,74,78,84,90,92,99
grid_eq,UPmaxentropy,197,8,11,18,35,36,37,38,54,56,58,62,63,74,78,82,93
grid_eq,UPmaxentropy,198,13,17,20,34,35,41,46,51,54,67,71,73,92,93,98,99
grid_eq,UPmaxentropy,199,1,12,23,24,26,28,30,50,57,60,64,79,81,91,95,96
grid_eq,UPmaxentropy,200,4,6,8,15,24,27,36,38,40,43,48,63,68,75,89,94
grid_eq,UPmaxentropy,201,14,21,24,32,33,34,39,46,57,60,70,72,78,84,86,90
grid_eq,UPmaxentropy,202,3,9,13,22,27,33,53,58,63,73,83,88,94,95,96,97
grid_eq,UPmaxentropy,203,6,7,10,14,21,35,39,49,50,55,73,77,80,83,93,98
grid_eq,UPmaxentropy,204,2,3,5,6,9,20,27,31,35,42,46,57,73,75,88,97
grid_eq,UPmaxentropy,205,12,25,28,31,35,37,40,42,44,52,61,63,67,77,89,90
grid_eq,UPmaxentropy,206,28,31,41,49,50,52,59,62,65,66,74,78,85,89,90,91
grid_eq,UPmaxentropy,207,6,7,17,18,23,35,44,48,67,74,75,86,88,91,92,96
grid_eq,UPmaxentropy,208,2,8,12,18,20,27,30,31,33,36,53,61,75,88,94,97
grid_eq,UPmaxentropy,209,2,10,16,24,32,39,42,43,45,46,48,51,56,77,87,88
grid_eq,UPmaxentropy,210,1,3,9,10,12,13,14,15,27,36,40,51,59,69,78,95
grid_eq,UPmaxentropy,211,4,6,12,15,20,22,34,36,38,39,42,66,76,80,92,97
grid_eq,UPmaxentropy,212,3,5,26,29,33,36,38,41,46,51,57,58,70,73,82,88
grid_eq,UPmaxentropy,213,23,28,30,31,33,37,47,50,53,57,62,71,76,82,90,92
grid_eq,UPmaxentropy,214,1,4,12,13,21,27,28,34,52,53,58,62,70,77,83,87
grid_eq,UPmaxentropy,215,1,2,4,5,21,30,37,52,76,79,80,83,88,89,93,96
grid_eq,UPmaxentropy,216,3,5,12,13,17,19,20,36,47,56,60,83,84,86,90,91
grid_eq,UPmaxentropy,217,24,33,36,41,44,48,67,72,73,74,75,82,83,86,92,96
grid_eq,UPmaxentropy,218,6,9,12,20,35,37,39,51,59,62,63,71,72,73,87,90
grid_eq,UPmaxentropy,219,4,21,33,34,39,46,54,57,58,61,63,74,92,95,98,99
grid_eq,UPmaxentropy,220,7,11,21,29,34,36,49,59,60,70,73,79,81,91,94,97
grid_eq,UPmaxentropy,221,1,10,20,47,51,55,56,57,63,68,73,80,82,93,96,98
grid_eq,UPmaxentropy,222,1,8,13,17,23,34,38,45,53,58,62,63,87,93,99,100
grid_eq,UPmaxentropy,223,3,10,12,15,30,31,33,35,47,49,53,61,87,90,96,97
grid_eq,UPmaxentropy,224,13,30,31,32,33,34,37,39,48,68,76,82,95,98,99,100
grid_eq,UPmaxentropy,225,6,8,20,21,23,34,44,46,49,50,52,66,72,74,91,92
grid_eq,UPmaxentropy,226,2,13,14,15,18,30,59,68,72,76,83,87,88,92,94,100
grid_eq,UPmaxentropy,227,9,11,18,28,36,37,46,51,56,57,58,73,77,84,91,92
grid_eq,UPmaxentropy,228,1,13,22,29,48,55,57,60,73,75,78,80,88,89,92,93
grid_eq,UPmaxentropy,229,2,9,12,14,25,28,29,37,40,46,52,55,71,76,87,100
grid_eq,UPmaxentropy,230,31,34,36,41,46,48,49,50,52,55,56,58,65,80,85,87
grid_eq,UPmaxentropy,231,8,17,28,36,50,62,69,72,79,83,85,89,90,91,96,97
grid_eq,UPmaxentropy,232,1,3,5,9,10,30,38,43,46,49,51,65,83,92,93,95
grid_eq,UPmaxentropy,233,4,11,14,15,21,26,28,33,42,58,61,78,82,90,94,99
grid_eq,UPmaxentropy,234,1,4,5,7,15,19,20,38,43,54,58,65,78,80,82,88
grid_eq,UPmaxentropy,235,1,3,12,17,27,43,45,46,56,60,66,72,90,92,93,96
grid_eq,UPmaxentropy,236,3,8,10,12,17,27,42,50,54,63,69,71,82,83,90,100
grid_eq,UPmaxentropy,237,5,14,18,28,33,45,46,52,62,65,73,76,81,86,92,98
grid_eq,UPmaxentropy,238,16,19,29,43,49,50,52,62,66,72,74,75,76,91,95,96
grid_eq,UPmaxentropy,239,1,3,5,6,11,17,19,29,49,53,67,71,76,77,97,98
grid_eq,UPmaxentropy,240,4,12,13,19,25,28,38,48,54,60,61,67,72,79,86,100
grid_eq,UPmaxentropy,241,2,3,9,12,45,48,54,61,68,70,76,77,82,83,85,95
grid_eq,UPmaxentropy,242,1,7,8,15,19,24,28,48,53,75,82,84,85,87,94,100
grid_eq,UPmaxentropy,243,8,9,19,23,25,27,31,43,54,64,69,70,75,94,96,99
grid_eq,UPmaxentropy,244,10,15,20,23,33,43,52,58,61,62,67,81,82,88,90,94
grid_eq,UPmaxentropy,245,12,13,16,23,32,34,43,46,47,59,60,64,69,78,86,90
grid_eq,UPmaxentropy,246,5,6,14,16,42,45,46,49,55,56,61,63,75,92,97,99
grid_eq,UPmaxentropy,247,13,19,24,25,32,41,47,48,51,62,76,83,89,93,98,99
grid_eq,UPmaxentropy,248,4,13,24,34,53,57,70,71,73,75,77,81,87,93,97,98
grid_eq,UPmaxentropy,249,5,10,18,20,22,36,39,52,54,69,73,75,81,87,89,99
grid_eq,UPmaxentropy,250,8,23,27,28,41,44,46,49,60,63,65,84,89,92,93,95
grid_eq,UPmaxentropy,251,5,20,31,40,42,43,45,47,56,70,74,86,87,90,91,94
grid_eq,UPmaxentropy,252,5,6,10,15,26,30,32,42,46,52,60,67,69,70,93,96
grid_eq,UPmaxentropy,253,2,6,10,15,19,22,24,33,37,44,49,53,67,77,79,90
grid_eq,UPmaxentropy,254,1,8,16,19,28,31,40,41,54,56,69,75,79,86,88,100
grid_eq,UPmaxentropy,255,6,8,9,10,14,16,23,36,38,39,57,61,82,86,88,89
grid_eq,UPmaxentropy,256,1,10,19,24,27,34,35,41,59,60,61,65,85,87,88,97
grid_eq,UPmaxentropy,257,6,16,17,19,20,31,36,37,40,43,49,63,74,75,80,96
grid_eq,UPmaxentropy,258,9,10,20,21,32,38,41,48,58,70,82,85,90,95,97,100
grid_eq,UPmaxentropy,259,7,23,29,35,36,43,45,62,73,79,91,92,93,94,98,100
grid_eq,UPmaxentropy,260,2,3,23,28,32,33,34,35,40,45,51,61,86,89,91,100
grid_eq,UPmaxentropy,261,4,5,15,20,22,25,37,45,48,49,54,60,74,77,85,99
grid_eq,UPmaxentropy,262,3,16,22,29,35,39,44,51,61,70,75,78,87,95,98,100
grid_eq,UPmaxentropy,263,4,15,19,21,25,34,45,48,51,52,53,56,59,80,85,88
grid_eq,UPmaxentropy,264,2,15,17,26,28,34,36,45,51,54,55,58,74,93,94,96
grid_eq,UPmaxentropy,265,2,18,24,25,27,28,30,40,53,54,65,71,78,90,91,94
grid_eq,UPmaxentropy,266,1,4,6,9,12,21,24,42,48,55,69,70,77,78,95,96
grid_eq,UPmaxentropy,267,3,10,21,56,60,62,65,66,67,70,80,81,82,83,97,100
grid_eq,UPmaxentropy,268,13,15,17,22,24,35,39,46,49,61,64,80,83,87,90,96
grid_eq,UPmaxentropy,269,2,3,11,13,17,28,33,40,42,44,46,50,63,67,82,88
grid_eq,UPmaxentropy,270,7,14,18,19,31,32,36,39,41,44,50,53,60,62,66,67
grid_eq,UPmaxentropy,271,6,11,23,24,26,31,33,40,48,50,71,72,85,87,92,96
grid_eq,UPmaxentropy,272,16,17,22,43,44,47,51,53,54,69,76,78,79,80,81,88
grid_eq,UPmaxentropy,273,9,14,19,22,24,32,36,47,52,53,57,60,82,87,96,98
grid_eq,UPmaxentropy,274,1,3,15,16,21,27,31,44,53,54,57,69,74,90,92,93
grid_eq,UPmaxentropy,275,4,15,16,28,40,42,44,46,47,48,54,55,75,77,79,94
grid_eq,UPmaxentropy,276,2,5,21,23,27,40,42,44,48,50,55,59,68,77,90,98
grid_eq,UPmaxentropy,277,6,26,27,39,43,52,53,59,64,72,74,79,84,88,89,94
grid_eq,UPmaxentropy,278,7,8,12,15,16,19,26,29,31,43,45,56,71,73,91,96
grid_eq,UPmaxentropy,279,7,10,12,22,31,33,48,51,54,61,68,71,77,95,98,100
grid_eq,UPmaxentropy,280,11,22,27,38,40,48,49,53,54,70,80,82,84,85,91,97
grid_eq,UPmaxentropy,281,4,13,18,21,23,36,38,47,68,69,74,76,79,88,93,95
grid_eq,UPmaxentropy,282,9,12,26,29,33,35,45,50,51,69,72,76,81,90,91,94
grid_eq,UPmaxentropy,283,1,20,24,25,26,32,45,63,65,71,73,75,76,77,91,95
grid_eq,UPmaxentropy,284,12,24,29,33,35,39,49,57,66,80,85,86,89,92,94,97
grid_eq,UPmaxentropy,285,1,16,21,25,31,32,40,46,48,54,57,66,73,84,95,99
grid_eq,UPmaxentropy,286,11,12,14,15,17,34,38,41,45,46,54,68,86,87,90,92
grid_eq,UPmaxentropy,287,6,8,12,27,29,30,34,38,39,48,58,60,70,75,76,78
grid_eq,UPmaxentropy,288,4,5,12,20,26,34,37,39,45,55,58,72,73,79,82,96
grid_eq,UPmaxentropy,289,3,7,9,22,46,51,52,57,59,61,65,70,71,85,88,99
grid_eq,UPmaxentropy,290,6,13,14,19,23,26,34,42,57,58,64,70,87,91,92,100
grid_eq,UPmaxentropy,291,1,9,19,21,22,24,26,28,41,45,67,77,78,83,89,99
grid_eq,UPmaxentropy,292,5,13,17,18,20,31,40,47,50,51,69,71,75,79,82,88
grid_eq,UPmaxentropy,293,1,6,13,22,25,28,37,43,50,60,63,72,75,84,95,96
grid_eq,UPmaxentropy,294,2,3,5,17,18,34,42,43,53,57,62,67,73,86,87,100
grid_eq,UPmaxentropy,295,8,14,15,30,35,41,56,60,65,70,72,74,77,83,89,99
grid_eq,UPmaxentropy,296,15,16,17,27,29,36,43,46,59,70,71,76,85,88,92,94
grid_eq,UPmaxentropy,297,4,6,19,26,29,35,42,46,51,56,64,69,75,79,80,90
grid_eq,UPmaxentropy,298,3,9,15,24,28,42,46,61,71,73,78,88,94,95,97,98
grid_eq,UPmaxentropy,299,2,3,4,23,27,43,64,67,68,71,73,78,80,86,88,91
grid_eq,UPmaxentropy,300,2,8,17,18,28,45,51,52,54,64,69,78,82,83,96,99
grid_eq,UPmaxentropy,301,2,16,18,24,29,32,52,55,58,60,64,74,78,89,93,97
grid_eq,UPmaxentropy,302,15,17,32,35,36,37,46,48,51,55,56,71,89,93,95,97
grid_eq,UPmaxentropy,303,1,7,8,44,49,51,53,61,67,70,72,74,77,88,89,99
grid_eq,UPmaxentropy,304,3,15,32,35,38,52,55,56,57,60,64,79,80,91,94,99
grid_eq,UPmaxentropy,305,1,4,5,13,15,25,28,29,32,56,60,67,80,95,98,99
grid_eq,UPmaxentropy,306,2,5,14,15,24,27,30,52,66,72,80,87,89,91,95,97
grid_eq,UPmaxentropy,307,2,6,16,18,24,25,41,60,62,69,74,77,88,91,93,99
grid_eq,UPmaxentropy,308,28,32,42,46,61,62,66,77,82,86,88,91,92,96,97,99
grid_eq,UPmaxentropy,309,2,3,4,10,12,15,23,27,28,32,37,45,52,66,92,99
grid_eq,UPmaxentropy,310,4,20,21,28,30,36,44,54,55,61,63,71,76,82,93,97
grid_eq,UPmaxentropy,311,8,17,20,21,29,34,37,49,50,52,60,66,70,81,85,97
grid_eq,UPmaxentropy,312,1,6,14,18,19,35,37,42,62,75,77,80,83,84,95,99
grid_eq,UPmaxentropy,313,2,7,12,13,14,23,28,30,31,46,47,59,74,79,80,92
grid_eq,UPmaxentropy,314,5,8,13,18,20,34,37,40,45,52,54,70,76,80,90,95
grid_eq,UPmaxentropy,315,2,6,9,13,16,19,20,25,26,28,57,58,63,78,92,96
grid_eq,UPmaxentropy,316,10,30,32,36,40,45,49,51,53,55,56,69,70,77,85,90
grid_eq,UPmaxentropy,317,18,19,33,34,36,37,47,48,49,56,60,62,67,75,84,93
grid_eq,UPmaxentropy,318,2,14,28,49,54,57,65,68,72,76,78,81,82,85,88,96
grid_eq,UPmaxentropy,319,9,17,31,35,45,47,54,59,61,62,68,69,77,80,92,99
grid_eq,UPmaxentropy,320,15,16,18,19,23,38,40,42,45,49,51,72,80,83,93,95
grid_eq,UPmaxentropy,321,1,3,7,22,29,32,34,46,53,57,68,75,76,81,92,99
grid_eq,UPmaxentropy,322,1,6,8,15,24,35,36,48,51,56,62,65,70,76,81,84
grid_eq,UPmaxentropy,323,5,11,18,27,37,39,43,45,58,68,69,81,86,89,91,96
grid_eq,UPmaxentropy,324,4,5,8,10,19,22,31,34,38,40,44,46,57,58,72,81
grid_eq,UPmaxentropy,325,4,8,9,12,20,37,41,56,59,60,63,81,82,88,89,93
grid_eq,UPmaxentropy,326,4,7,8,9,19,22,51,62,64,73,76,81,90,95,97,99
grid_eq,UPmaxentropy,327,8,15,16,20,25,26,38,39,47,55,59,68,69,76,84,94
grid_eq,UPmaxentropy,328,6,12,26,29,42,50,56,57,60,68,72,82,84,88,95,98
grid_eq,UPmaxentropy,329,19,33,43,44,54,56,57,70,75,78,80,81,87,88,89,94
grid_eq,UPmaxentropy,330,1,4,8,15,20,28,37,42,46,51,53,57,60,73,77,87
grid_eq,UPmaxentropy,331,4,24,26,47,48,55,59,61,70,74,76,77,82,83,86,87
grid_eq,UPmaxentropy,332,10,16,18,19,20,22,33,35,62,63,66,75,85,86,94,99
grid_eq,UPmaxentropy,333,2,7,11,15,20,29,42,46,57,69,70,80,86,90,95,96
grid_eq,UPmaxentropy,334,21,22,23,34,42,53,56,66,67,74,81,82,84,88,95,96
grid_eq,UPmaxentropy,335,6,7,10,21,23,27,30,35,36,39,66,69,72,84,87,92
grid_eq,UPmaxentropy,336,7,9,13,37,39,42,45,50,52,54,55,63,76,87,97,99
grid_eq,UPmaxentropy,337,9,10,22,24,49,56,60,65,68,75,77,81,84,88,91,99
grid_eq,UPmaxentropy,338,5,10,18,30,39,41,43,47,52,54,58,61,68,69,82,89
grid_eq,UPmaxentropy,339,17,21,25,27,31,32,33,43,44,49,53,63,75,84,86,93
grid_eq,UPmaxentropy,340,1,12,20,30,36,41,45,48,57,58,63,67,76,89,92,97
grid_eq,UPmaxentropy,341,3,5,8,12,22,23,25,46,52,57,63,75,80,84,93,95
grid_eq,UPmaxentropy,342,5,9,15,19,27,33,36,52,70,77,78,84,88,93,97,100
grid_eq,UPmaxentropy,343,7,20,24,25,26,27,28,35,49,67,70,79,83,85,86,89
grid_eq,UPmaxentropy,344,10,13,14,16,18,25,37,40,56,61,63,65,69,71,82,83
grid_eq,UPmaxentropy,345,5,7,10,12,24,26,41,47,49,58,63,68,83,85,93,100
grid_eq,UPmaxentropy,346,2,4,10,20,27,36,39,41,44,63,66,73,82,84,94,98
grid_eq,UPmaxentropy,347,5,8,10,20,21,22,31,52,59,64,65,68,70,72,80,87
grid_eq,UPmaxentropy,348,1,11,17,21,31,39,44,51,52,55,58,59,60,79,90,91
grid_eq,UPmaxentropy,349,2,9,14,16,29,48,52,57,68,70,75,89,93,97,98,99
grid_eq,UPmaxentropy,350,4,12,13,19,27,37,45,51,56,64,68,71,75,87,92,99
grid_eq,UPmaxentropy,351,5,18,26,30,39,43,44,49,57,61,62,66,80,82,89,93
grid_eq,UPmaxentropy,352,4,11,14,18,21,33,50,51,75,79,81,83,87,93,96,100
grid_eq,UPmaxentropy,353,5,6,10,14,23,31,36,37,38,40,57,59,60,68,73,97
grid_eq,UPmaxentropy,354,3,16,17,29,55,56,58,62,66,68,69,77,81,87,95,100
grid_eq,UPmaxentropy,355,3,12,26,28,30,34,41,50,59,64,74,77,78,84,95,96
grid_eq,UPmaxentropy,356,6,16,18,23,27,28,33,35,46,49,60,69,77,84,87,92
grid_eq,UPmaxentropy,357,3,9,13,25,27,28,33,35,52,54,56,67,70,76,79,93
grid_eq,UPmaxentropy,358,7,8,9,12,23,32,40,45,47,60,61,68,76,83,84,88
grid_eq,UPmaxentropy,359,6,7,14,22,24,29,30,36,55,58,60,67,72,74,86,92
grid_eq,UPmaxentropy,360,5,6,7,10,13,16,23,33,43,56,58,69,76,80,84,95
grid_eq,UPmaxentropy,361,2,5,11,13,20,21,34,45,60,62,75,79,80,83,85,91
grid_eq,UPmaxentropy,362,5,20,23,24,26,32,36,51,65,69,71,77,80,83,85,92
grid_eq,UPmaxentropy,363,8,15,17,24,32,34,46,52,57,70,71,72,87,88,89,90
grid_eq,UPmaxentropy,364,9,15,22,35,53,67,68,72,80,82,90,92,95,97,98,100
grid_eq,UPmaxentropy,365,3,4,5,8,14,36,39,44,67,69,70,74,83,90,91,94
grid_eq,UPmaxentropy,366,14,16,27,30,36,45,46,48,53,56,78,80,81,86,92,96
grid_eq,UPmaxentropy,367,6,9,14,18,21,23,33,39,43,45,52,57,59,66,87,90
grid_eq,UPmaxentropy,368,3,10,16,34,35,43,54,58,62,64,72,79,80,89,91,94
grid_eq,UPmaxentropy,369,5,13,18,21,28,32,34,38,43,52,57,77,83,85,90,94
grid_eq,UPmaxentropy,370,14,15,18,21,24,36,48,52,55,57,60,63,64,72,77,97
grid_eq,UPmaxentropy,371,5,7,9,14,30,32,37,45,52,55,60,78,84,88,89,93
grid_eq,UPmaxentropy,372,11,13,15,17,25,64,66,68,73,75,83,84,85,87,96,98
grid_eq,UPmaxentropy,373,1,10,18,19,38,44,48,53,57,58,66,77,78,86,87,100
grid_eq,UPmaxentropy,374,5,6,8,27,40,46,48,63,64,65,78,85,88,91,92,99
grid_eq,UPmaxentropy,375,11,22,24,33,35,36,43,56,60,71,72,75,77,82,84,95
grid_eq,UPmaxentropy,376,2,5,10,16,19,21,31,35,36,40,41,42,46,66,98,99
grid_eq,UPmaxentropy,377,12,15,20,33,35,36,38,44,45,47,50,54,61,72,85,92
grid_eq,UPmaxentropy,378,11,27,34,44,47,52,54,59,61,63,66,70,75,81,85,95
grid_eq,UPmaxentropy,379,3,6,10,19,26,28,36,37,43,50,63,74,89,94,96,97
grid_eq,UPmaxentropy,380,11,14,22,30,34,44,47,48,49,60,69,71,76,92,95,100
grid_eq,UPmaxentropy,381,6,11,12,17,20,28,29,30,37,41,47,60,61,62,74,85
grid_eq,UPmaxentropy,382,6,12,22,27,35,36,41,45,57,58,60,69,71,82,85,95
grid_eq,UPmaxentropy,383,4,6,9,10,13,24,39,41,57,65,66,74,78,79,84,97
grid_eq,UPmaxentropy,384,2,8,13,17,35,37,43,46,50,60,61,62,67,75,78,79
grid_eq,UPmaxentropy,385,4,8,10,15,17,31,32,35,54,59,61,70,72,78,86,90
grid_eq,UPmaxentropy,386,6,12,19,24,26,31,35,37,41,46,50,58,63,72,75,87
grid_eq,UPmaxentropy,387,6,9,17,32,34,36,39,40,44,63,69,72,88,90,92,94
grid_eq,UPmaxentropy,388,1,29,32,33,37,45,55,56,75,81,82,86,90,92,93,100
grid_eq,UPmaxentropy,389,7,17,21,22,27,30,32,35,42,52,64,66,76,85,97,100
grid_eq,UPmaxentropy,390,6,16,21,22,26,31,44,52,59,78,80,85,88,93,94,95
grid_eq,UPmaxentropy,391,1,3,5,9,18,20,35,43,48,51,55,58,67,80,85,92
grid_eq,UPmaxentropy,392,3,16,20,30,32,38,40,54,56,66,70,73,80,92,96,99
grid_eq,UPmaxentropy,393,2,8,9,12,13,38,39,47,52,58,63,70,72,83,85,94
grid_eq,UPmaxentropy,394,2,4,7,14,26,35,36,37,45,48,53,54,63,83,88,97
grid_eq,UPmaxentropy,395,3,7,8,10,13,22,32,34,39,51,88,89,93,94,98,99
grid_eq,UPmaxentropy,396,2,6,12,16,24,28,29,32,33,51,55,71,72,74,79,80
grid_eq,UPmaxentropy,397,4,12,23,26,33,42,44,54,58,59,62,64,81,84,95,97
grid_eq,UPmaxentropy,398,7,18,23,30,39,41,45,46,49,50,52,67,76,77,78,89
grid_eq,UPmaxentropy,399,8,22,25,26,30,32,42,44,53,74,75,83,85,88,93,100
grid_eq,UPmaxentropy,400,1,10,15,16,19,24,27,29,36,38,42,49,60,76,94,95
grid_eq,UPmaxentropy,401,3,9,10,34,43,53,57,59,66,68,80,82,83,92,98,99
grid_eq,UPmaxentropy,402,2,3,4,11,16,32,37,46,49,50,59,68,85,88,98,100
grid_eq,UPmaxentropy,403,2,10,13,14,17,18,19,37,52,63,87,90,92,93,96,99
grid_eq,UPmaxentropy,404,8,14,17,20,24,29,39,41,47,49,50,79,83,87,91,94
grid_eq,UPmaxentropy,405,3,23,24,34,38,39,40,44,55,64,66,69,77,86,89,96
grid_eq,UPmaxentropy,406,3,7,15,23,25,30,34,42,47,49,54,78,79,83,84,88
grid_eq,UPmaxentropy,407,1,17,22,43,45,55,59,61,67,70,75,79,81,86,89,96
grid_eq,UPmaxentropy,408,4,8,10,11,21,23,30,32,38,39,41,45,62,64,75,78
grid_eq,UPmaxentropy,409,4,9,10,11,12,13,16,18,24,26,33,43,58,74,77,93
grid_eq,UPmaxentropy,410,23,24,28,32,37,39,46,53,55,56,57,62,80,81,83,87
grid_eq,UPmaxentropy,411,1,8,23,28,39,40,53,58,60,65,74,79,86,90,91,92
grid_eq,UPmaxentropy,412,3,7,18,23,41,43,56,57,58,60,62,67,69,84,92,96
grid_eq,UPmaxentropy,413,12,19,33,34,36,40,44,53,64,76,78,79,83,92,94,99
grid_eq,UPmaxentropy,414,4,9,17,18,27,28,42,44,45,60,66,74,83,85,86,98
grid_eq,UPmaxentropy,415,37,38,40,45,50,51,52,61,72,73,75,87,89,95,97,99
grid_eq,UPmaxentropy,416,1,14,29,35,36,38,41,46,49,53,54,61,70,79,80,96
grid_eq,UPmaxentropy,417,2,4,6,10,14,17,18,24,36,49,50,58,70,81,90,100
grid_eq,UPmaxentropy,418,5,8,9,18,21,23,34,41,45,54,71,82,85,88,93,99
grid_eq,UPmaxentropy,419,1,2,5,13,14,27,34,37,44,45,48,68,69,88,92,95
grid_eq,UPmaxentropy,420,1,26,27,32,33,34,35,54,58,59,73,77,81,94,97,100
grid_eq,UPmaxentropy,421,6,7,9,14,17,31,32,35,43,45,58,66,70,71,84,86
grid_eq,UPmaxentropy,422,1,3,7,8,9,16,34,37,40,45,59,65,75,82,86,100
grid_eq,UPmaxentropy,423,3,8,16,45,49,53,57,60,73,86,88,89,94,97,99,100
grid_eq,UPmaxentropy,424,3,10,15,18,20,21,33,36,39,49,58,68,72,75,77,96
grid_eq,UPmaxentropy,425,1,22,23,31,40,43,60,63,73,75,80,81,86,90,92,99
grid_eq,UPmaxentropy,426,3,6,34,40,44,48,50,52,61,64,70,74,83,88,96,100
grid_eq,UPmaxentropy,427,5,8,10,31,46,53,55,60,62,74,75,77,79,83,90,98
grid_eq,UPmaxentropy,428,4,8,9,16,18,22,26,30,38,51,57,60,64,80,87,98
grid_eq,UPmaxentropy,429,1,16,18,34,41,42,54,60,64,72,74,79,85,93,98,100
grid_eq,UPmaxentropy,430,2,4,17,31,35,41,47,53,55,61,63,74,77,81,86,88
grid_eq,UPmaxentropy,431,6,15,17,22,23,50,62,65,68,70,75,78,83,92,93,95
grid_eq,UPmaxentropy,432,2,11,16,26,30,34,43,44,50,63,78,82,84,91,94,96
grid_eq,UPmaxentropy,433,4,5,7,10,15,21,34,38,46,68,73,75,84,86,89,93
grid_eq,UPmaxentropy,434,5,20,22,40,42,45,60,67,72,77,80,82,85,95,96,98
grid_eq,UPmaxentropy,435,5,6,10,15,18,20,36,40,63,70,75,76,90,94,97,100
grid_eq,UPmaxentropy,436,4,15,18,19,24,26,30,36,38,45,52,57,65,68,72,74
grid_eq,UPmaxentropy,437,2,3,8,10,16,25,31,42,46,47,48,65,82,87,93,97
grid_eq,UPmaxentropy,438,1,4,9,14,21,29,34,37,38,45,46,56,66,81,92,97
grid_eq,UPmaxentropy,439,2,15,24,36,43,55,60,61,64,68,77,78,85,86,90,98
grid_eq,UPmaxentropy,440,11,12,14,32,33,42,47,53,57,58,63,69,72,75,90,97
grid_eq,UPmaxentropy,441,16,18,21,24,31,39,45,56,60,69,75,76,81,84,85,96
grid_eq,UPmaxentropy,442,4,8,13,15,28,32,39,51,54,57,58,59,69,88,90,97
grid_eq,UPmaxentropy,443,7,8,11,22,37,43,62,66,78,85,86,91,92,93,97,99
grid_eq,UPmaxentropy,444,1,2,4,16,28,30,47,48,55,57,59,77,91,96,97,99
grid_eq,UPmaxentropy,445,6,12,25,30,31,43,44,47,52,53,59,62,79,88,89,99
grid_eq,UPmaxentropy,446,7,11,15,17,20,30,35,36,40,41,46,72,76,78,86,97
grid_eq,UPmaxentropy,447,5,6,12,21,32,34,42,49,50,59,65,81,86,88,90,98
grid_eq,UPmaxentropy,448,2,4,5,22,32,34,49,51,53,60,61,68,86,89,90,94
grid_eq,UPmaxentropy,449,2,12,18,29,48,52,57,63,67,75,80,87,89,90,95,96
grid_eq,UPmaxentropy,450,3,12,14,19,30,32,33,37,59,73,75,79,88,89,92,97
grid_eq,UPmaxentropy,451,6,8,13,25,26,30,32,40,51,53,55,56,67,72,80,100
grid_eq,UPmaxentropy,452,7,11,15,16,19,24,34,65,72,73,74,82,86,89,92,98
grid_eq,UPmaxentropy,453,6,10,28,33,37,45,58,59,70,76,78,80,83,85,89,91
grid_eq,UPmaxentropy,454,7,16,17,23,39,46,49,56,66,67,74,81,86,88,90,100
grid_eq,UPmaxentropy,455,7,10,17,39,49,50,51,57,74,84,86,90,92,97,99,100
grid_eq,UPmaxentropy,456,11,23,41,42,43,51,54,60,61,62,63,64,66,68,88,98
grid_eq,UPmaxentropy,457,3,4,7,15,17,22,38,42,51,67,73,78,86,89,93,97
grid_eq,UPmaxentropy,458,7,16,24,26,28,35,41,44,52,58,60,66,70,81,91,95
grid_eq,UPmaxentropy,459,4,11,12,15,20,21,29,42,43,45,64,69,94,97,99,100
grid_eq,UPmaxentropy,460,2,23,30,40,44,49,62,64,65,73,76,77,88,89,92,99
grid_eq,UPmaxentropy,461,4,16,18,39,43,48,54,56,60,74,76,79,85,96,99,100
grid_eq,UPmaxentropy,462,2,7,9,18,19,21,24,25,31,38,39,42,52,73,93,99
grid_eq,UPmaxentropy,463,3,11,13,21,22,26,35,38,53,56,66,77,78,84,86,97
grid_eq,UPmaxentropy,464,12,20,24,27,28,30,33,34,37,45,51,67,74,83,88,94
grid_eq,UPmaxentropy,465,8,14,22,23,25,28,36,45,46,54,69,77,89,91,95,97
grid_eq,UPmaxentropy,466,2,10,19,21,27,48,54,57,60,63,74,79,80,85,93,98
grid_eq,UPmaxentropy,467,19,34,49,50,53,55,56,60,66,70,77,83,84,85,90,96
grid_eq,UPmaxentropy,468,15,17,20,23,24,29,34,35,53,69,73,90,91,92,93,99
grid_eq,UPmaxentropy,469,7,11,13,14,16,25,32,42,49,54,59,74,75,78,97,99
grid_eq,UPmaxentropy,470,2,4,9,26,30,35,36,47,52,62,76,83,84,86,96,99
grid_eq,UPmaxentropy,471,5,8,26,27,36,42,45,48,50,52,57,63,66,71,84,88
grid_eq,UPmaxentropy,472,20,24,26,31,34,39,45,46,47,54,60,61,79,80,89,93
grid_eq,UPmaxentropy,473,16,25,27,34,37,38,43,49,51,59,62,74,77,92,93,99
grid_eq,UPmaxentropy,474,2,12,14,25,30,31,32,45,62,63,68,73,74,86,96,100
grid_eq,UPmaxentropy,475,5,8,28,36,42,43,54,56,74,80,82,83,89,91,92,94
grid_eq,UPmaxentropy,476,1,14,15,18,25,26,27,30,39,40,42,52,58,62,74,82
grid_eq,UPmaxentropy,477,17,24,26,34,42,45,46,49,60,70,71,72,88,89,94,97
grid_eq,UPmaxentropy,478,3,7,12,18,20,22,25,35,37,61,65,74,80,96,98,99
grid_eq,UPmaxentropy,479,5,31,33,40,42,45,49,65,73,74,78,79,86,97,99,100
grid_eq,UPmaxentropy,480,17,29,37,44,46,49,50,55,60,61,71,77,88,89,92,94
grid_eq,UPmaxentropy,481,2,10,15,18,19,22,28,33,35,40,58,62,73,75,86,89
grid_eq,UPmaxentropy,482,6,15,16,21,25,26,31,50,54,61,63,67,68,84,88,89
grid_eq,UPmaxentropy,483,16,17,19,24,38,51,53,63,68,72,79,81,86,91,93,98
grid_eq,UPmaxentropy,484,3,8,13,15,20,21,22,28,30,35,51,60,63,66,77,82
grid_eq,UPmaxentropy,485,6,12,18,20,31,42,52,60,62,63,70,87,89,91,96,97
grid_eq,UPmaxentropy,486,8,13,23,24,26,39,47,63,76,77,81,82,89,91,93,98
grid_eq,UPmaxentropy,487,1,9,26,32,34,39,43,46,47,53,55,58,69,72,79,94
grid_eq,UPmaxentropy,488,2,7,16,17,24,28,30,32,41,57,64,72,82,90,92,97
grid_eq,UPmaxentropy,489,15,30,40,42,43,60,67,70,72,77,78,84,85,88,96,99
grid_eq,UPmaxentropy,490,12,17,40,41,42,45,46,47,49,57,66,67,71,72,77,81
grid_eq,UPmaxentropy,491,2,21,25,26,28,39,50,53,68,74,78,80,81,82,83,96
grid_eq,UPmaxentropy,492,7,10,26,33,35,48,55,56,63,66,70,85,90,96,97,98
grid_eq,UPmaxentropy,493,14,21,23,24,35,36,42,45,47,52,53,58,80,81,94,97
grid_eq,UPmaxentropy,494,18,20,23,25,30,38,44,45,53,55,56,60,65,68,69,86
grid_eq,UPmaxentropy,495,2,3,9,15,22,29,30,34,36,40,49,56,67,70,73,87
grid_eq,UPmaxentropy,496,12,13,17,19,25,26,30,31,41,48,60,65,68,72,80,100
grid_eq,UPmaxentropy,497,9,15,25,29,44,54,60,62,64,66,68,72,80,93,94,97
grid_eq,UPmaxentropy,498,2,5,12,13,19,21,22,29,37,46,53,55,64,65,83,93
grid_eq,UPmaxentropy,499,3,6,10,22,24,25,33,40,52,57,58,62,70,78,84,97
grid_eq,UPmaxentropy,500,1,3,4,23,36,37,42,47,51,54,55,59,71,80,93,100
grid_eq,UPmaxentropy,501,6,21,23,24,26,33,36,39,44,56,57,61,65,75,87,94
grid_eq,UPmaxentropy,502,1,3,11,13,14,21,35,43,53,57,62,65,84,87,92,99
grid_eq,UPmaxentropy,503,2,9,15,16,18,20,47,67,68,69,76,77,82,87,89,92
grid_eq,UPmaxentropy,504,1,3,6,13,19,20,21,36,59,60,76,85,86,90,97,99
grid_eq,UPmaxentropy,505,3,6,15,25,36,39,49,51,54,59,68,78,79,88,89,92
grid_eq,UPmaxentropy,506,1,4,5,20,24,27,28,30,52,56,60,78,85,87,98,100
grid_eq,UPmaxentropy,507,2,3,9,10,13,14,26,32,45,50,62,74,76,84,89,99
grid_eq,UPmaxentropy,508,1,5,20,21,22,30,37,39,48,54,65,70,80,86,97,98
grid_eq,UPmaxentropy,509,28,34,39,46,54,67,70,75,76,80,81,86,88,92,95,100
grid_eq,UPmaxentropy,510,5,9,11,16,17,27,31,38,44,52,55,64,69,71,85,98
grid_eq,UPmaxentropy,511,8,10,18,34,36,38,43,50,53,54,55,72,78,83,93,94
grid_eq,UPmaxentropy,512,12,15,16,23,27,29,35,48,53,54,56,62,63,77,83,97
grid_eq,UPmaxentropy,513,3,4,10,13,14,18,24,36,42,50,62,69,73,85,94,98
grid_eq,UPmaxentropy,514,2,4,5,17,20,21,23,28,33,37,38,60,62,67,83,87
grid_eq,UPmaxentropy,515,10,11,16,17,24,27,42,44,49,58,62,68,77,93,95,99
grid_eq,UPmaxentropy,516,1,12,17,21,23,31,32,37,41,44,69,77,79,82,84,86
grid_eq,UPmaxentropy,517,2,25,31,32,47,54,64,67,80,81,87,88,90,94,97,99
grid_eq,UPmaxentropy,518,18,19,27,28,34,44,60,66,71,77,78,81,91,94,95,98
grid_eq,UPmaxentropy,519,7,8,22,34,38,41,42,44,49,51,52,62,72,80,84,99
grid_eq,UPmaxentropy,520,1,2,6,7,9,18,21,22,42,43,58,67,76,90,91,92
grid_eq,UPmaxentropy,521,4,12,13,15,18,28,34,39,43,53,61,71,87,89,94,100
grid_eq,UPmaxentropy,522,1,7,9,23,33,40,53,58,60,66,71,73,86,91,98,99
grid_eq,UPmaxentropy,523,12,17,23,25,31,37,47,49,63,75,79,83,86,89,94,97
grid_eq,UPmaxentropy,524,7,13,18,23,25,33,35,49,50,54,57,58,62,75,76,100
grid_eq,UPmaxentropy,525,10,12,15,16,24,31,37,47,49,53,55,70,73,75,89,90
grid_eq,UPmaxentropy,526,2,10,16,18,34,39,54,64,67,72,76,83,86,89,97,99
grid_eq,UPmaxentropy,527,1,4,16,18,35,40,44,53,54,67,68,70,73,77,80,85
grid_eq,UPmaxentropy,528,12,13,16,26,32,35,38,53,73,77,78,79,81,86,90,92
grid_eq,UPmaxentropy,529,9,15,21,25,28,29,30,39,50,56,57,81,84,87,90,94
grid_eq,UPmaxentropy,530,1,7,8,12,22,23,24,28,32,60,81,82,84,91,92,99
grid_eq,UPmaxentropy,531,1,8,13,17,30,33,38,52,53,62,66,69,70,73,77,82
grid_eq,UPmaxentropy,532,1,3,5,13,23,28,36,39,68,71,72,75,87,89,91,92
grid_eq,UPmaxentropy,533,7,17,18,21,28,35,37,43,48,57,58,60,70,76,80,86
grid_eq,UPmaxentropy,534,3,4,5,16,27,36,45,51,56,58,63,77,89,90,91,97
grid_eq,UPmaxentropy,535,1,2,6,7,33,52,61,62,76,81,83,85,86,89,94,95
grid_eq,UPmaxentropy,536,10,18,29,40,42,44,46,48,52,57,79,82,90,95,96,100
grid_eq,UPmaxentropy,537,5,11,34,36,37,41,50,58,60,65,87,92,93,97,98,99
grid_eq,UPmaxentropy,538,3,6,13,16,20,21,33,49,52,54,61,63,65,74,79,93
grid_eq,UPmaxentropy,539,4,8,9,15,16,32,33,55,59,68,72,73,78,80,88,94
grid_eq,UPmaxentropy,540,8,13,18,19,21,26,30,42,51,53,65,73,79,84,86,97
grid_eq,UPmaxentropy,541,3,5,18,20,23,25,29,42,43,52,60,68,71,72,74,76
grid_eq,UPmaxentropy,542,3,6,7,8,13,38,40,43,45,49,65,66,68,75,77,97
grid_eq,UPmaxentropy,543,7,8,9,17,20,22,36,39,47,58,60,62,67,74,86,90
grid_eq,UPmaxentropy,544,7,9,15,37,40,41,49,51,67,75,79,82,87,90,93,96
grid_eq,UPmaxentropy,545,11,17,23,30,33,38,45,47,57,58,64,71,72,81,93,95
grid_eq,UPmaxentropy,546,2,12,25,27,32,35,45,58,69,73,77,79,81,84,93,94
grid_eq,UPmaxentropy,547,12,13,16,22,24,25,26,30,34,44,62,69,80,91,93,99
grid_eq,UPmaxentropy,548,1,18,21,23,34,35,39,48,49,57,63,69,75,76,78,89
grid_eq,UPmaxentropy,549,4,6,11,19,23,39,45,48,55,60,63,71,83,84,87,89
grid_eq,UPmaxentropy,550,7,9,18,21,22,39,42,50,64,65,66,79,89,90,99,100
grid_eq,UPmaxentropy,551,2,5,11,14,15,16,19,22,30,35,48,55,70,78,79,92
grid_eq,UPmaxentropy,552,1,2,19,32,44,55,58,60,63,66,76,78,81,87,91,98
grid_eq,UPmaxentropy,553,7,9,11,13,16,18,21,23,25,35,48,49,70,77,85,88
grid_eq,UPmaxentropy,554,1,6,7,10,16,17,21,22,44,59,69,70,74,75,82,93
grid_eq,UPmaxentropy,555,7,9,14,16,22,31,32,33,46,47,64,83,84,93,96,99
grid_eq,UPmaxentropy,556,11,12,17,21,27,28,38,44,48,55,58,60,61,73,80,83
grid_eq,UPmaxentropy,557,16,21,31,37,45,59,60,62,66,67,68,76,83,85,91,97
grid_eq,UPmaxentropy,558,8,9,10,20,27,49,55,61,67,70,81,85,88,89,92,95
grid_eq,UPmaxentropy,559,13,30,36,50,58,63,65,72,73,74,78,84,89,90,92,100
grid_eq,UPmaxentropy,560,7,8,10,18,25,39,41,49,53,61,70,82,84,95,96,98
grid_eq,UPmaxentropy,561,2,12,13,15,48,56,58,60,61,70,78,81,82,89,94,98
grid_eq,UPmaxentropy,562,14,19,26,28,30,36,41,43,44,54,56,64,78,84,90,92
grid_eq,UPmaxentropy,563,9,15,18,27,31,35,40,43,44,68,76,81,83,84,91,93
grid_eq,UPmaxentropy,564,7,17,27,30,32,46,48,49,52,57,67,68,93,95,97,100
grid_eq,UPmaxentropy,565,8,10,15,17,23,26,32,38,55,58,61,71,74,82,85,99
grid_eq,UPmaxentropy,566,2,4,16,23,25,26,30,33,49,52,53,58,59,61,73,88
grid_eq,UPmaxentropy,567,1,18,31,47,48,50,53,55,59,60,65,83,87,89,94,95
grid_eq,UPmaxentropy,568,5,6,8,31,34,42,45,47,58,68,75,76,78,86,88,89
grid_eq,UPmaxentropy,569,1,12,14,24,37,71,74,79,81,82,83,84,86,89,94,99
grid_eq,UPmaxentropy,570,8,9,20,27,34,36,38,41,49,53,61,65,76,83,87,92
grid_eq,UPmaxentropy,571,8,9,10,18,24,25,27,36,40,50,51,55,60,87,88,91
grid_eq,UPmaxentropy,572,17,25,29,34,36,38,46,53,60,77,78,79,80,84,85,88
grid_eq,UPmaxentropy,573,40,46,49,55,56,57,63,65,66,72,78,83,86,88,92,96
grid_eq,UPmaxentropy,574,5,12,14,17,25,29,32,40,53,56,60,63,67,78,85,91
grid_eq,UPmaxentropy,575,1,16,17,29,35,38,47,50,55,62,66,69,81,83,88,94
grid_eq,UPmaxentropy,576,3,5,12,28,30,43,50,58,60,65,68,69,77,84,90,92
grid_eq,UPmaxentropy,577,7,16,18,29,30,32,40,46,57,63,70,71,76,78,89,90
grid_eq,UPmaxentropy,578,3,14,15,16,29,32,36,37,53,57,68,73,75,80,92,96
grid_eq,UPmaxentropy,579,2,3,7,17,27,29,31,37,46,47,62,66,67,73,82,85
grid_eq,UPmaxentropy,580,1,2,4,11,15,25,39,41,57,70,83,84,88,91,92,94
grid_eq,UPmaxentropy,581,2,4,20,29,30,34,38,39,53,54,58,65,71,76,86,94
grid_eq,UPmaxentropy,582,19,20,22,29,31,33,38,47,57,59,66,71,74,85,88,100
grid_eq,UPmaxentropy,583,2,3,23,32,48,52,54,58,63,66,70,71,74,91,96,98
grid_eq,UPmaxentropy,584,13,19,21,26,32,34,41,45,48,61,74,78,82,90,97,98
grid_eq,UPmaxentropy,585,3,4,5,6,13,20,43,46,47,54,64,67,75,80,88,96
grid_eq,UPmaxentropy,586,14,24,27,31,33,47,51,55,60,63,70,71,82,93,97,98
grid_eq,UPmaxentropy,587,3,4,20,23,34,38,39,55,63,67,69,77,78,79,84,91
grid_eq,UPmaxentropy,588,5,18,20,24,26,43,49,51,52,64,68,70,80,84,87,92
grid_eq,UPmaxentropy,589,2,15,29,38,39,40,42,44,52,55,66,77,80,82,87,92
grid_eq,UPmaxentropy,590,1,13,33,34,41,48,50,65,72,74,80,90,92,95,99,100
grid_eq,UPmaxentropy,591,15,19,30,34,35,36,40,54,56,60,74,75,79,91,97,100
grid_eq,UPmaxentropy,592,9,12,15,19,22,33,37,45,52,56,59,63,82,91,92,97
grid_eq,UPmaxentropy,593,2,4,6,22,26,29,30,34,45,53,65,71,73,80,87,90
grid_eq,UPmaxentropy,594,1,3,14,22,24,31,41,52,57,75,77,80,86,92,95,99
grid_eq,UPmaxentropy,595,8,18,31,41,45,56,57,68,75,76,80,83,88,90,93,94
grid_eq,UPmaxentropy,596,2,4,7,21,34,37,48,49,53,55,73,79,80,83,87,93
grid_eq,UPmaxentropy,597,2,6,11,17,20,21,25,27,30,41,48,52,76,78,87,95
grid_eq,UPmaxentropy,598,2,12,25,35,36,46,47,49,53,57,61,63,64,65,87,94
grid_eq,UPmaxentropy,599,3,21,30,33,35,45,47,48,52,55,57,69,73,75,79,81
grid_eq,UPmaxentropy,600,16,20,30,33,34,36,38,64,73,74,78,79,80,84,92,98
grid_eq,UPmaxentropy,601,7,8,9,21,23,28,34,64,65,70,72,74,87,90,97,99
grid_eq,UPmaxentropy,602,1,5,13,31,47,63,67,69,70,77,79,85,86,87,90,94
grid_eq,UPmaxentropy,603,15,19,24,38,43,45,48,63,68,70,71,74,83,91,93,99
grid_eq,UPmaxentropy,604,5,6,21,24,28,32,38,51,58,62,71,76,79,81,82,88
grid_eq,UPmaxentropy,605,4,7,16,22,24,30,31,34,38,52,66,68,79,82,87,97
grid_eq,UPmaxentropy,606,20,21,27,32,34,35,43,50,55,78,83,85,88,89,90,98
grid_eq,UPmaxentropy,607,4,8,11,27,32,35,42,50,51,63,74,81,85,91,96,98
grid_eq,UPmaxentropy,608,5,6,7,10,13,21,31,34,39,50,57,75,76,80,85,98
grid_eq,UPmaxentropy,609,7,18,25,29,33,38,44,57,64,66,68,77,81,88,92,99
grid_eq,UPmaxentropy,610,9,15,29,36,41,43,49,50,53,61,70,71,75,76,77,90
grid_eq,UPmaxentropy,611,12,16,18,21,22,23,25,27,29,43,45,68,70,71,78,85
grid_eq,UPmaxentropy,612,8,9,12,13,19,25,33,48,56,61,70,73,88,96,98,100
grid_eq,UPmaxentropy,613,8,17,21,28,29,33,41,50,55,62,63,68,75,89,99,100
grid_eq,UPmaxentropy,614,5,10,12,14,20,34,42,52,58,59,64,68,71,75,89,90
grid_eq,UPmaxentropy,615,11,20,22,23,26,39,52,59,62,65,66,87,88,89,95,99
grid_eq,UPmaxentropy,616,5,12,15,24,25,31,34,36,39,46,78,82,89,92,94,96
grid_eq,UPmaxentropy,617,6,22,31,34,36,39,42,46,53,64,71,78,87,93,96,98
grid_eq,UPmaxentropy,618,3,9,18,20,25,26,38,40,46,69,73,74,78,83,88,98
grid_eq,UPmaxentropy,619,3,9,10,11,21,23,29,33,40,41,46,59,60,64,72,92
grid_eq,UPmaxentropy,620,11,22,28,40,43,51,54,59,61,67,69,76,77,84,87,94
grid_eq,UPmaxentropy,621,1,24,30,33,41,62,66,71,73,75,79,81,87,89,90,95
grid_eq,UPmaxentropy,622,9,13,15,18,20,25,32,39,47,52,54,61,66,79,89,95
grid_eq,UPmaxentropy,623,9,17,29,34,37,38,45,56,58,60,75,84,85,89,96,97
grid_eq,UPmaxentropy,624,4,7,10,20,26,31,40,58,62,64,75,76,84,89,95,97
grid_eq,UPmaxentropy,625,1,9,10,17,29,30,35,42,47,51,62,75,81,93,94,98
grid_eq,UPmaxentropy,626,5,6,30,37,48,72,78,81,82,84,86,89,90,91,95,96
grid_eq,UPmaxentropy,627,3,6,10,14,32,33,40,53,57,58,60,61,64,66,75,99
grid_eq,UPmaxentropy,628,1,3,10,16,21,25,28,34,48,64,68,70,81,90,91,92
grid_eq,UPmaxentropy,629,1,2,5,7,9,13,20,25,37,48,50,52,58,81,82,86
grid_eq,UPmaxentropy,630,4,17,18,23,29,37,38,42,47,50,55,59,66,68,79,91
grid_eq,UPmaxentropy,631,7,19,23,26,31,35,39,46,51,59,64,68,82,84,95,100
grid_eq,UPmaxentropy,632,22,26,29,31,34,39,52,66,70,71,73,77,78,88,89,98
grid_eq,UPmaxentropy,633,10,22,24,25,27,29,31,45,50,52,55,75,82,84,92,97
grid_eq,UPmaxentropy,634,5,7,11,19,25,27,28,30,33,38,42,47,73,74,81,87
grid_eq,UPmaxentropy,635,11,12,13,16,18,22,35,37,41,45,46,57,66,80,89,97
grid_eq,UPmaxentropy,636,9,10,13,20,23,25,45,47,49,52,59,62,86,89,93,97
grid_eq,UPmaxentropy,637,1,4,8,14,26,29,35,44,59,70,77,78,79,88,96,100
grid_eq,UPmaxentropy,638,7,11,14,17,22,25,36,40,42,48,49,51,63,77,92,93
grid_eq,UPmaxentropy,639,7,15,23,30,31,44,50,53,55,64,68,77,79,86,87,89
grid_eq,UPmaxentropy,640,6,7,15,24,26,35,39,45,51,57,58,62,67,74,77,87
grid_eq,UPmaxentropy,641,14,18,25,27,37,44,61,62,63,66,72,75,81,88,92,100
grid_eq,UPmaxentropy,642,9,21,24,38,43,48,49,53,55,64,67,71,72,79,87,91
grid_eq,UPmaxentropy,643,4,7,14,17,23,31,32,45,56,59,63,70,74,79,82,98
grid_eq,UPmaxentropy,644,8,9,15,17,21,30,32,35,37,38,40,51,54,75,82,92
grid_eq,UPmaxentropy,645,12,27,39,42,44,50,55,61,64,65,69,78,81,85,92,97
grid_eq,UPmaxentropy,646,13,15,16,20,23,30,35,38,39,43,48,49,62,69,78,85
grid_eq,UPmaxentropy,647,4,5,7,47,49,50,62,66,71,77,79,81,91,93,94,100
grid_eq,UPmaxentropy,648,10,15,18,19,29,36,40,46,51,60,63,66,68,70,72,98
grid_eq,UPmaxentropy,649,2,12,19,21,26,27,32,39,50,53,60,68,70,73,83,97
grid_eq,UPmaxentropy,650,7,11,14,30,34,35,44,50,51,59,61,62,66,73,90,91
grid_eq,UPmaxentropy,651,4,15,27,32,34,36,41,42,46,50,55,59,70,87,95,96
grid_eq,UPmaxentropy,652,1,2,5,9,12,31,32,49,52,53,57,65,73,75,85,86
grid_eq,UPmaxentropy,653,8,17,26,37,39,50,51,58,59,61,64,71,74,90,94,98
grid_eq,UPmaxentropy,654,6,11,22,30,37,39,41,42,58,65,68,72,77,78,84,91
grid_eq,UPmaxentropy,655,2,5,19,21,26,28,37,48,52,53,61,62,72,74,85,94
grid_eq,UPmaxentropy,656,11,15,20,21,35,38,39,50,58,69,75,80,81,84,96,98
grid_eq,UPmaxentropy,657,2,3,4,10,16,18,24,30,32,36,45,50,54,71,75,95
grid_eq,UPmaxentropy,658,6,13,21,27,35,41,42,55,59,70,73,78,88,90,91,100
grid_eq,UPmaxentropy,659,3,5,9,23,24,26,37,50,54,64,65,67,74,87,91,94
grid_eq,UPmaxentropy,660,2,4,12,15,21,23,30,43,50,63,74,85,89,96,97,99
grid_eq,UPmaxentropy,661,1,3,5,28,31,32,34,39,43,44,57,59,78,80,92,97
grid_eq,UPmaxentropy,662,2,5,7,18,33,36,41,44,46,51,52,59,68,83,85,100
grid_eq,UPmaxentropy,663,1,6,9,13,15,31,43,53,71,80,81,83,90,93,94,95
grid_eq,UPmaxentropy,664,13,15,16,32,33,36,40,47,55,66,69,71,85,86,87,90
grid_eq,UPmaxentropy,665,5,16,22,23,26,28,31,45,50,51,55,67,72,83,84,99
grid_eq,UPmaxentropy,666,5,17,23,25,33,49,51,52,54,55,63,74,78,84,91,94
grid_eq,UPmaxentropy,667,7,10,23,24,28,45,47,51,52,56,57,68,72,73,82,88
grid_eq,UPmaxentropy,668,4,10,22,34,37,39,40,47,55,66,67,68,69,77,90,100
grid_eq,UPmaxentropy,669,6,11,12,18,25,26,34,46,56,59,64,73,75,79,80,87
grid_eq,UPmaxentropy,670,5,13,15,22,44,46,52,59,62,66,70,71,76,77,83,100
grid_eq,UPmaxentropy,671,8,11,15,16,30,35,44,47,50,53,67,70,72,77,81,96
grid_eq,UPmaxentropy,672,3,4,41,54,55,56,61,65,68,71,78,82,83,85,92,99
grid_eq,UPmaxentropy,673,16,21,28,29,30,51,54,57,60,68,79,86,88,91,92,95
grid_eq,UPmaxentropy,674,14,20,21,26,31,40,50,54,63,64,69,79,80,81,82,89
grid_eq,UPmaxentropy,675,7,8,12,14,28,31,37,47,50,51,52,88,91,93,94,96
grid_eq,UPmaxentropy,676,16,17,19,22,28,30,32,40,42,49,53,54,57,76,80,95
grid_eq,UPmaxentropy,677,9,10,18,19,25,33,35,42,56,63,64,68,69,74,78,87
grid_eq,UPmaxentropy,678,5,8,9,15,18,21,22,32,36,42,43,55,58,59,65,98
grid_eq,UPmaxentropy,679,6,9,24,33,34,41,42,44,45,51,59,66,80,81,90,96
grid_eq,UPmaxentropy,680,24,36,37,38,51,54,56,64,65,70,72,74,86,92,96,98
grid_eq,UPmaxentropy,681,5,7,9,15,18,23,32,47,49,59,61,63,71,80,85,96
grid_eq,UPmaxentropy,682,1,8,11,39,40,41,44,45,46,49,69,72,73,78,82,91
grid_eq,UPmaxentropy,683,3,5,9,33,37,40,55,56,60,61,74,78,83,86,92,99
grid_eq,UPmaxentropy,684,12,16,19,20,30,62,63,65,68,70,75,77,78,89,95,98
grid_eq,UPmaxentropy,685,1,4,10,24,25,28,32,33,38,40,43,73,84,93,94,100
grid_eq,UPmaxentropy,686,5,12,14,33,38,40,41,44,59,61,66,68,71,78,97,99
grid_eq,UPmaxentropy,687,9,10,11,15,17,20,27,37,40,45,51,65,66,73,78,97
grid_eq,UPmaxentropy,688,13,17,27,35,39,57,60,61,62,66,67,72,80,85,96,99
grid_eq,UPmaxentropy,689,4,15,20,24,25,30,47,75,78,79,83,85,87,88,94,96
grid_eq,UPmaxentropy,690,3,35,40,41,42,50,57,59,67,74,79,83,87,88,99,100
grid_eq,UPmaxentropy,691,2,5,6,10,22,23,38,44,45,47,52,53,59,74,86,100
grid_eq,UPmaxentropy,692,2,4,24,27,29,38,42,45,46,54,56,61,62,68,79,95
grid_eq,UPmaxentropy,693,6,9,17,21,39,41,45,50,62,65,67,74,79,80,82,83
grid_eq,UPmaxentropy,694,4,7,12,27,36,39,49,57,59,65,75,77,80,89,91,96
grid_eq,UPmaxentropy,695,8,11,17,23,25,33,36,37,43,53,70,72,75,78,86,90
grid_eq,UPmaxentropy,696,8,10,15,26,41,42,46,51,54,55,70,72,81,84,88,96
grid_eq,UPmaxentropy,697,2,6,24,25,31,59,63,66,71,77,81,86,87,92,98,100
grid_eq,UPmaxentropy,698,5,6,17,27,40,42,44,49,54,56,60,71,73,86,96,98
grid_eq,UPmaxentropy,699,6,22,33,34,38,51,53,55,60,62,66,70,74,75,92,95
grid_eq,UPmaxentropy,700,1,11,14,23,24,29,35,50,55,57,60,73,76,78,87,100
grid_eq,UPmaxentropy,701,7,12,14,19,22,26,32,38,48,50,54,60,68,77,88,98
grid_eq,UPmaxentropy,702,1,2,13,23,30,38,45,47,50,67,68,77,82,93,94,100
grid_eq,UPmaxentropy,703,2,12,13,36,37,47,49,56,60,63,68,74,80,87,91,97
grid_eq,UPmaxentropy,704,5,21,33,35,55,66,67,73,76,78,81,90,92,95,98,100
grid_eq,UPmaxentropy,705,1,2,9,10,17,35,37,48,49,52,57,65,68,80,81,86
grid_eq,UPmaxentropy,706,1,4,14,18,19,27,38,39,42,43,51,69,70,89,90,94
grid_eq,UPmaxentropy,707,1,3,9,10,19,21,27,31,40,58,65,69,77,78,89,98
grid_eq,UPmaxentropy,708,5,7,18,22,23,32,35,53,54,55,59,62,64,82,87,96
grid_eq,UPmaxentropy,709,2,12,13,14,15,18,20,24,38,64,68,69,82,83,84,100
grid_eq,UPmaxentropy,710,1,12,21,24,29,31,45,47,48,55,58,60,61,67,74,80
grid_eq,UPmaxentropy,711,26,38,45,49,50,52,61,62,65,67,70,89,90,91,95,96
grid_eq,UPmaxentropy,712,2,4,19,26,28,35,45,50,56,58,61,69,82,87,89,98
grid_eq,UPmaxentropy,713,7,14,16,19,25,26,35,47,51,52,56,59,63,74,82,97
grid_eq,UPmaxentropy,714,7,10,14,23,24,44,47,63,64,81,85,86,88,93,96,100
grid_eq,UPmaxentropy,715,7,15,16,23,26,27,29,30,55,60,70,79,85,89,94,97
grid_eq,UPmaxentropy,716,2,10,41,42,47,50,53,54,55,57,74,88,92,94,96,100
grid_eq,UPmaxentropy,717,2,5,29,33,37,41,47,50,51,54,56,59,63,71,81,91
grid_eq,UPmaxentropy,718,9,13,14,23,35,40,42,46,54,56,57,76,78,83,84,86
grid_eq,UPmaxentropy,719,1,3,24,42,44,46,53,60,62,67,75,87,92,94,95,99
grid_eq,UPmaxentropy,720,15,20,23,24,42,47,58,62,71,75,81,83,89,91,95,99
grid_eq,UPmaxentropy,721,2,15,19,23,31,33,47,48,49,63,66,67,71,75,78,85
grid_eq,UPmaxentropy,722,13,17,25,28,34,38,43,47,72,75,87,89,91,95,96,99
grid_eq,UPmaxentropy,723,9,28,31,33,39,40,41,43,54,58,63,66,78,84,98,100
grid_eq,UPmaxentropy,724,2,5,18,21,41,42,46,52,55,60,62,63,68,84,94,95
grid_eq,UPmaxentropy,725,5,15,22,26,28,29,35,39,40,42,43,67,71,77,98,100
grid_eq,UPmaxentropy,726,6,13,34,35,38,48,49,58,60,63,77,80,82,88,90,95
grid_eq,UPmaxentropy,727,1,6,16,17,19,32,43,45,48,51,64,65,78,83,87,96
grid_eq,UPmaxentropy,728,1,6,14,28,31,33,35,38,43,57,70,72,76,86,92,95
grid_eq,UPmaxentropy,729,6,22,25,27,38,43,47,58,70,71,73,74,75,76,91,98
grid_eq,UPmaxentropy,730,9,10,11,13,26,33,41,43,58,67,72,81,83,86,93,94
grid_eq,UPmaxentropy,731,7,15,30,31,34,43,57,58,61,65,66,68,77,82,91,92
grid_eq,UPmaxentropy,732,3,8,10,14,17,32,33,37,51,63,70,83,88,93,95,98
grid_eq,UPmaxentropy,733,14,16,21,23,38,40,50,51,54,55,57,60,61,62,81,100
grid_eq,UPmaxentropy,734,5,12,26,36,40,47,51,54,60,64,74,89,92,94,97,98
grid_eq,UPmaxentropy,735,15,21,28,32,33,35,39,47,52,59,62,68,74,80,90,92
grid_eq,UPmaxentropy,736,2,5,29,38,39,43,53,54,62,72,74,79,88,90,91,100
grid_eq,UPmaxentropy,737,8,10,18,29,30,31,39,43,46,51,54,60,69,72,85,99
grid_eq,UPmaxentropy,738,1,2,5,8,10,24,28,31,45,46,52,56,58,69,84,85
grid_eq,UPmaxentropy,739,3,7,18,19,24,33,52,55,66,70,72,73,74,78,80,86
grid_eq,UPmaxentropy,740,5,12,20,23,28,33,35,37,42,45,65,71,93,94,95,99
grid_eq,UPmaxentropy,741,8,9,12,15,21,22,32,34,45,50,62,64,75,87,91,92
grid_eq,UPmaxentropy,742,3,9,10,15,33,41,46,60,63,74,77,84,86,95,98,99
grid_eq,UPmaxentropy,743,3,8,16,17,20,21,27,29,53,55,62,65,79,84,86,93
grid_eq,UPmaxentropy,744,4,10,14,16,19,25,38,39,44,52,54,74,85,87,89,99
grid_eq,UPmaxentropy,745,15,22,24,31,45,48,51,57,58,63,66,72,75,77,91,96
grid_eq,UPmaxentropy,746,5,10,11,13,19,29,35,38,39,54,58,60,64,83,85,86
grid_eq,UPmaxentropy,747,8,10,17,19,20,27,43,44,58,73,75,76,90,93,94,97
grid_eq,UPmaxentropy,748,1,2,13,15,17,30,33,34,40,47,50,68,71,73,79,80
grid_eq,UPmaxentropy,749,5,10,25,28,29,38,42,46,69,74,80,83,86,94,97,99
grid_eq,UPmaxentropy,750,2,4,22,25,28,43,48,56,57,58,65,67,74,76,78,85
grid_eq,UPmaxentropy,751,3,16,23,30,33,39,50,52,54,60,63,67,72,73,91,97
grid_eq,UPmaxentropy,752,9,15,19,20,26,34,49,53,54,58,63,79,81,83,87,88
grid_eq,UPmaxentropy,753,5,7,10,17,21,26,38,46,53,67,69,74,83,85,86,93
grid_eq,UPmaxentropy,754,3,4,15,26,36,43,45,54,64,65,79,81,84,85,90,91
grid_eq,UPmaxentropy,755,3,4,7,13,14,25,28,31,32,54,60,77,78,89,91,97
grid_eq,UPmaxentropy,756,1,4,5,13,23,24,29,37,53,55,66,75,84,85,98,100
grid_eq,UPmaxentropy,757,1,10,11,15,16,23,35,36,40,43,58,63,72,80,84,95
grid_eq,UPmaxentropy,758,1,4,8,30,47,52,62,64,80,81,82,85,90,91,94,98
grid_eq,UPmaxentropy,759,1,2,6,14,19,21,26,36,37,48,50,59,70,77,98,100
grid_eq,UPmaxentropy,760,14,17,23,28,41,52,54,58,66,74,78,79,94,98,99,100
grid_eq,UPmaxentropy,761,4,6,11,12,21,33,34,47,48,49,50,57,64,74,95,98
grid_eq,UPmaxentropy,762,3,5,9,19,24,34,42,46,51,52,58,64,65,66,67,77
grid_eq,UPmaxentropy,763,2,11,12,14,18,20,22,35,41,56,64,70,73,80,88,95
grid_eq,UPmaxentropy,764,1,19,22,26,28,30,35,36,42,53,60,74,79,85,90,98
grid_eq,UPmaxentropy,765,4,7,21,28,31,36,49,51,57,60,67,69,75,79,80,83
grid_eq,UPmaxentropy,766,7,11,14,25,26,31,43,45,52,65,68,72,73,84,86,89
grid_eq,UPmaxentropy,767,2,8,11,12,21,38,41,49,58,73,74,76,79,91,98,99
grid_eq,UPmaxentropy,768,5,17,21,29,30,31,37,46,56,57,67,68,69,70,82,89
grid_eq,UPmaxentropy,769,2,3,15,20,21,26,29,33,45,48,53,56,60,67,72,88
grid_eq,UPmaxentropy,770,6,18,22,26,32,34,35,36,49,53,55,57,66,84,85,91
grid_eq,UPmaxentropy,771,4,7,10,17,19,20,27,31,37,47,54,64,68,73,89,100
grid_eq,UPmaxentropy,772,4,5,6,11,18,22,34,48,53,59,65,71,77,88,99,100
grid_eq,UPmaxentropy,773,18,20,22,24,30,31,40,47,54,62,64,65,71,89,90,100
grid_eq,UPmaxentropy,774,4,11,18,29,37,44,48,63,65,76,78,84,85,93,98,99
grid_eq,UPmaxentropy,775,4,14,15,21,25,43,46,50,54,58,66,83,89,90,92,98
grid_eq,UPmaxentropy,776,1,3,9,14,25,29,39,45,49,59,67,72,77,78,96,99
grid_eq,UPmaxentropy,777,6,14,16,28,32,33,35,36,38,48,54,61,64,77,99,100
grid_eq,UPmaxentropy,778,1,2,10,12,17,31,46,52,54,57,61,67,70,71,86,95
grid_eq,UPmaxentropy,779,25,32,39,41,43,46,60,64,67,75,76,84,87,89,91,98
grid_eq,UPmaxentropy,780,18,23,24,29,45,47,49,59,62,70,74,81,86,95,96,98
grid_eq,UPmaxentropy,781,10,11,18,22,31,38,39,40,53,59,73,74,76,85,90,96
grid_eq,UPmaxentropy,782,5,6,11,24,27,42,43,44,47,55,61,62,66,70,74,78
grid_eq,UPmaxentropy,783,2,41,45,47,48,50,51,52,61,63,70,72,77,81,93,96
grid_eq,UPmaxentropy,784,2,26,29,30,34,42,44,46,50,61,62,72,73,81,92,95
grid_eq,UPmaxentropy,785,3,28,29,31,32,40,43,45,65,74,75,76,83,92,95,97
grid_eq,UPmaxentropy,786,6,9,10,15,26,28,34,38,46,56,61,65,74,79,85,92
grid_eq,UPmaxentropy,787,3,7,10,17,21,35,47,58,62,70,80,83,90,93,97,98
grid_eq,UPmaxentropy,788,7,8,15,16,36,41,46,48,66,72,75,78,80,82,83,84
grid_eq,UPmaxentropy,789,2,11,14,24,39,47,53,58,68,80,83,87,88,90,91,96
grid_eq,UPmaxentropy,790,18,22,23,24,27,35,36,39,44,54,63,65,80,87,91,100
grid_eq,UPmaxentropy,791,6,12,24,30,35,37,45,46,52,58,61,67,71,85,88,94
grid_eq,UPmaxentropy,792,8,9,14,16,17,22,43,45,47,48,51,59,65,66,72,84
grid_eq,UPmaxentropy,793,6,7,8,23,29,37,43,48,49,58,70,73,84,87,88,90
grid_eq,UPmaxentropy,794,5,13,20,24,26,29,31,39,53,58,63,65,79,84,92,98
grid_eq,UPmaxentropy,795,10,13,22,27,28,36,56,63,66,72,73,75,78,85,86,88
grid_eq,UPmaxentropy,796,3,9,14,26,27,32,33,43,53,55,64,77,89,91,92,100
grid_eq,UPmaxentropy,797,2,7,10,15,22,26,32,35,48,53,63,66,76,81,89,96
grid_eq,UPmaxentropy,798,1,3,6,8,15,33,36,41,43,51,57,62,72,74,78,99
grid_eq,UPmaxentropy,799,18,21,22,23,25,36,42,48,56,63,65,66,81,82,85,89
grid_eq,UPmaxentropy,800,3,8,10,34,51,52,60,64,76,77,82,84,89,90,92,96
grid_eq,UPmaxentropy,801,11,29,32,34,40,55,61,62,67,77,84,86,90,95,98,99
grid_eq,UPmaxentropy,802,3,8,13,27,29,30,33,52,55,73,74,80,87,92,95,100
grid_eq,UPmaxentropy,803,2,8,21,24,36,37,39,43,54,68,69,77,84,91,94,100
grid_eq,UPmaxentropy,804,3,4,6,19,20,28,29,32,35,70,77,80,84,88,94,96
grid_eq,UPmaxentropy,805,2,6,8,21,25,26,31,40,51,64,69,70,79,80,90,92
grid_eq,UPmaxentropy,806,8,22,32,46,51,58,64,66,68,71,73,77,81,82,83,90
grid_eq,UPmaxentropy,807,1,2,15,17,20,26,28,44,50,54,58,68,71,75,93,94
grid_eq,UPmaxentropy,808,9,11,17,24,34,41,42,57,59,71,79,80,87,90,96,100
grid_eq,UPmaxentropy,809,3,9,17,26,34,40,49,52,53,63,78,79,84,92,96,100
grid_eq,UPmaxentropy,810,3,5,24,25,31,42,52,54,73,74,81,86,88,89,94,99
grid_eq,UPmaxentropy,811,1,5,14,16,17,30,33,35,48,67,74,83,87,91,94,98
grid_eq,UPmaxentropy,812,7,9,16,25,33,37,38,39,44,48,49,61,64,77,88,99
grid_eq,UPmaxentropy,813,2,9,12,13,23,25,32,34,47,52,62,65,68,72,75,84
grid_eq,UPmaxentropy,814,1,3,10,17,23,29,35,48,49,56,70,76,78,96,97,99
grid_eq,UPmaxentropy,815,1,14,23,32,36,38,43,60,70,76,77,78,80,84,86,90
grid_eq,UPmaxentropy,816,2,19,24,29,31,35,36,37,42,47,54,56,69,81,99,100
grid_eq,UPmaxentropy,817,3,10,12,21,25,42,60,63,64,67,80,81,85,86,87,91
grid_eq,UPmaxentropy,818,1,4,12,22,24,25,28,45,50,52,65,80,82,86,94,95
grid_eq,UPmaxentropy,819,9,12,17,19,21,24,35,36,38,40,52,54,56,72,85,98
grid_eq,UPmaxentropy,820,9,13,14,21,22,25,28,32,33,39,45,55,61,76,77,92
grid_eq,UPmaxentropy,821,12,15,18,21,26,31,33,38,39,40,43,60,80,87,91,97
grid_eq,UPmaxentropy,822,9,12,13,14,15,20,23,30,54,63,73,74,75,76,79,93
grid_eq,UPmaxentropy,823,18,29,32,40,41,45,55,57,59,61,70,71,78,79,85,100
grid_eq,UPmaxentropy,824,1,8,11,12,13,15,19,20,23,34,50,62,64,73,74,99
grid_eq,UPmaxentropy,825,10,12,24,28,29,36,39,40,48,64,68,75,81,84,85,100
grid_eq,UPmaxentropy,826,2,6,10,12,24,27,36,40,44,51,58,59,62,64,67,81
grid_eq,UPmaxentropy,827,14,22,32,33,40,53,55,64,75,83,85,87,91,92,93,99
grid_eq,UPmaxentropy,828,6,7,9,11,31,33,45,51,54,67,68,79,80,84,90,95
grid_eq,UPmaxentropy,829,3,8,14,17,25,29,61,62,70,72,84,85,86,89,92,95
grid_eq,UPmaxentropy,830,6,26,28,31,42,50,54,62,65,66,87,88,95,96,98,100
grid_eq,UPmaxentropy,831,14,17,19,21,23,29,30,40,46,47,51,54,55,62,90,95
grid_eq,UPmaxentropy,832,7,13,15,22,28,40,44,50,55,63,64,67,69,79,81,84
grid_eq,UPmaxentropy,833,5,7,14,17,25,28,32,38,48,58,63,72,80,84,86,95
grid_eq,UPmaxentropy,834,7,8,12,17,23,31,47,53,56,57,70,80,85,88,90,93
grid_eq,UPmaxentropy,835,3,7,12,13,14,32,37,44,46,49,52,76,77,90,91,97
grid_eq,UPmaxentropy,836,19,20,23,32,40,44,49,52,54,61,67,73,79,80,85,93
grid_eq,UPmaxentropy,837,15,18,29,32,34,39,50,57,59,62,65,68,69,76,88,93
grid_eq,UPmaxentropy,838,16,18,22,25,29,37,45,55,73,80,81,85,93,97,98,99
grid_eq,UPmaxentropy,839,11,12,15,23,34,51,57,66,67,70,75,78,85,88,96,100
grid_eq,UPmaxentropy,840,1,8,21,23,24,31,43,44,45,60,64,77,78,80,84,86
grid_eq,UPmaxentropy,841,1,5,13,17,18,50,58,68,69,71,82,83,85,86,93,98
grid_eq,UPmaxentropy,842,2,3,6,12,15,25,52,54,61,66,70,73,77,85,89,95
grid_eq,UPmaxentropy,843,7,11,15,22,24,31,37,40,42,48,60,65,73,79,96,99
grid_eq,UPmaxentropy,844,13,21,23,31,32,36,38,49,57,63,67,69,78,80,93,95
grid_eq,UPmaxentropy,845,1,4,13,20,21,28,31,40,46,50,51,55,75,85,96,99
grid_eq,UPmaxentropy,846,5,7,10,23,25,26,37,44,49,50,51,57,79,83,85,87
grid_eq,UPmaxentropy,847,7,9,21,29,32,36,38,43,67,71,73,74,75,82,88,95
grid_eq,UPmaxentropy,848,8,12,17,24,28,35,53,58,66,68,69,81,84,85,93,97
grid_eq,UPmaxentropy,849,8,11,17,18,23,25,26,38,46,54,56,62,78,80,89,93
grid_eq,UPmaxentropy,850,1,15,19,20,21,27,30,35,40,49,50,55,68,78,82,87
grid_eq,UPmaxentropy,851,4,5,14,20,32,34,39,45,49,59,66,71,73,81,93,95
grid_eq,UPmaxentropy,852,7,9,12,23,36,41,49,50,63,69,73,76,88,90,94,96
grid_eq,UPmaxentropy,853,4,10,15,17,24,31,32,61,63,67,74,82,85,86,88,98
grid_eq,UPmaxentropy,854,5,27,37,42,43,44,45,46,47,55,70,76,77,78,80,85
grid_eq,UPmaxentropy,855,2,3,9,15,17,32,42,46,52,56,63,64,80,91,93,98
grid_eq,UPmaxentropy,856,10,21,26,30,43,45,48,53,66,67,77,78,81,92,95,99
grid_eq,UPmaxentropy,857,3,10,16,21,25,34,37,41,48,49,64,75,91,93,99,100
grid_eq,UPmaxentropy,858,2,4,13,20,22,23,49,52,53,54,63,70,77,87,95,97
grid_eq,UPmaxentropy,859,3,9,13,15,26,27,32,36,41,51,52,58,59,83,86,96
grid_eq,UPmaxentropy,860,2,10,21,42,47,53,64,68,76,77,80,84,87,88,91,97
grid_eq,UPmaxentropy,861,9,13,16,22,37,42,58,59,63,66,68,70,71,77,85,100
grid_eq,UPmaxentropy,862,9,11,20,33,34,42,43,45,55,59,66,71,73,80,87,88
grid_eq,UPmaxentropy,863,9,15,16,18,19,23,25,27,28,43,46,54,61,62,90,96
grid_eq,UPmaxentropy,864,4,6,12,17,34,38,42,44,54,55,60,62,79,94,99,100
grid_eq,UPmaxentropy,865,10,20,21,28,30,37,41,47,49,51,54,64,83,91,94,98
grid_eq,UPmaxentropy,866,6,10,13,19,30,32,40,41,67,76,84,85,88,89,97,99
grid_eq,UPmaxentropy,867,5,17,23,24,27,38,51,56,60,61,65,69,86,89,92,98
grid_eq,UPmaxentropy,868,16,24,26,44,50,55,57,59,72,79,81,83,89,96,97,99
grid_eq,UPmaxentropy,869,1,2,13,21,29,33,38,41,42,43,45,49,68,79,80,89
grid_eq,UPmaxentropy,870,12,14,27,30,32,44,54,65,69,70,75,78,79,88,89,91
grid_eq,UPmaxentropy,871,1,13,15,16,19,27,35,40,43,44,49,66,82,83,87,94
grid_eq,UPmaxentropy,872,3,9,10,11,19,29,34,50,59,63,79,83,85,89,93,98
grid_eq,UPmaxentropy,873,1,8,12,15,20,22,24,25,30,34,44,46,51,52,60,95
grid_eq,UPmaxentropy,874,1,15,17,26,35,43,47,48,51,57,70,75,76,77,93,94
grid_eq,UPmaxentropy,875,2,3,6,8,11,13,25,29,34,45,58,61,64,71,92,99
grid_eq,UPmaxentropy,876,2,7,14,22,36,39,47,48,51,54,56,58,60,69,78,80
grid_eq,UPmaxentropy,877,13,16,26,31,32,36,43,47,50,52,60,63,72,74,84,96
grid_eq,UPmaxentropy,878,4,22,34,36,40,46,48,51,52,55,66,74,80,82,85,90
grid_eq,UPmaxentropy,879,7,11,16,18,23,27,28,36,37,55,73,74,81,84,97,98
grid_eq,UPmaxentropy,880,9,16,19,24,25,35,36,56,59,62,68,82,84,88,90,94
grid_eq,UPmaxentropy,881,3,4,23,30,32,33,35,36,38,39,49,51,57,64,89,94
grid_eq,UPmaxentropy,882,8,9,17,31,44,46,50,62,66,67,69,71,73,76,77,79
grid_eq,UPmaxentropy,883,6,12,18,19,29,32,40,41,46,57,65,67,68,73,79,85
grid_eq,UPmaxentropy,884,9,17,21,23,30,33,37,38,45,61,72,83,85,87,90,100
grid_eq,UPmaxentropy,885,1,4,7,10,19,34,43,58,61,66,75,77,85,92,96,98
grid_eq,UPmaxentropy,886,9,14,19,20,36,38,46,73,74,77,79,82,84,88,93,97
grid_eq,UPmaxentropy,887,1,7,11,20,23,32,38,50,51,57,62,82,84,85,89,90
grid_eq,UPmaxentropy,888,2,3,17,19,20,23,31,53,57,60,63,67,71,81,87,98
grid_eq,UPmaxentropy,889,20,25,48,50,52,60,66,69,72,73,75,80,85,88,92,97
grid_eq,UPmaxentropy,890,1,16,21,27,32,43,48,54,63,67,74,79,81,83,92,95
grid_eq,UPmaxentropy,891,1,4,6,12,15,21,29,46,76,78,84,86,89,97,99,100
grid_eq,UPmaxentropy,892,18,29,32,41,44,51,61,66,67,69,70,75,77,86,87,90
grid_eq,UPmaxentropy,893,9,39,40,43,44,46,55,57,58,60,69,80,82,90,96,99
grid_eq,UPmaxentropy,894,4,8,14,15,16,18,33,35,40,46,50,53,65,82,85,91
grid_eq,UPmaxentropy,895,9,10,14,16,18,19,23,25,30,46,47,57,62,63,66,91
grid_eq,UPmaxentropy,896,9,11,18,25,26,28,31,34,51,72,75,77,78,84,85,96
grid_eq,UPmaxentropy,897,5,14,17,20,21,23,30,31,36,42,46,50,52,67,93,95
grid_eq,UPmaxentropy,898,1,4,6,18,26,27,33,34,46,47,49,70,75,77,91,98
grid_eq,UPmaxentropy,899,3,4,9,11,16,18,28,35,43,47,60,62,71,75,80,89
grid_eq,UPmaxentropy,900,2,21,22,31,32,46,49,52,54,64,66,68,73,77,86,99
grid_eq,UPmaxentropy,901,1,9,14,20,32,37,39,45,50,52,56,58,66,75,82,96
grid_eq,UPmaxentropy,902,7,8,10,22,23,28,29,43,44,45,59,80,85,87,89,95
grid_eq,UPmaxentropy,903,4,18,22,29,32,34,35,39,45,48,49,61,77,86,91,95
grid_eq,UPmaxentropy,904,2,4,9,10,15,28,35,41,45,51,54,55,61,77,88,97
grid_eq,UPmaxentropy,905,11,13,14,32,40,50,52,58,62,64,66,80,88,93,95,99
grid_eq,UPmaxentropy,906,3,6,15,16,21,23,24,32,35,68,76,80,83,87,95,97
grid_eq,UPmaxentropy,907,5,12,19,21,25,29,43,44,55,62,65,70,81,89,93,97
grid_eq,UPmaxentropy,908,3,15,18,25,41,43,47,54,55,56,63,65,67,79,85,91
grid_eq,UPmaxentropy,909,19,21,25,31,32,39,40,49,55,58,60,68,80,86,87,91
grid_eq,UPmaxentropy,910,11,12,19,20,26,30,35,48,49,66,72,73,79,84,85,96
grid_eq,UPmaxentropy,911,7,11,17,18,34,53,59,64,68,70,73,77,81,88,93,94
grid_eq,UPmaxentropy,912,1,5,6,25,31,33,37,38,39,51,65,82,83,84,85,98
grid_eq,UPmaxentropy,913,9,11,22,25,26,29,31,33,36,38,55,56,67,81,83,90
grid_eq,UPmaxentropy,914,1,3,10,14,22,26,34,54,64,67,81,85,86,90,91,99
grid_eq,UPmaxentropy,915,16,28,29,30,33,42,53,59,65,68,72,80,90,91,92,100
grid_eq,UPmaxentropy,916,1,11,14,26,39,40,43,45,53,69,80,90,91,94,98,100
grid_eq,UPmaxentropy,917,7,9,15,35,43,50,61,69,71,72,73,78,84,88,90,96
grid_eq,UPmaxentropy,918,6,12,13,15,21,32,43,56,63,69,78,85,92,94,99,100
grid_eq,UPmaxentropy,919,5,14,23,26,28,33,39,46,54,60,63,64,73,76,78,96
grid_eq,UPmaxentropy,920,2,5,19,22,27,37,39,40,43,48,60,68,70,79,92,98
grid_eq,UPmaxentropy,921,7,9,26,30,43,47,52,61,64,66,70,83,88,91,95,98
grid_eq,UPmaxentropy,922,6,14,32,34,47,56,66,70,73,81,84,85,86,87,96,100
grid_eq,UPmaxentropy,923,1,2,9,11,40,44,45,48,51,52,61,68,71,76,81,82
grid_eq,UPmaxentropy,924,3,4,5,7,12,20,26,35,49,55,70,85,87,90,95,97
grid_eq,UPmaxentropy,925,4,5,7,15,31,39,42,43,44,52,55,71,78,82,91,95
grid_eq,UPmaxentropy,926,8,10,23,24,25,31,38,39,42,47,61,72,79,81,89,93
grid_eq,UPmaxentropy,927,17,18,20,28,31,40,51,57,60,66,67,74,80,88,95,96
grid_eq,UPmaxentropy,928,1,3,8,30,43,47,52,53,59,63,78,82,83,86,88,90
grid_eq,UPmaxentropy,929,1,11,12,15,17,20,24,26,34,48,52,56,62,64,83,88
grid_eq,UPmaxentropy,930,2,11,12,17,27,36,43,46,65,66,68,78,80,81,85,96
grid_eq,UPmaxentropy,931,4,7,21,22,28,32,36,49,65,67,69,70,73,87,89,99
grid_eq,UPmaxentropy,932,1,16,21,23,27,31,37,55,56,57,59,62,65,71,82,97
grid_eq,UPmaxentropy,933,17,21,22,27,29,44,51,53,54,58,62,71,72,74,77,91
grid_eq,UPmaxentropy,934,3,5,7,12,29,36,49,51,56,57,63,74,81,86,96,100
grid_eq,UPmaxentropy,935,4,6,8,17,19,23,24,33,54,59,63,64,76,82,84,96
grid_eq,UPmaxentropy,936,4,8,11,24,27,31,34,40,48,49,58,60,79,88,98,100
grid_eq,UPmaxentropy,937,4,11,16,20,24,25,29,40,54,58,61,72,79,89,93,97
grid_eq,UPmaxentropy,938,1,4,7,13,14,26,29,31,46,51,55,70,71,75,86,99
grid_eq,UPmaxentropy,939,7,9,20,23,27,33,50,65,67,68,71,75,76,81,95,97
grid_eq,UPmaxentropy,940,1,4,11,22,33,36,38,52,55,61,62,68,77,87,88,90
grid_eq,UPmaxentropy,941,2,7,9,14,26,37,40,47,52,57,63,64,74,77,85,93
grid_eq,UPmaxentropy,942,13,16,27,31,32,33,39,54,61,69,70,72,73,83,84,88
grid_eq,UPmaxentropy,943,4,12,34,41,47,49,52,55,64,68,71,74,80,81,85,89
grid_eq,UPmaxentropy,944,2,7,21,24,35,44,48,60,62,66,68,74,82,84,93,98
grid_eq,UPmaxentropy,945,5,9,15,21,34,39,41,44,68,70,75,79,81,93,98,100
grid_eq,UPmaxentropy,946,9,10,13,14,20,21,30,35,46,62,75,84,93,94,95,99
grid_eq,UPmaxentropy,947,6,19,30,32,33,35,36,41,44,45,55,80,81,85,88,91
grid_eq,UPmaxentropy,948,12,27,32,33,36,40,41,49,58,61,76,77,83,86,88,99
grid_eq,UPmaxentropy,949,6,7,15,18,23,29,33,37,44,46,59,61,74,81,86,100
grid_eq,UPmaxentropy,950,5,20,25,29,31,33,35,37,51,59,61,64,87,92,96,98
grid_eq,UPmaxentropy,951,9,14,22,24,33,46,50,51,55,66,76,77,82,83,84,100
grid_eq,UPmaxentropy,952,18,22,25,34,37,38,52,56,61,62,65,75,77,82,83,86
grid_eq,UPmaxentropy,953,6,8,19,26,27,32,47,51,54,57,69,79,82,84,86,100
grid_eq,UPmaxentropy,954,8,14,15,16,17,26,38,40,45,50,64,65,83,93,98,99
grid_eq,UPmaxentropy,955,2,18,23,24,28,33,37,40,47,49,62,67,76,80,84,93
grid_eq,UPmaxentropy,956,1,18,20,21,36,42,44,46,51,53,55,63,69,81,96,100
grid_eq,UPmaxentropy,957,5,8,14,16,20,23,35,36,48,58,60,65,80,87,88,94
grid_eq,UPmaxentropy,958,5,6,14,18,20,31,36,39,47,48,52,59,72,73,93,98
grid_eq,UPmaxentropy,959,2,6,9,10,19,20,24,30,34,36,55,67,70,85,88,96
grid_eq,UPmaxentropy,960,18,23,29,31,37,39,40,47,60,68,70,77,85,92,94,95
grid_eq,UPmaxentropy,961,8,9,10,11,21,23,45,64,75,82,83,85,89,92,99,100
grid_eq,UPmaxentropy,962,7,15,26,28,33,43,44,48,66,74,77,81,91,93,94,100
grid_eq,UPmaxentropy,963,3,5,21,30,32,41,44,51,58,72,78,85,87,91,95,100
grid_eq,UPmaxentropy,964,8,18,20,21,24,27,33,44,57,65,71,77,82,85,87,94
grid_eq,UPmaxentropy,965,1,8,23,24,27,62,71,77,80,81,82,83,95,96,97,98
grid_eq,UPmaxentropy,966,1,5,14,20,30,31,35,36,54,63,70,77,81,82,86,95
grid_eq,UPmaxentropy,967,8,10,11,22,24,34,43,55,56,57,58,67,79,80,82,98
grid_eq,UPmaxentropy,968,11,15,20,30,36,40,52,54,55,59,65,66,71,74,85,89
grid_eq,UPmaxentropy,969,4,14,22,28,32,38,54,59,72,77,79,80,85,90,98,99
grid_eq,UPmaxentropy,970,3,11,22,24,26,42,50,55,61,69,72,77,86,92,97,100
grid_eq,UPmaxentropy,971,2,3,6,11,17,38,43,47,54,60,73,84,85,91,94,99
grid_eq,UPmaxentropy,972,1,14,18,26,27,33,50,51,56,60,64,73,74,87,91,100
grid_eq,UPmaxentropy,973,2,3,11,12,13,14,21,25,43,48,50,67,69,73,95,99
grid_eq,UPmaxentropy,974,6,23,25,26,41,44,49,51,53,58,59,68,72,82,85,96
grid_eq,UPmaxentropy,975,12,27,28,36,39,40,46,52,56,60,61,62,65,74,76,89
grid_eq,UPmaxentropy,976,10,21,22,25,32,41,46,50,51,62,68,71,90,94,99,100
grid_eq,UPmaxentropy,977,10,17,20,37,43,44,49,51,61,69,84,85,88,89,93,95
grid_eq,UPmaxentropy,978,11,23,28,32,38,48,49,56,57,64,70,71,75,77,88,91
grid_eq,UPmaxentropy,979,3,8,19,32,34,36,41,59,72,74,75,86,92,93,95,99
grid_eq,UPmaxentropy,980,4,16,32,33,37,40,41,43,47,57,61,65,70,77,80,94
grid_eq,UPmaxentropy,981,4,6,9,19,20,22,31,43,52,54,58,67,80,86,97,98
grid_eq,UPmaxentropy,982,9,22,26,30,32,33,42,58,59,64,67,68,72,76,82,83
grid_eq,UPmaxentropy,983,10,18,20,22,28,35,38,45,48,51,56,64,68,75,93,99
grid_eq,UPmaxentropy,984,1,2,7,14,15,21,23,24,25,62,70,72,77,92,98,99
grid_eq,UPmaxentropy,985,1,12,19,22,38,43,52,57,58,61,85,86,87,91,92,99
grid_eq,UPmaxentropy,986,8,9,20,22,28,29,40,47,49,50,59,63,67,77,86,96
grid_eq,UPmaxentropy,987,2,3,4,9,12,24,33,38,42,63,69,79,84,85,91,99
grid_eq,UPmaxentropy,988,14,20,40,41,52,56,62,65,68,71,79,84,87,88,96,100
grid_eq,UPmaxentropy,989,4,10,14,19,21,22,23,27,38,48,58,61,80,87,91,100
grid_eq,UPmaxentropy,990,2,3,4,14,15,21,33,38,49,60,72,75,79,80,82,91
grid_eq,UPmaxentropy,991,6,8,13,17,20,22,36,46,47,56,76,78,80,81,99,100
grid_eq,UPmaxentropy,992,13,19,21,23,36,46,48,49,64,66,76,78,92,96,98,100
grid_eq,UPmaxentropy,993,1,4,10,16,25,26,31,33,39,60,62,63,66,72,81,94
grid_eq,UPmaxentropy,994,11,28,29,32,34,37,39,40,45,51,54,80,84,89,90,100
grid_eq,UPmaxentropy,995,1,4,7,25,28,30,35,37,50,56,63,68,70,76,84,86
grid_eq,UPmaxentropy,996,1,5,11,12,13,21,30,32,51,56,58,61,65,72,83,100
grid_eq,UPmaxentropy,997,2,5,7,8,23,26,33,34,42,58,62,70,78,84,85,95
grid_eq,UPmaxentropy,998,6,11,12,16,27,29,34,40,47,53,69,70,77,78,94,98
grid_eq,UPmaxentropy,999,1,7,29,31,32,34,37,41,49,54,65,73,81,85,87,98
grid_eq,UPmaxentropy,1000,14,16,17,20,21,32,36,39,42,44,49,67,82,90,94,97
grid_eq,UPmaxentropy,1001,13,14,15,18,19,23,27,29,30,39,54,60,68,75,91,96
grid_eq,UPmaxentropy,1002,4,11,16,17,19,40,47,56,57,62,75,77,80,81,84,87
grid_eq,UPmaxentropy,1003,9,19,20,28,30,31,37,40,42,60,61,65,84,91,92,95
grid_eq,UPmaxentropy,1004,11,21,26,39,40,43,45,52,55,57,77,82,87,88,96,98
grid_eq,UPmaxentropy,1005,15,35,45,46,47,48,59,60,70,71,73,76,79,80,85,94
grid_eq,UPmaxentropy,1006,14,16,18,25,28,39,59,61,62,63,70,76,77,90,92,93
grid_eq,UPmaxentropy,1007,6,7,11,17,29,30,33,39,45,49,50,57,86,87,90,95
grid_eq,UPmaxentropy,1008,2,6,9,15,22,23,39,45,52,54,59,64,67,72,76,85
grid_eq,UPmaxentropy,1009,6,8,14,39,40,44,52,55,59,65,68,76,83,87,88,90
grid_eq,UPmaxentropy,1010,2,8,14,21,26,28,30,40,41,42,49,59,60,67,87,97
grid_eq,UPmaxentropy,1011,4,5,8,12,13,21,23,24,33,37,41,43,61,84,91,92
grid_eq,UPmaxentropy,1012,20,29,39,41,48,55,65,70,71,79,80,82,87,93,94,97
grid_eq,UPmaxentropy,1013,7,8,12,13,16,22,33,38,46,55,57,64,80,83,86,98
grid_eq,UPmaxentropy,1014,8,11,16,20,32,42,48,64,65,67,70,78,79,82,83,92
grid_eq,UPmaxentropy,1015,8,9,10,21,36,40,45,56,58,62,76,81,89,90,91,97
grid_eq,UPmaxentropy,1016,4,10,12,15,17,24,27,35,41,49,61,64,66,82,88,93
grid_eq,UPmaxentropy,1017,11,15,17,21,25,30,46,47,60,61,68,75,77,82,88,92
grid_eq,UPmaxentropy,1018,6,16,23,31,35,47,57,58,62,67,69,73,81,83,88,90
grid_eq,UPmaxentropy,1019,8,12,19,26,28,29,31,47,52,53,55,65,66,77,87,96
grid_eq,UPmaxentropy,1020,2,11,15,21,22,34,35,36,38,46,50,65,69,70,78,100
grid_eq,UPmaxentropy,1021,4,5,21,41,60,61,64,69,77,78,79,81,84,88,93,95
grid_eq,UPmaxentropy,1022,7,12,23,26,27,29,56,69,78,83,84,89,94,95,97,100
grid_eq,UPmaxentropy,1023,2,5,7,16,23,29,30,34,49,53,58,59,60,66,70,90
grid_eq,UPmaxentropy,1024,10,18,26,31,35,48,53,62,73,75,76,84,86,87,90,95
grid_eq,UPmaxentropy,1025,7,8,9,15,19,37,41,46,59,68,78,79,81,86,87,88
grid_eq,UPmaxentropy,1026,12,17,28,40,46,50,59,63,72,75,80,85,88,93,95,96
grid_eq,UPmaxentropy,1027,6,15,17,18,19,25,33,37,38,53,61,65,82,83,98,100
grid_eq,UPmaxentropy,1028,4,6,19,21,23,30,35,40,48,49,54,66,73,79,91,97
grid_eq,UPmaxentropy,1029,5,6,12,14,16,27,38,43,46,58,63,79,86,87,89,92
grid_eq,UPmaxentropy,1030,4,16,28,32,36,40,41,44,48,59,62,63,75,77,86,96
grid_eq,UPmaxentropy,1031,12,17,24,26,37,40,42,47,51,56,67,74,78,84,90,100
grid_eq,UPmaxentropy,1032,15,19,26,36,37,40,51,57,65,71,77,78,80,81,85,98
grid_eq,UPmaxentropy,1033,6,7,18,23,27,37,42,60,74,78,80,82,84,86,90,99
grid_eq,UPmaxentropy,1034,7,13,24,28,30,32,46,52,66,68,70,74,81,85,93,95
grid_eq,UPmaxentropy,1035,10,13,16,27,31,32,38,39,51,57,58,60,65,68,72,79
grid_eq,UPmaxentropy,1036,1,11,16,18,20,21,27,35,39,44,72,76,90,92,96,98
grid_eq,UPmaxentropy,1037,5,7,18,22,35,39,47,56,57,73,82,87,88,92,93,98
grid_eq,UPmaxentropy,1038,9,32,33,37,38,46,48,49,55,58,62,66,68,69,94,97
grid_eq,UPmaxentropy,1039,1,27,33,35,41,47,52,56,62,65,69,70,75,85,96,99
grid_eq,UPmaxentropy,1040,10,11,26,27,28,42,48,50,53,56,62,68,71,82,86,94
grid_eq,UPmaxentropy,1041,7,13,15,19,21,28,29,32,34,50,65,66,74,75,92,96
grid_eq,UPmaxentropy,1042,1,7,11,12,30,31,50,58,63,66,69,70,76,88,98,100
grid_eq,UPmaxentropy,1043,1,18,22,27,28,37,40,43,44,47,53,61,71,79,80,88
grid_eq,UPmaxentropy,1044,13,22,25,26,32,35,39,53,57,60,61,62,78,83,92,100
grid_eq,UPmaxentropy,1045,1,3,9,14,20,21,27,43,48,51,69,71,75,78,82,97
grid_eq,UPmaxentropy,1046,13,20,21,23,25,39,48,61,64,66,68,69,72,77,87,89
grid_eq,UPmaxentropy,1047,1,2,12,23,25,36,44,49,55,56,61,62,68,70,74,99
grid_eq,UPmaxentropy,1048,2,13,25,27,28,33,43,54,57,59,67,69,71,74,82,86
grid_eq,UPmaxentropy,1049,3,22,23,36,38,45,55,61,63,67,68,72,80,82,88,90
grid_eq,UPmaxentropy,1050,1,14,15,30,41,43,48,51,60,73,78,79,81,82,84,90
grid_eq,UPmaxentropy,1051,7,8,14,18,19,25,40,47,72,81,82,87,88,92,96,99
grid_eq,UPmaxentropy,1052,3,6,10,11,15,26,27,29,36,44,53,61,64,96,98,100
grid_eq,UPmaxentropy,1053,5,7,23,24,25,29,43,50,60,63,68,79,83,85,93,95
grid_eq,UPmaxentropy,1054,4,14,35,37,42,43,44,48,50,54,60,61,68,76,78,99
grid_eq,UPmaxentropy,1055,9,12,23,27,34,36,37,38,40,41,51,55,57,68,88,99
grid_eq,UPmaxentropy,1056,6,15,18,37,40,42,44,48,50,58,68,86,92,94,96,98
grid_eq,UPmaxentropy,1057,6,18,23,24,33,34,38,59,65,70,73,77,89,90,91,100
grid_eq,UPmaxentropy,1058,9,32,41,54,63,64,67,69,77,84,89,90,93,95,96,99
grid_eq,UPmaxentropy,1059,19,25,26,28,32,39,40,47,51,52,62,63,74,80,94,99
grid_eq,UPmaxentropy,1060,3,12,14,20,31,32,40,47,52,53,58,84,85,88,89,95
grid_eq,UPmaxentropy,1061,3,7,20,35,67,68,73,74,75,78,80,81,91,94,97,100
grid_eq,UPmaxentropy,1062,8,9,11,16,17,22,29,30,36,38,39,40,68,72,82,95
grid_eq,UPmaxentropy,1063,1,7,11,27,29,30,33,35,43,53,57,72,73,87,90,97
grid_eq,UPmaxentropy,1064,10,14,15,20,22,27,35,42,43,55,65,67,73,80,85,97
grid_eq,UPmaxentropy,1065,15,27,35,38,39,42,55,56,58,77,85,88,90,98,99,100
grid_eq,UPmaxentropy,1066,2,7,11,14,17,28,31,53,65,70,74,76,85,87,94,96
grid_eq,UPmaxentropy,1067,7,10,12,15,22,27,41,44,54,57,61,66,76,86,92,95
grid_eq,UPmaxentropy,1068,9,12,14,22,30,31,32,42,53,72,74,80,81,85,87,92
grid_eq,UPmaxentropy,1069,1,3,14,19,21,25,32,36,39,40,41,46,55,60,81,88
grid_eq,UPmaxentropy,1070,1,2,9,17,21,24,43,44,51,52,60,71,82,85,88,95
grid_eq,UPmaxentropy,1071,1,15,23,24,32,38,39,47,50,51,60,64,68,77,78,90
grid_eq,UPmaxentropy,1072,4,5,11,20,27,36,39,42,56,60,73,79,87,96,98,99
grid_eq,UPmaxentropy,1073,10,15,22,37,48,50,54,59,69,75,76,87,88,89,91,97
grid_eq,UPmaxentropy,1074,1,14,15,19,20,29,31,35,37,38,39,50,64,68,75,80
grid_eq,UPmaxentropy,1075,3,5,25,26,39,40,46,48,69,73,77,80,83,84,85,97
grid_eq,UPmaxentropy,1076,1,4,8,16,20,32,39,43,51,59,79,83,86,87,93,100
grid_eq,UPmaxentropy,1077,3,5,13,15,29,30,35,42,43,54,59,68,71,92,93,96
grid_eq,UPmaxentropy,1078,4,5,9,15,20,22,26,40,42,50,74,79,83,86,90,96
grid_eq,UPmaxentropy,1079,3,6,8,15,21,30,38,44,45,59,65,70,85,88,98,99
grid_eq,UPmaxentropy,1080,6,8,10,15,22,27,38,40,56,62,68,70,77,78,85,91
grid_eq,UPmaxentropy,1081,11,15,37,39,46,47,51,54,67,72,75,77,86,87,93,100
grid_eq,UPmaxentropy,1082,10,11,15,17,31,41,44,47,49,53,64,67,69,76,77,87
grid_eq,UPmaxentropy,1083,12,23,29,36,41,42,52,60,64,70,73,74,82,86,93,97
grid_eq,UPmaxentropy,1084,7,8,20,21,22,23,25,30,59,66,68,70,77,86,89,94
grid_eq,UPmaxentropy,1085,6,8,14,23,29,31,33,37,40,42,44,56,62,67,74,93
grid_eq,UPmaxentropy,1086,13,17,29,30,45,47,49,64,66,68,70,74,76,84,86,88
grid_eq,UPmaxentropy,1087,10,17,27,29,42,43,58,65,66,68,71,73,76,78,88,100
grid_eq,UPmaxentropy,1088,3,4,11,13,14,22,23,33,44,47,48,49,52,56,81,90
grid_eq,UPmaxentropy,1089,10,15,20,24,29,37,50,51,52,54,57,61,69,73,77,81
grid_eq,UPmaxentropy,1090,4,6,12,13,17,32,39,50,66,67,75,82,86,92,93,94
grid_eq,UPmaxentropy,1091,2,6,12,16,24,25,35,37,39,40,50,56,72,79,83,98
grid_eq,UPmaxentropy,1092,5,14,25,27,29,31,33,58,60,75,84,87,92,96,97,99
grid_eq,UPmaxentropy,1093,15,22,23,24,26,39,46,49,61,62,69,70,71,80,93,100
grid_eq,UPmaxentropy,1094,4,6,14,15,16,31,43,53,60,69,72,80,83,85,94,95
grid_eq,UPmaxentropy,1095,17,20,22,25,33,38,42,52,72,74,76,81,88,93,96,99
grid_eq,UPmaxentropy,1096,7,12,17,24,30,38,43,56,59,63,71,75,80,88,89,90
grid_eq,UPmaxentropy,1097,3,5,6,8,9,28,29,56,66,67,68,71,77,87,92,95
grid_eq,UPmaxentropy,1098,6,9,11,17,21,24,43,46,51,52,60,72,84,87,90,94
grid_eq,UPmaxentropy,1099,5,27,28,40,59,64,70,76,81,86,87,89,90,91,95,99
grid_eq,UPmaxentropy,1100,2,3,15,16,22,30,37,43,62,66,69,70,74,80,89,90
grid_eq,UPmaxentropy,1101,1,3,8,15,19,21,23,29,34,35,52,58,61,65,92,97
grid_eq,UPmaxentropy,1102,17,23,32,37,42,43,50,57,59,66,67,69,73,83,85,97
grid_eq,UPmaxentropy,1103,2,6,8,22,34,39,44,50,55,66,67,84,85,93,95,96
grid_eq,UPmaxentropy,1104,9,10,17,31,33,34,36,42,48,74,75,81,88,90,92,98
grid_eq,UPmaxentropy,1105,4,12,15,16,23,52,58,59,63,68,71,76,83,84,97,100
grid_eq,UPmaxentropy,1106,11,16,21,31,39,41,49,70,71,73,77,78,80,83,90,93
grid_eq,UPmaxentropy,1107,7,9,30,34,42,54,60,62,67,70,75,84,90,91,92,100
grid_eq,UPmaxentropy,1108,5,12,15,16,19,29,41,53,59,60,65,71,82,85,87,96
grid_eq,UPmaxentropy,1109,2,7,24,29,46,47,53,58,63,66,76,84,85,91,99,100
grid_eq,UPmaxentropy,1110,2,9,12,26,32,34,36,38,41,50,60,64,69,73,79,91
grid_eq,UPmaxentropy,1111,4,10,19,33,37,41,44,53,59,75,82,84,88,91,92,98
grid_eq,UPmaxentropy,1112,8,9,17,32,35,38,40,45,60,63,68,79,88,89,90,93
grid_eq,UPmaxentropy,1113,2,11,14,17,24,28,32,37,52,67,68,69,76,77,93,100
grid_eq,UPmaxentropy,1114,3,10,22,29,42,47,54,55,59,70,73,76,78,80,86,87
grid_eq,UPmaxentropy,1115,14,23,24,39,41,46,48,54,56,64,70,71,72,87,91,93
grid_eq,UPmaxentropy,1116,1,11,21,24,31,37,38,48,52,55,66,72,78,85,93,99
grid_eq,UPmaxentropy,1117,8,14,21,23,27,30,44,47,54,58,59,60,72,91,93,98
grid_eq,UPmaxentropy,1118,4,17,18,25,29,51,53,57,61,66,70,71,76,80,83,90
grid_eq,UPmaxentropy,1119,8,12,15,17,18,19,20,24,27,32,36,53,54,87,90,91
grid_eq,UPmaxentropy,1120,3,9,20,34,42,46,54,57,59,68,73,87,90,92,94,96
grid_eq,UPmaxentropy,1121,12,18,24,25,28,33,40,43,47,59,61,79,80,82,83,95
grid_eq,UPmaxentropy,1122,2,24,37,38,40,47,49,52,54,61,64,69,70,75,92,94
grid_eq,UPmaxentropy,1123,2,13,14,18,21,33,37,46,52,59,61,68,84,85,93,100
grid_eq,UPmaxentropy,1124,1,3,8,9,12,14,20,43,58,66,73,85,86,87,96,99
grid_eq,UPmaxentropy,1125,9,11,12,14,18,34,41,45,53,54,60,73,78,79,82,92
grid_eq,UPmaxentropy,1126,10,14,16,25,26,39,40,41,54,57,59,70,83,90,99,100
grid_eq,UPmaxentropy,1127,11,14,16,24,25,27,30,33,39,68,69,78,79,80,83,100
grid_eq,UPmaxentropy,1128,4,11,16,20,22,24,35,37,40,48,51,59,61,78,93,98
grid_eq,UPmaxentropy,1129,1,16,20,34,35,54,69,73,76,89,91,92,94,97,98,100
grid_eq,UPmaxentropy,1130,10,18,30,35,38,40,52,64,67,68,77,83,84,87,88,91
grid_eq,UPmaxentropy,1131,7,18,27,29,36,37,44,46,62,67,86,87,88,90,96,97
grid_eq,UPmaxentropy,1132,3,7,17,19,21,27,33,37,49,59,71,74,75,79,80,90
grid_eq,UPmaxentropy,1133,7,10,15,19,28,34,42,46,51,52,62,69,80,91,92,97
grid_eq,UPmaxentropy,1134,2,8,9,12,23,37,46,51,52,69,80,82,83,84,93,98
grid_eq,UPmaxentropy,1135,4,5,8,21,22,31,46,49,52,63,64,68,74,77,90,100
grid_eq,UPmaxentropy,1136,3,5,6,7,12,23,24,27,29,48,51,57,67,83,88,99
grid_eq,UPmaxentropy,1137,8,9,16,18,25,27,31,40,43,45,69,72,80,87,88,95
grid_eq,UPmaxentropy,1138,5,15,17,35,37,45,46,52,53,54,64,70,86,89,98,99
grid_eq,UPmaxentropy,1139,1,10,15,24,25,31,34,41,42,55,56,57,60,63,72,96
grid_eq,UPmaxentropy,1140,1,7,11,19,28,31,37,42,44,49,55,71,76,84,86,95
grid_eq,UPmaxentropy,1141,6,9,14,24,26,29,35,43,51,61,72,73,75,87,94,95
grid_eq,UPmaxentropy,1142,1,18,27,30,33,42,46,47,56,60,64,69,74,79,90,97
grid_eq,UPmaxentropy,1143,1,3,4,5,10,29,30,37,46,50,58,59,61,82,83,84
grid_eq,UPmaxentropy,1144,2,5,11,14,17,19,27,31,34,38,44,64,80,81,87,97
grid_eq,UPmaxentropy,1145,12,14,19,21,23,36,42,52,57,69,70,73,75,83,94,100
grid_eq,UPmaxentropy,1146,2,8,18,19,23,30,35,44,47,49,60,69,82,87,94,100
grid_eq,UPmaxentropy,1147,8,16,19,22,24,25,31,39,48,55,82,86,92,94,96,99
grid_eq,UPmaxentropy,1148,9,11,30,32,46,49,51,56,59,63,68,69,79,82,92,93
grid_eq,UPmaxentropy,1149,17,20,30,40,41,43,50,54,60,62,67,69,80,92,94,98
grid_eq,UPmaxentropy,1150,9,11,25,26,30,39,45,47,51,54,58,75,76,77,81,88
grid_eq,UPmaxentropy,1151,7,8,14,24,27,30,35,36,38,61,65,72,83,85,87,97
grid_eq,UPmaxentropy,1152,10,16,30,36,39,40,44,47,49,50,53,66,67,69,81,88
grid_eq,UPmaxentropy,1153,5,19,25,39,42,56,68,69,70,74,77,89,90,95,98,100
grid_eq,UPmaxentropy,1154,2,3,12,19,22,37,50,63,72,86,87,88,90,92,95,99
grid_eq,UPmaxentropy,1155,2,6,19,24,29,31,36,49,52,53,65,70,72,79,88,90
grid_eq,UPmaxentropy,1156,9,11,21,31,36,41,47,48,60,66,76,81,82,89,97,100
grid_eq,UPmaxentropy,1157,16,23,30,33,38,43,44,46,54,56,67,79,87,89,92,97
grid_eq,UPmaxentropy,1158,2,9,13,15,32,33,39,53,54,66,67,75,76,94,95,97
grid_eq,UPmaxentropy,1159,10,16,19,23,39,43,44,50,53,56,60,80,81,88,95,96
grid_eq,UPmaxentropy,1160,8,13,16,25,26,35,38,46,55,56,57,63,66,67,95,100
grid_eq,UPmaxentropy,1161,14,20,22,24,27,32,35,45,57,61,64,68,71,73,77,94
grid_eq,UPmaxentropy,1162,11,15,27,35,47,58,65,69,70,71,76,77,90,94,96,98
grid_eq,UPmaxentropy,1163,12,16,20,22,25,36,41,45,55,60,67,76,78,85,93,100
grid_eq,UPmaxentropy,1164,14,23,24,40,47,52,57,58,59,65,68,74,75,78,90,91
grid_eq,UPmaxentropy,1165,6,8,10,15,21,41,43,53,57,58,68,80,85,90,94,100
grid_eq,UPmaxentropy,1166,4,5,36,38,39,44,47,54,61,65,67,71,75,79,93,94
grid_eq,UPmaxentropy,1167,5,6,12,13,26,27,30,52,53,59,70,78,80,81,87,100
grid_eq,UPmaxentropy,1168,1,2,16,34,39,41,44,47,57,60,63,65,68,69,85,96
grid_eq,UPmaxentropy,1169,4,6,13,18,22,23,28,38,40,43,61,73,78,83,85,87
grid_eq,UPmaxentropy,1170,26,29,57,59,65,71,73,76,81,83,89,92,95,97,98,99
grid_eq,UPmaxentropy,1171,1,13,16,34,35,38,43,49,52,58,60,64,76,88,98,100
grid_eq,UPmaxentropy,1172,12,14,16,27,34,37,43,53,61,63,64,65,80,83,95,100
grid_eq,UPmaxentropy,1173,8,10,14,18,29,33,39,40,46,48,49,61,62,83,84,93
grid_eq,UPmaxentropy,1174,5,6,10,20,28,32,42,57,59,60,62,63,64,66,69,90
grid_eq,UPmaxentropy,1175,4,6,16,18,28,31,35,40,44,71,73,74,76,90,96,98
grid_eq,UPmaxentropy,1176,9,28,36,45,47,54,58,63,68,71,75,76,77,84,97,100
grid_eq,UPmaxentropy,1177,1,2,21,28,32,34,61,67,77,78,82,83,87,90,94,99
grid_eq,UPmaxentropy,1178,5,26,32,33,38,42,45,48,53,68,69,71,72,87,92,96
grid_eq,UPmaxentropy,1179,3,7,8,11,22,31,32,54,55,67,68,69,72,75,90,96
grid_eq,UPmaxentropy,1180,5,16,17,21,28,29,32,41,48,50,56,64,68,69,79,98
grid_eq,UPmaxentropy,1181,5,15,28,30,53,60,64,65,66,67,79,84,85,90,92,93
grid_eq,UPmaxentropy,1182,2,3,11,17,20,33,48,51,60,61,73,79,86,90,94,98
grid_eq,UPmaxentropy,1183,1,2,3,7,8,24,26,29,48,53,62,64,66,75,77,79
grid_eq,UPmaxentropy,1184,9,21,32,44,46,53,55,60,67,69,76,78,79,82,95,98
grid_eq,UPmaxentropy,1185,4,5,7,8,24,26,28,33,37,50,65,69,71,76,95,99
grid_eq,UPmaxentropy,1186,1,3,5,7,9,11,44,56,65,76,78,82,86,91,92,100
grid_eq,UPmaxentropy,1187,13,17,18,19,45,47,50,54,58,60,67,78,83,91,99,100
grid_eq,UPmaxentropy,1188,13,18,27,28,33,35,39,47,54,55,56,58,73,76,77,94
grid_eq,UPmaxentropy,1189,2,9,10,32,41,42,43,53,58,61,73,76,85,89,95,100
grid_eq,UPmaxentropy,1190,1,7,18,26,30,35,40,55,68,71,77,80,85,88,99,100
grid_eq,UPmaxentropy,1191,2,7,12,18,34,35,37,39,56,57,63,68,74,76,83,96
grid_eq,UPmaxentropy,1192,1,19,22,25,44,47,48,56,58,60,61,64,74,88,89,90
grid_eq,UPmaxentropy,1193,5,12,30,31,32,47,52,55,56,70,72,73,88,94,98,99
grid_eq,UPmaxentropy,1194,3,8,9,11,20,22,30,45,47,51,59,62,68,77,89,97
grid_eq,UPmaxentropy,1195,3,11,17,18,19,20,30,33,35,44,47,62,67,74,93,96
grid_eq,UPmaxentropy,1196,9,10,11,13,20,21,22,23,26,34,38,73,77,82,85,92
grid_eq,UPmaxentropy,1197,1,2,8,14,30,37,39,41,46,50,61,74,86,90,92,94
grid_eq,UPmaxentropy,1198,3,12,13,19,20,22,24,30,35,47,68,76,80,82,90,93
grid_eq,UPmaxentropy,1199,4,14,36,37,38,51,58,61,64,65,67,71,73,85,89,98
grid_eq,UPmaxentropy,1200,16,17,19,22,32,45,51,53,65,72,73,80,84,86,88,90
grid_eq,UPmaxentropy,1201,1,2,4,5,13,14,15,17,26,39,45,47,54,75,80,97
grid_eq,UPmaxentropy,1202,15,19,21,22,29,43,45,47,51,55,64,72,84,85,93,100
grid_eq,UPmaxentropy,1203,1,11,13,21,27,41,43,44,46,52,68,70,77,88,97,98
grid_eq,UPmaxentropy,1204,5,7,9,18,19,25,30,39,47,56,67,71,73,81,84,96
grid_eq,UPmaxentropy,1205,2,8,19,27,31,34,35,37,40,41,43,59,62,78,98,99
grid_eq,UPmaxentropy,1206,9,13,16,40,44,46,50,53,55,59,62,73,77,82,84,97
grid_eq,UPmaxentropy,1207,17,22,23,29,33,34,36,43,57,68,78,79,87,97,98,99
grid_eq,UPmaxentropy,1208,1,8,11,14,15,22,24,26,27,48,54,56,57,62,91,95
grid_eq,UPmaxentropy,1209,4,19,20,26,28,39,48,49,58,64,69,75,78,81,88,90
grid_eq,UPmaxentropy,1210,16,32,41,44,54,57,64,65,67,68,82,85,88,89,97,99
grid_eq,UPmaxentropy,1211,3,13,23,24,26,36,37,50,54,60,71,86,88,89,94,100
grid_eq,UPmaxentropy,1212,2,9,16,21,34,59,64,72,75,76,77,79,80,87,92,99
grid_eq,UPmaxentropy,1213,3,4,9,13,15,29,34,36,38,47,48,72,75,77,80,86
grid_eq,UPmaxentropy,1214,8,23,28,31,37,44,45,58,61,64,67,80,81,84,98,99
grid_eq,UPmaxentropy,1215,5,6,10,18,23,24,38,42,49,53,54,56,58,66,96,99
grid_eq,UPmaxentropy,1216,1,3,40,44,56,57,60,61,62,65,72,79,81,83,88,91
grid_eq,UPmaxentropy,1217,3,7,16,20,35,37,45,47,48,54,61,62,74,76,84,97
grid_eq,UPmaxentropy,1218,7,23,27,28,32,40,42,46,53,54,59,63,74,78,94,97
grid_eq,UPmaxentropy,1219,8,10,22,30,37,43,53,60,66,67,69,74,87,89,93,98
grid_eq,UPmaxentropy,1220,8,19,21,25,29,33,41,43,46,62,66,80,89,91,93,95
grid_eq,UPmaxentropy,1221,5,17,19,20,25,30,32,33,41,50,57,70,85,91,95,100
grid_eq,UPmaxentropy,1222,7,15,20,23,30,31,33,34,37,40,45,59,60,70,72,92
grid_eq,UPmaxentropy,1223,3,4,13,15,18,19,20,25,27,42,45,50,67,69,73,84
grid_eq,UPmaxentropy,1224,7,22,29,30,32,33,41,54,55,65,72,73,76,78,83,97
grid_eq,UPmaxentropy,1225,2,7,12,13,16,26,44,47,50,51,67,75,82,93,95,98
grid_eq,UPmaxentropy,1226,2,3,16,17,23,26,40,43,49,53,63,77,93,94,95,97
grid_eq,UPmaxentropy,1227,1,8,12,20,25,34,39,54,67,72,73,79,94,98,99,100
grid_eq,UPmaxentropy,1228,2,5,12,14,15,25,36,38,53,54,55,64,69,86,97,99
grid_eq,UPmaxentropy,1229,11,19,21,23,25,26,37,40,49,58,74,76,86,87,88,93
grid_eq,UPmaxentropy,1230,3,15,18,26,28,29,33,36,46,55,58,59,62,73,89,91
grid_eq,UPmaxentropy,1231,8,11,15,18,20,27,34,38,56,58,63,80,81,86,88,92
grid_eq,UPmaxentropy,1232,1,2,9,18,21,22,23,46,47,52,67,69,73,76,82,95
grid_eq,UPmaxentropy,1233,2,4,13,25,26,48,49,52,61,63,68,70,77,81,93,94
grid_eq,UPmaxentropy,1234,6,9,12,25,30,36,38,42,45,50,60,75,79,86,94,98
grid_eq,UPmaxentropy,1235,7,8,21,25,27,33,37,42,43,55,58,70,72,78,82,95
grid_eq,UPmaxentropy,1236,13,15,35,39,44,47,51,62,67,75,89,93,95,96,98,99
grid_eq,UPmaxentropy,1237,17,18,28,36,43,44,48,53,70,72,80,82,87,89,97,99
grid_eq,UPmaxentropy,1238,2,4,8,15,26,27,32,48,63,75,79,84,89,94,97,99
grid_eq,UPmaxentropy,1239,1,3,4,7,20,22,25,28,43,57,59,64,73,83,88,98
grid_eq,UPmaxentropy,1240,7,12,24,33,38,44,45,48,62,64,71,77,79,80,81,96
grid_eq,UPmaxentropy,1241,7,15,17,20,27,32,33,35,46,59,80,81,82,90,92,100
grid_eq,UPmaxentropy,1242,3,11,12,21,29,32,33,35,46,55,62,81,91,98,99,100
grid_eq,UPmaxentropy,1243,1,5,15,23,24,36,43,47,55,68,69,71,81,85,86,97
grid_eq,UPmaxentropy,1244,7,12,22,25,26,33,35,39,41,45,61,63,64,77,81,86
grid_eq,UPmaxentropy,1245,16,18,24,30,37,46,48,76,78,80,88,89,95,98,99,100
grid_eq,UPmaxentropy,1246,8,16,17,18,23,32,34,35,41,46,48,49,52,64,92,97
grid_eq,UPmaxentropy,1247,2,8,9,13,25,31,35,42,52,53,58,60,61,65,74,82
grid_eq,UPmaxentropy,1248,12,13,15,26,36,49,55,59,65,76,78,79,83,93,96,98
grid_eq,UPmaxentropy,1249,1,2,23,31,33,39,40,55,60,61,62,64,67,74,80,86
grid_eq,UPmaxentropy,1250,2,3,6,13,17,20,22,23,25,27,28,45,50,52,70,96
grid_eq,UPmaxentropy,1251,6,10,12,18,24,28,47,51,54,60,61,76,82,83,86,100
grid_eq,UPmaxentropy,1252,2,4,24,30,31,33,36,46,55,61,66,70,87,95,98,99
grid_eq,UPmaxentropy,1253,6,10,20,28,39,43,44,50,52,53,62,65,82,84,85,89
grid_eq,UPmaxentropy,1254,6,8,15,20,23,27,35,42,52,53,57,61,74,76,79,90
grid_eq,UPmaxentropy,1255,4,8,19,31,33,41,43,47,51,53,79,85,86,89,95,98
grid_eq,UPmaxentropy,1256,3,11,25,40,41,42,50,55,60,65,67,71,74,76,77,98
grid_eq,UPmaxentropy,1257,4,9,12,14,19,24,38,43,49,50,54,61,67,75,82,88
grid_eq,UPmaxentropy,1258,12,22,23,26,27,34,35,36,41,55,56,57,62,68,81,93
grid_eq,UPmaxentropy,1259,1,15,20,44,50,62,68,77,78,79,82,85,87,95,97,100
grid_eq,UPmaxentropy,1260,13,16,18,28,30,38,46,55,61,62,63,64,67,84,86,93
grid_eq,UPmaxentropy,1261,9,11,15,23,24,31,37,43,55,57,71,72,76,87,88,97
grid_eq,UPmaxentropy,1262,2,11,26,40,57,58,66,67,70,71,78,80,81,84,86,97
grid_eq,UPmaxentropy,1263,3,13,22,32,36,41,42,46,55,59,62,73,74,80,91,96
grid_eq,UPmaxentropy,1264,1,2,5,11,14,15,33,45,49,56,60,66,85,87,90,95
grid_eq,UPmaxentropy,1265,20,22,27,38,46,48,50,52,60,61,74,89,90,96,98,99
grid_eq,UPmaxentropy,1266,3,7,9,10,17,21,28,29,31,50,51,54,55,81,90,91
grid_eq,UPmaxentropy,1267,11,13,16,20,21,24,25,30,31,48,56,58,71,74,94,95
grid_eq,UPmaxentropy,1268,1,10,20,24,40,45,46,62,63,68,73,78,92,95,98,100
grid_eq,UPmaxentropy,1269,1,5,7,10,17,23,35,37,39,54,60,68,69,74,79,85
grid_eq,UPmaxentropy,1270,6,7,9,11,13,15,27,29,30,32,38,39,42,63,85,96
grid_eq,UPmaxentropy,1271,7,13,29,34,35,37,42,60,62,68,71,72,74,77,96,97
grid_eq,UPmaxentropy,1272,1,2,12,23,28,29,31,41,44,55,57,70,71,80,83,89
grid_eq,UPmaxentropy,1273,5,9,12,14,15,17,28,30,33,42,46,48,51,81,87,96
grid_eq,UPmaxentropy,1274,11,19,20,25,27,29,53,55,60,63,66,76,77,80,91,100
grid_eq,UPmaxentropy,1275,10,12,13,24,29,44,48,50,59,63,68,78,88,95,98,99
grid_eq,UPmaxentropy,1276,1,9,10,17,20,27,37,45,54,62,64,70,73,75,86,95
grid_eq,UPmaxentropy,1277,7,14,23,29,35,38,45,50,56,59,60,69,71,73,77,98
grid_eq,UPmaxentropy,1278,2,12,14,15,38,41,42,45,46,56,70,76,85,91,94,100
grid_eq,UPmaxentropy,1279,4,5,10,12,26,30,44,55,58,62,66,73,82,83,94,97
grid_eq,UPmaxentropy,1280,5,10,18,20,25,40,43,48,60,63,73,74,76,77,94,100
grid_eq,UPmaxentropy,1281,14,15,17,19,24,34,44,49,69,78,82,88,89,91,94,100
grid_eq,UPmaxentropy,1282,5,8,10,31,40,43,48,49,61,65,69,71,80,92,99,100
grid_eq,UPmaxentropy,1283,3,5,6,7,14,15,21,23,27,28,43,69,71,85,92,100
grid_eq,UPmaxentropy,1284,6,9,16,23,30,43,51,54,59,71,79,83,86,89,97,100
grid_eq,UPmaxentropy,1285,5,14,16,25,31,32,45,46,60,64,65,71,73,75,89,92
grid_eq,UPmaxentropy,1286,1,3,4,5,10,28,29,37,51,56,80,82,83,93,96,99
grid_eq,UPmaxentropy,1287,5,21,28,29,31,37,49,50,54,62,66,72,86,88,91,96
grid_eq,UPmaxentropy,1288,3,7,8,14,15,16,19,25,30,32,54,56,60,77,90,97
grid_eq,UPmaxentropy,1289,2,10,15,19,24,35,46,53,54,67,81,89,91,93,94,100
grid_eq,UPmaxentropy,1290,2,13,21,23,27,31,36,37,46,51,58,60,76,78,86,98
grid_eq,UPmaxentropy,1291,3,5,8,12,15,38,50,63,67,69,71,72,77,82,88,96
grid_eq,UPmaxentropy,1292,3,14,18,24,42,44,46,59,61,75,76,82,86,88,89,96
grid_eq,UPmaxentropy,1293,6,8,32,33,34,38,45,53,57,58,62,72,73,81,83,99
grid_eq,UPmaxentropy,1294,3,8,16,21,25,45,48,58,61,62,67,70,72,77,98,99
grid_eq,UPmaxentropy,1295,3,8,16,28,29,31,44,45,46,47,49,63,78,86,92,100
grid_eq,UPmaxentropy,1296,2,6,12,35,37,41,46,48,49,56,58,65,81,87,91,99
grid_eq,UPmaxentropy,1297,6,13,14,17,22,25,33,38,39,42,49,63,66,69,74,77
grid_eq,UPmaxentropy,1298,1,12,14,15,24,29,51,53,62,67,71,76,85,87,88,91
grid_eq,UPmaxentropy,1299,2,6,8,16,26,35,36,37,42,43,44,54,84,87,92,98
grid_eq,UPmaxentropy,1300,12,15,21,23,28,44,48,58,69,72,75,79,80,89,91,96
grid_eq,UPmaxentropy,1301,1,7,11,29,34,39,44,46,58,60,64,65,78,82,88,91
grid_eq,UPmaxentropy,1302,3,4,6,19,22,24,34,42,51,52,65,70,73,77,87,94
grid_eq,UPmaxentropy,1303,9,10,13,20,54,60,62,63,68,70,76,83,85,86,93,98
grid_eq,UPmaxentropy,1304,11,17,19,20,21,24,28,38,49,51,52,56,65,77,90,96
grid_eq,UPmaxentropy,1305,1,6,13,16,18,31,41,44,52,55,71,75,79,80,86,89
grid_eq,UPmaxentropy,1306,1,7,13,20,22,25,27,30,34,49,56,61,66,68,70,86
grid_eq,UPmaxentropy,1307,4,15,18,22,25,37,39,51,53,55,62,78,82,91,97,99
grid_eq,UPmaxentropy,1308,1,11,23,36,43,47,48,56,65,69,71,76,79,80,97,100
grid_eq,UPmaxentropy,1309,9,15,20,28,30,40,46,60,70,71,73,75,78,84,93,97
grid_eq,UPmaxentropy,1310,2,10,11,12,16,19,20,21,22,33,34,58,59,74,86,95
grid_eq,UPmaxentropy,1311,3,5,12,16,36,40,55,60,62,63,66,72,73,74,82,85
grid_eq,UPmaxentropy,1312,3,6,10,14,17,36,37,42,43,47,56,68,72,89,99,100
grid_eq,UPmaxentropy,1313,6,11,17,23,26,32,34,40,52,57,64,67,77,86,88,90
grid_eq,UPmaxentropy,1314,7,16,19,22,32,35,46,50,55,56,65,78,81,86,94,97
grid_eq,UPmaxentropy,1315,8,9,11,27,29,32,50,58,63,65,80,81,82,88,93,94
grid_eq,UPmaxentropy,1316,2,4,15,16,30,32,33,39,40,45,50,63,71,74,82,93
grid_eq,UPmaxentropy,1317,10,16,26,30,40,41,42,56,64,67,71,87,91,92,94,96
grid_eq,UPmaxentropy,1318,1,6,8,17,21,24,27,48,60,65,71,75,76,78,81,92
grid_eq,UPmaxentropy,1319,7,18,31,38,40,43,51,52,57,63,64,76,80,81,82,96
grid_eq,UPmaxentropy,1320,1,6,13,18,20,26,30,46,50,57,70,71,89,92,95,99
grid_eq,UPmaxentropy,1321,5,16,23,38,39,43,49,52,63,69,72,90,93,95,98,100
grid_eq,UPmaxentropy,1322,6,7,22,25,29,50,52,53,58,61,63,71,82,90,91,94
grid_eq,UPmaxentropy,1323,4,10,15,17,24,39,48,71,76,79,85,87,90,94,96,98
grid_eq,UPmaxentropy,1324,2,6,8,33,39,49,51,53,61,63,64,65,71,82,90,93
grid_eq,UPmaxentropy,1325,1,4,7,8,24,31,42,45,60,61,69,71,78,83,92,96
grid_eq,UPmaxentropy,1326,6,9,11,13,14,21,24,27,42,64,72,82,84,85,90,100
grid_eq,UPmaxentropy,1327,4,7,8,22,36,43,46,52,53,72,80,81,86,87,94,96
grid_eq,UPmaxentropy,1328,2,18,21,29,30,39,46,47,48,53,55,57,73,81,94,100
grid_eq,UPmaxentropy,1329,4,8,17,34,51,53,55,59,60,61,63,67,70,90,94,100
grid_eq,UPmaxentropy,1330,7,11,14,42,43,45,51,57,58,80,86,90,93,94,96,98
grid_eq,UPmaxentropy,1331,1,4,6,7,29,31,46,51,56,63,66,77,80,85,97,98
grid_eq,UPmaxentropy,1332,3,7,16,22,24,30,36,47,49,53,56,67,74,83,92,99
grid_eq,UPmaxentropy,1333,2,20,35,37,40,52,62,68,74,79,90,92,93,94,95,96
grid_eq,UPmaxentropy,1334,18,25,28,29,40,43,46,56,74,76,79,80,82,85,91,94
grid_eq,UPmaxentropy,1335,1,15,22,25,27,28,35,37,48,57,68,73,76,78,84,90
grid_eq,UPmaxentropy,1336,8,16,29,37,41,43,61,69,72,76,78,79,80,90,93,99
grid_eq,UPmaxentropy,1337,1,2,4,12,37,39,47,49,54,62,65,78,79,83,90,91
grid_eq,UPmaxentropy,1338,4,7,16,24,32,35,39,55,59,73,75,77,78,79,82,97
grid_eq,UPmaxentropy,1339,9,10,12,14,36,39,44,51,59,63,69,73,75,77,89,90
grid_eq,UPmaxentropy,1340,2,3,20,23,27,30,41,45,54,63,65,70,73,83,99,100
grid_eq,UPmaxentropy,1341,6,10,11,13,23,30,35,44,46,47,48,50,74,88,91,99
grid_eq,UPmaxentropy,1342,10,15,16,18,23,40,47,51,53,54,64,77,83,85,92,100
grid_eq,UPmaxentropy,1343,4,8,18,29,34,35,39,40,57,61,63,74,84,91,95,99
grid_eq,UPmaxentropy,1344,2,5,19,21,30,38,42,46,53,69,74,78,79,84,85,95
grid_eq,UPmaxentropy,1345,7,8,21,29,30,31,32,35,38,41,48,63,73,80,86,98
grid_eq,UPmaxentropy,1346,7,17,20,23,26,41,52,55,57,58,59,64,70,91,96,98
grid_eq,UPmaxentropy,1347,1,8,28,36,37,38,40,47,53,60,67,75,79,86,89,98
grid_eq,UPmaxentropy,1348,1,10,17,26,28,45,47,51,69,72,83,84,92,93,95,100
grid_eq,UPmaxentropy,1349,2,4,5,9,24,28,32,52,56,71,78,79,81,82,91,98
grid_eq,UPmaxentropy,1350,12,13,46,47,49,63,66,67,69,74,88,93,94,95,98,99
grid_eq,UPmaxentropy,1351,12,18,22,24,30,32,36,40,46,54,57,70,79,80,89,99
grid_eq,UPmaxentropy,1352,3,9,12,15,22,31,33,42,50,63,68,69,82,91,94,97
grid_eq,UPmaxentropy,1353,7,10,12,14,28,30,34,35,46,50,68,69,71,74,90,99
grid_eq,UPmaxentropy,1354,4,16,20,28,33,34,38,39,46,51,60,82,84,90,91,100
grid_eq,UPmaxentropy,1355,1,5,6,29,31,44,47,50,53,54,56,59,75,79,85,94
grid_eq,UPmaxentropy,1356,1,2,16,32,36,49,62,64,67,68,77,78,84,89,95,99
grid_eq,UPmaxentropy,1357,6,11,15,16,23,24,28,32,33,43,45,59,62,65,67,80
grid_eq,UPmaxentropy,1358,4,19,24,25,32,46,51,53,57,70,72,82,86,93,98,100
grid_eq,UPmaxentropy,1359,1,24,25,26,36,39,42,45,50,53,64,70,79,84,92,95
grid_eq,UPmaxentropy,1360,3,32,35,51,52,57,59,65,67,68,69,72,78,82,99,100
grid_eq,UPmaxentropy,1361,3,13,26,30,32,47,48,49,54,57,59,65,69,74,77,83
grid_eq,UPmaxentropy,1362,18,27,33,37,42,54,56,76,78,79,85,86,87,93,94,97
grid_eq,UPmaxentropy,1363,1,6,10,15,22,25,33,49,63,75,82,84,87,88,92,100
grid_eq,UPmaxentropy,1364,6,12,27,33,40,49,52,60,66,71,74,77,79,92,93,100
grid_eq,UPmaxentropy,1365,7,10,13,23,24,26,32,48,60,62,63,67,75,91,93,94
grid_eq,UPmaxentropy,1366,1,5,9,12,30,32,37,43,47,53,54,62,80,83,94,100
grid_eq,UPmaxentropy,1367,1,2,5,8,9,10,12,20,34,39,45,67,68,80,86,99
grid_eq,UPmaxentropy,1368,1,5,8,10,16,23,36,50,58,60,68,70,72,90,93,96
grid_eq,UPmaxentropy,1369,1,10,30,40,43,49,51,54,61,65,68,76,78,83,95,97
grid_eq,UPmaxentropy,1370,2,3,7,10,20,27,32,47,49,58,59,61,65,81,92,99
grid_eq,UPmaxentropy,1371,9,13,17,21,23,31,39,41,42,46,52,55,70,75,83,96
grid_eq,UPmaxentropy,1372,17,18,19,26,28,29,30,38,45,51,56,61,66,85,89,98
grid_eq,UPmaxentropy,1373,2,9,32,38,40,42,43,49,60,62,65,66,69,71,74,87
grid_eq,UPmaxentropy,1374,1,6,18,23,31,36,52,55,62,71,86,89,93,94,96,98
grid_eq,UPmaxentropy,1375,11,15,20,22,25,31,33,50,60,71,77,85,91,95,97,99
grid_eq,UPmaxentropy,1376,5,9,10,14,18,21,24,32,38,46,50,63,67,71,77,84
grid_eq,UPmaxentropy,1377,8,17,20,26,29,34,35,39,49,63,67,73,76,88,89,92
grid_eq,UPmaxentropy,1378,12,14,18,27,31,32,33,36,37,44,50,52,58,63,69,100
grid_eq,UPmaxentropy,1379,10,11,14,17,40,46,48,56,59,61,62,69,77,78,84,88
grid_eq,UPmaxentropy,1380,2,15,26,31,44,47,54,55,56,62,68,72,77,87,88,99
grid_eq,UPmaxentropy,1381,5,9,17,23,29,31,35,38,45,47,52,67,68,76,78,93
grid_eq,UPmaxentropy,1382,7,13,24,31,36,39,51,53,56,57,59,63,65,74,80,96
grid_eq,UPmaxentropy,1383,3,7,9,13,18,23,24,33,41,51,52,57,70,74,81,99
grid_eq,UPmaxentropy,1384,1,13,18,22,37,45,56,59,66,67,68,79,83,88,92,99
grid_eq,UPmaxentropy,1385,1,2,8,10,23,31,36,37,40,46,58,60,65,68,72,99
grid_eq,UPmaxentropy,1386,14,15,18,23,26,32,52,65,68,73,74,75,77,81,84,96
grid_eq,UPmaxentropy,1387,8,18,32,36,44,45,47,54,55,65,71,73,74,86,87,93
grid_eq,UPmaxentropy,1388,5,24,27,31,37,44,45,47,50,52,61,76,77,78,87,98
grid_eq,UPmaxentropy,1389,5,7,8,16,36,42,44,56,57,59,63,75,76,94,97,99
grid_eq,UPmaxentropy,1390,9,10,14,21,22,38,40,53,55,68,75,77,79,91,93,100
grid_eq,UPmaxentropy,1391,2,3,11,17,37,41,42,47,49,56,60,65,70,72,77,93
grid_eq,UPmaxentropy,1392,6,23,24,32,38,42,43,53,58,64,65,72,80,90,92,96
grid_eq,UPmaxentropy,1393,2,6,14,18,30,43,44,59,62,64,75,79,90,94,99,100
grid_eq,UPmaxentropy,1394,3,4,7,8,33,40,41,42,48,50,56,59,67,78,92,98
grid_eq,UPmaxentropy,1395,11,13,14,28,31,35,36,45,55,64,67,74,79,94,96,98
grid_eq,UPmaxentropy,1396,1,11,20,25,26,27,48,51,60,61,62,65,67,74,76,88
grid_eq,UPmaxentropy,1397,4,13,16,20,34,39,41,44,53,58,63,70,73,80,83,92
grid_eq,UPmaxentropy,1398,14,19,26,42,46,52,58,64,67,69,76,78,79,82,87,88
grid_eq,UPmaxentropy,1399,7,9,14,15,40,43,49,73,75,77,79,84,95,96,97,98
grid_eq,UPmaxentropy,1400,5,7,29,36,38,45,62,63,71,72,81,85,87,88,89,100
grid_eq,UPmaxentropy,1401,5,7,8,21,30,33,34,35,51,71,79,80,84,90,91,96
grid_eq,UPmaxentropy,1402,17,22,31,32,33,47,51,53,59,65,80,81,86,91,94,95
grid_eq,UPmaxentropy,1403,10,11,12,16,24,28,40,49,51,63,71,73,74,75,84,91
grid_eq,UPmaxentropy,1404,2,21,28,29,37,48,50,52,66,67,68,80,84,90,92,93
grid_eq,UPmaxentropy,1405,4,8,14,20,22,27,28,41,53,56,61,63,66,77,89,96
grid_eq,UPmaxentropy,1406,1,11,13,15,18,25,26,40,41,56,59,64,77,93,94,97
grid_eq,UPmaxentropy,1407,6,20,27,28,30,31,41,42,48,49,51,66,67,87,92,100
grid_eq,UPmaxentropy,1408,1,7,16,21,29,36,42,43,54,65,67,69,70,75,86,88
grid_eq,UPmaxentropy,1409,9,24,29,30,33,52,68,69,76,81,89,90,91,92,96,97
grid_eq,UPmaxentropy,1410,16,17,23,26,47,49,51,55,57,58,65,68,81,83,89,90
grid_eq,UPmaxentropy,1411,1,12,14,16,23,27,28,29,46,55,64,74,75,77,80,82
grid_eq,UPmaxentropy,1412,3,6,10,13,15,22,23,28,30,38,55,57,61,75,88,92
grid_eq,UPmaxentropy,1413,12,31,33,38,44,46,48,49,53,70,74,77,89,90,95,97
grid_eq,UPmaxentropy,1414,3,7,9,21,22,28,33,34,40,42,50,54,68,79,86,98
grid_eq,UPmaxentropy,1415,9,12,21,33,38,41,45,52,54,60,67,78,80,83,95,96
grid_eq,UPmaxentropy,1416,2,8,11,14,15,39,40,53,54,68,76,80,82,85,88,94
grid_eq,UPmaxentropy,1417,8,11,20,23,31,33,37,38,51,53,73,88,89,94,97,98
grid_eq,UPmaxentropy,1418,7,17,22,26,27,31,38,44,46,53,59,63,69,78,85,89
grid_eq,UPmaxentropy,1419,1,4,9,16,17,38,39,51,64,66,68,83,87,95,98,100
grid_eq,UPmaxentropy,1420,6,7,10,20,33,40,41,43,46,51,56,65,78,79,98,99
grid_eq,UPmaxentropy,1421,11,19,41,44,49,51,62,72,74,79,81,87,90,92,94,95
grid_eq,UPmaxentropy,1422,1,3,9,23,24,35,38,40,42,60,62,71,82,83,87,100
grid_eq,UPmaxentropy,1423,1,6,7,15,24,26,34,38,46,48,49,54,69,78,93,98
grid_eq,UPmaxentropy,1424,6,11,18,25,27,38,40,51,61,63,72,77,80,83,93,96
grid_eq,UPmaxentropy,1425,14,25,26,43,55,56,65,67,69,79,83,87,90,91,94,98
grid_eq,UPmaxentropy,1426,19,24,25,29,32,40,44,51,53,56,70,73,83,90,93,100
grid_eq,UPmaxentropy,1427,1,2,9,26,28,32,36,47,48,50,56,59,60,78,91,94
grid_eq,UPmaxentropy,1428,4,10,13,18,21,32,37,46,48,55,56,57,63,74,89,98
grid_eq,UPmaxentropy,1429,2,6,10,13,17,18,55,60,66,69,82,83,88,89,92,100
grid_eq,UPmaxentropy,1430,1,2,3,12,15,31,36,37,39,44,62,63,67,77,85,100
grid_eq,UPmaxentropy,1431,3,6,12,15,27,34,35,37,47,50,52,60,72,91,94,99
grid_eq,UPmaxentropy,1432,16,19,21,30,41,56,60,64,66,68,77,83,84,91,92,95
grid_eq,UPmaxentropy,1433,2,8,10,15,16,23,24,41,49,57,67,68,69,70,75,93
grid_eq,UPmaxentropy,1434,2,4,13,20,21,35,37,39,41,43,49,50,65,68,79,91
grid_eq,UPmaxentropy,1435,4,15,16,20,22,28,41,49,50,60,63,70,73,84,92,99
grid_eq,UPmaxentropy,1436,18,24,25,28,30,43,44,46,47,48,61,68,69,71,84,87
grid_eq,UPmaxentropy,1437,9,12,19,21,26,33,45,48,49,62,71,72,79,83,87,88
grid_eq,UPmaxentropy,1438,2,6,8,18,20,28,29,30,31,43,49,51,59,62,80,91
grid_eq,UPmaxentropy,1439,1,3,15,20,33,43,44,53,63,70,71,73,79,82,87,97
grid_eq,UPmaxentropy,1440,1,2,11,21,27,37,46,58,59,65,83,86,87,88,90,99
grid_eq,UPmaxentropy,1441,9,10,14,17,18,19,20,31,33,36,46,67,74,76,86,94
grid_eq,UPmaxentropy,1442,4,6,7,13,26,52,53,61,62,65,69,71,72,83,94,98
grid_eq,UPmaxentropy,1443,1,5,11,21,22,24,41,50,55,57,63,68,71,84,86,94
grid_eq,UPmaxentropy,1444,2,3,4,8,16,17,25,31,40,42,47,50,51,52,57,66
grid_eq,UPmaxentropy,1445,1,5,8,11,14,19,24,26,34,37,43,49,50,74,75,93
grid_eq,UPmaxentropy,1446,8,10,22,24,35,45,57,59,61,67,69,76,79,80,92,97
grid_eq,UPmaxentropy,1447,24,41,42,59,60,65,66,69,84,89,91,92,93,95,97,98
grid_eq,UPmaxentropy,1448,6,35,38,46,52,55,61,63,74,79,81,89,91,92,93,96
grid_eq,UPmaxentropy,1449,2,3,5,24,44,46,51,52,62,63,75,81,82,85,87,95
grid_eq,UPmaxentropy,1450,17,18,20,24,25,43,45,47,52,54,60,61,62,92,95,96
grid_eq,UPmaxentropy,1451,5,6,7,8,12,14,18,24,40,55,58,60,76,77,84,89
grid_eq,UPmaxentropy,1452,9,19,21,31,35,46,53,65,72,75,77,81,87,90,92,99
grid_eq,UPmaxentropy,1453,3,4,12,13,16,17,28,31,40,50,66,69,72,81,88,95
grid_eq,UPmaxentropy,1454,5,9,29,33,37,38,43,51,56,61,71,72,73,77,78,96
grid_eq,UPmaxentropy,1455,1,12,15,25,31,35,39,45,48,54,61,72,75,83,84,99
grid_eq,UPmaxentropy,1456,11,16,18,23,29,30,32,37,48,55,57,66,76,94,95,99
grid_eq,UPmaxentropy,1457,3,8,10,19,22,27,29,44,52,55,57,64,68,75,79,93
grid_eq,UPmaxentropy,1458,8,20,21,31,36,46,51,53,59,61,68,71,95,98,99,100
grid_eq,UPmaxentropy,1459,4,8,14,23,31,33,39,45,48,50,59,75,83,84,89,94
grid_eq,UPmaxentropy,1460,1,2,7,14,15,16,19,28,40,67,73,77,89,91,92,94
grid_eq,UPmaxentropy,1461,2,7,10,12,13,15,20,26,28,30,57,73,76,77,79,94
grid_eq,UPmaxentropy,1462,3,13,18,23,26,36,38,40,46,62,63,64,80,93,97,98
grid_eq,UPmaxentropy,1463,5,9,13,20,30,38,40,41,55,60,67,76,77,78,82,88
grid_eq,UPmaxentropy,1464,2,14,20,28,33,40,45,47,48,61,70,74,81,88,89,92
grid_eq,UPmaxentropy,1465,21,22,26,39,47,61,62,67,68,70,72,79,81,85,93,99
grid_eq,UPmaxentropy,1466,7,14,26,39,46,56,58,59,65,69,71,74,78,90,97,98
grid_eq,UPmaxentropy,1467,9,11,14,18,37,49,57,60,66,67,70,71,74,75,89,91
grid_eq,UPmaxentropy,1468,11,18,22,23,27,31,46,56,65,74,77,79,83,84,91,99
grid_eq,UPmaxentropy,1469,6,9,10,17,20,23,31,34,38,49,51,62,65,93,95,96
grid_eq,UPmaxentropy,1470,27,29,41,42,44,59,61,66,69,76,77,78,86,88,89,90
grid_eq,UPmaxentropy,1471,10,20,35,38,51,54,58,73,75,82,83,85,87,95,97,100
grid_eq,UPmaxentropy,1472,5,12,14,23,27,29,35,52,57,60,64,68,75,86,95,99
grid_eq,UPmaxentropy,1473,4,12,23,28,39,48,49,65,66,68,70,71,75,78,80,89
grid_eq,UPmaxentropy,1474,1,3,15,27,29,30,33,47,52,70,87,89,90,92,93,95
grid_eq,UPmaxentropy,1475,9,12,18,22,23,30,36,46,52,53,55,58,62,75,81,93
grid_eq,UPmaxentropy,1476,8,25,27,30,32,40,43,45,47,54,55,57,73,85,89,92
grid_eq,UPmaxentropy,1477,10,13,19,26,31,41,44,51,57,58,59,76,80,85,91,94
grid_eq,UPmaxentropy,1478,2,11,19,24,25,27,42,43,56,62,63,67,69,74,79,80
grid_eq,UPmaxentropy,1479,4,30,33,39,48,56,58,64,68,70,75,84,89,95,97,100
grid_eq,UPmaxentropy,1480,6,33,44,52,53,59,61,77,78,88,89,90,93,97,98,99
grid_eq,UPmaxentropy,1481,1,2,7,22,30,39,41,48,49,59,70,75,82,84,87,94
grid_eq,UPmaxentropy,1482,9,11,22,23,24,26,35,39,55,56,57,69,90,92,94,98
grid_eq,UPmaxentropy,1483,6,9,29,30,34,35,40,47,52,55,57,62,73,74,83,97
grid_eq,UPmaxentropy,1484,7,14,15,24,32,42,43,53,54,60,64,67,76,85,86,94
grid_eq,UPmaxentropy,1485,4,10,20,26,40,45,46,54,58,60,61,75,78,82,84,97
grid_eq,UPmaxentropy,1486,10,11,16,17,28,32,34,41,50,58,59,69,71,87,97,99
grid_eq,UPmaxentropy,1487,17,22,31,32,35,40,41,42,53,57,75,80,81,87,96,99
grid_eq,UPmaxentropy,1488,5,6,12,13,14,21,31,33,39,51,54,74,77,81,83,95
grid_eq,UPmaxentropy,1489,1,4,5,6,19,34,42,52,58,60,65,66,76,89,97,100
grid_eq,UPmaxentropy,1490,4,5,11,20,28,33,51,54,55,63,64,65,81,86,95,97
grid_eq,UPmaxentropy,1491,4,5,26,28,29,36,38,40,45,47,51,53,54,60,69,73
grid_eq,UPmaxentropy,1492,3,10,21,34,46,53,54,56,59,65,67,69,75,86,88,96
grid_eq,UPmaxentropy,1493,1,3,5,8,12,19,30,37,40,48,61,66,70,74,86,91
grid_eq,UPmaxentropy,1494,8,11,17,26,28,34,41,48,49,51,61,79,86,87,99,100
grid_eq,UPmaxentropy,1495,4,5,8,28,37,44,57,62,67,70,71,77,85,91,95,97
grid_eq,UPmaxentropy,1496,2,18,27,39,46,54,58,63,64,79,81,85,86,89,98,100
grid_eq,UPmaxentropy,1497,5,6,9,27,30,34,43,47,51,56,66,68,76,85,97,98
grid_eq,UPmaxentropy,1498,1,14,37,39,43,44,46,48,57,72,76,86,90,91,95,100
grid_eq,UPmaxentropy,1499,3,15,16,21,23,24,32,35,44,45,52,63,75,76,82,92
grid_eq,UPmaxentropy,1500,6,13,19,22,36,37,51,52,58,64,70,71,87,94,98,99
grid_eq,UPmaxentropy,1501,4,27,32,35,36,37,40,41,44,61,65,72,75,84,93,95
grid_eq,UPmaxentropy,1502,1,9,20,33,36,44,51,52,62,64,71,80,82,83,85,87
grid_eq,UPmaxentropy,1503,4,5,18,21,30,53,55,63,65,72,77,83,84,86,90,100
grid_eq,UPmaxentropy,1504,18,22,24,27,31,34,36,38,45,57,68,70,75,80,81,89
grid_eq,UPmaxentropy,1505,6,14,18,32,33,36,39,44,61,63,67,68,73,75,80,98
grid_eq,UPmaxentropy,1506,3,10,13,30,36,48,60,62,74,75,76,85,88,93,98,99
grid_eq,UPmaxentropy,1507,2,3,22,26,33,34,35,40,43,44,53,62,66,77,81,99
grid_eq,UPmaxentropy,1508,3,7,19,34,38,39,41,51,52,59,61,76,78,81,85,94
grid_eq,UPmaxentropy,1509,7,9,16,21,27,32,33,45,60,62,63,70,74,90,94,99
grid_eq,UPmaxentropy,1510,2,10,17,24,26,31,37,44,47,48,50,52,74,82,83,86
grid_eq,UPmaxentropy,1511,2,3,7,9,20,37,49,59,60,63,69,74,81,85,89,90
grid_eq,UPmaxentropy,1512,3,16,22,25,32,41,55,59,69,75,76,78,79,80,90,96
grid_eq,UPmaxentropy,1513,16,26,35,38,45,55,56,58,65,66,71,77,80,83,87,90
grid_eq,UPmaxentropy,1514,18,30,32,43,44,45,46,49,55,66,73,76,81,89,95,99
grid_eq,UPmaxentropy,1515,9,13,14,17,19,23,33,43,61,68,77,79,86,88,95,97
grid_eq,UPmaxentropy,1516,4,14,16,28,30,44,49,52,59,61,64,67,82,84,98,99
grid_eq,UPmaxentropy,1517,4,14,20,22,30,37,40,47,54,55,64,77,82,84,96,100
grid_eq,UPmaxentropy,1518,11,13,14,18,19,27,32,40,47,52,56,68,82,88,91,97
grid_eq,UPmaxentropy,1519,7,9,20,23,30,36,37,43,45,77,80,82,85,89,99,100
grid_eq,UPmaxentropy,1520,12,22,27,29,31,36,37,38,47,49,63,65,75,81,84,93
grid_eq,UPmaxentropy,1521,21,24,25,29,31,32,42,47,59,65,71,72,73,93,94,96
grid_eq,UPmaxentropy,1522,4,15,17,24,39,42,45,47,48,58,60,70,78,82,87,91
grid_eq,UPmaxentropy,1523,4,6,14,18,20,23,28,35,55,60,67,73,75,83,97,99
grid_eq,UPmaxentropy,1524,9,10,21,27,30,38,49,52,59,76,78,79,82,91,95,98
grid_eq,UPmaxentropy,1525,7,14,17,21,29,31,33,41,62,67,71,72,73,80,85,100
grid_eq,UPmaxentropy,1526,19,32,35,46,57,64,68,77,78,82,84,85,87,92,93,98
grid_eq,UPmaxentropy,1527,3,4,5,6,18,19,28,33,34,41,55,67,81,86,88,89
grid_eq,UPmaxentropy,1528,17,18,20,29,30,34,39,49,56,58,60,69,74,82,83,99
grid_eq,UPmaxentropy,1529,12,13,17,20,32,33,34,39,40,47,51,52,57,71,73,76
grid_eq,UPmaxentropy,1530,12,25,29,31,32,34,40,42,48,56,59,62,63,81,87,96
grid_eq,UPmaxentropy,1531,1,3,4,8,15,29,41,57,60,63,71,77,83,94,95,96
grid_eq,UPmaxentropy,1532,3,13,21,34,45,53,57,72,74,76,83,91,94,95,97,99
grid_eq,UPmaxentropy,1533,3,14,15,18,22,28,36,46,49,61,62,63,64,82,83,97
grid_eq,UPmaxentropy,1534,8,9,13,16,20,21,34,48,49,58,59,68,72,75,99,100
grid_eq,UPmaxentropy,1535,5,9,13,17,18,31,34,40,44,47,51,67,69,90,91,100
grid_eq,UPmaxentropy,1536,5,29,34,35,41,51,56,59,63,72,75,82,84,87,93,100
grid_eq,UPmaxentropy,1537,6,18,19,20,21,25,28,50,62,66,79,80,82,86,94,99
grid_eq,UPmaxentropy,1538,2,8,16,23,39,51,57,59,65,68,81,82,94,95,98,99
grid_eq,UPmaxentropy,1539,6,17,18,34,35,38,50,51,60,78,85,87,89,90,94,99
grid_eq,UPmaxentropy,1540,2,6,7,17,27,28,32,36,40,43,54,55,62,72,84,97
grid_eq,UPmaxentropy,1541,1,8,16,23,24,31,37,43,50,51,55,58,66,67,81,88
grid_eq,UPmaxentropy,1542,16,20,25,27,33,39,46,60,68,70,75,82,83,86,97,100
grid_eq,UPmaxentropy,1543,7,20,44,53,57,63,67,70,72,74,80,84,91,93,95,97
grid_eq,UPmaxentropy,1544,2,9,16,25,31,32,37,38,45,50,51,58,61,70,91,92
grid_eq,UPmaxentropy,1545,3,25,26,28,32,40,45,58,60,63,68,70,71,78,83,98
grid_eq,UPmaxentropy,1546,12,20,25,31,41,43,46,52,56,60,67,70,73,83,94,96
grid_eq,UPmaxentropy,1547,2,5,9,20,39,43,44,45,54,68,70,72,85,93,94,95
grid_eq,UPmaxentropy,1548,22,24,26,33,54,55,58,59,65,77,78,80,81,83,94,99
grid_eq,UPmaxentropy,1549,3,6,11,24,31,35,50,58,64,67,77,80,82,93,97,99
grid_eq,UPmaxentropy,1550,8,10,12,16,19,24,27,32,34,41,47,51,71,76,88,90
grid_eq,UPmaxentropy,1551,7,8,12,24,25,28,32,35,47,61,68,79,84,85,89,94
grid_eq,UPmaxentropy,1552,4,11,18,20,22,36,38,39,40,41,42,73,79,85,89,95
grid_eq,UPmaxentropy,1553,3,6,18,19,21,33,34,35,40,45,54,59,62,67,87,88
grid_eq,UPmaxentropy,1554,3,4,5,6,23,31,35,43,45,63,75,85,89,92,94,99
grid_eq,UPmaxentropy,1555,1,2,5,11,17,18,40,45,60,62,66,67,69,75,79,87
grid_eq,UPmaxentropy,1556,15,20,24,26,28,34,60,65,76,78,79,83,87,88,89,93
grid_eq,UPmaxentropy,1557,13,16,24,42,48,49,54,55,64,65,66,68,89,90,94,95
grid_eq,UPmaxentropy,1558,1,9,10,21,24,32,37,41,52,56,61,69,71,87,88,94
grid_eq,UPmaxentropy,1559,4,5,15,42,45,48,49,58,59,66,77,82,83,87,95,98
grid_eq,UPmaxentropy,1560,1,11,18,22,25,47,48,51,56,59,61,70,73,85,93,95
grid_eq,UPmaxentropy,1561,6,19,25,26,29,30,45,69,71,72,78,82,85,94,97,98
grid_eq,UPmaxentropy,1562,3,6,13,19,25,30,36,38,43,49,59,64,82,86,90,100
grid_eq,UPmaxentropy,1563,1,19,20,24,32,37,40,68,76,78,80,85,87,89,96,100
grid_eq,UPmaxentropy,1564,2,9,17,22,30,55,56,58,63,72,73,80,90,93,94,99
grid_eq,UPmaxentropy,1565,3,10,11,15,38,44,45,48,54,60,69,72,75,83,85,91
grid_eq,UPmaxentropy,1566,3,12,27,31,34,39,51,53,61,63,66,68,72,81,88,89
grid_eq,UPmaxentropy,1567,1,5,9,19,23,25,34,36,51,53,62,67,79,84,96,97
grid_eq,UPmaxentropy,1568,3,6,12,14,22,47,50,56,58,59,62,77,81,82,83,85
grid_eq,UPmaxentropy,1569,4,14,19,20,41,44,48,53,56,57,58,83,89,97,99,100
grid_eq,UPmaxentropy,1570,2,3,8,9,21,22,33,40,42,56,57,64,68,71,90,98
grid_eq,UPmaxentropy,1571,5,13,19,20,23,35,47,50,57,64,66,74,75,93,95,96
grid_eq,UPmaxentropy,1572,4,19,27,28,29,34,35,49,50,57,61,62,75,85,90,96
grid_eq,UPmaxentropy,1573,3,5,8,12,17,18,22,33,46,54,56,57,60,62,74,91
grid_eq,UPmaxentropy,1574,2,4,8,9,23,24,32,37,38,48,72,74,76,77,85,89
grid_eq,UPmaxentropy,1575,3,8,11,13,18,26,31,45,62,68,71,73,80,89,90,95
grid_eq,UPmaxentropy,1576,5,13,15,20,28,31,32,36,46,50,59,61,72,77,96,100
grid_eq,UPmaxentropy,1577,2,15,24,29,30,33,41,50,51,53,64,81,82,87,89,94
grid_eq,UPmaxentropy,1578,1,3,7,14,15,20,33,38,43,49,58,66,83,89,90,93
grid_eq,UPmaxentropy,1579,13,15,16,18,27,29,30,40,50,52,54,56,83,84,90,94
grid_eq,UPmaxentropy,1580,10,14,25,26,28,36,39,46,63,67,80,82,89,92,94,99
grid_eq,UPmaxentropy,1581,6,10,17,27,29,39,43,48,61,76,77,78,80,85,95,97
grid_eq,UPmaxentropy,1582,1,18,28,31,40,42,47,50,53,57,72,78,84,85,92,95
grid_eq,UPmaxentropy,1583,6,15,18,32,34,35,47,51,55,60,63,70,71,76,82,90
grid_eq,UPmaxentropy,1584,8,9,15,17,20,25,35,36,37,56,59,62,73,75,87,100
grid_eq,UPmaxentropy,1585,4,6,15,16,31,37,41,48,50,63,70,84,86,89,90,93
grid_eq,UPmaxentropy,1586,16,22,25,33,44,48,49,50,55,63,68,84,88,89,95,99
grid_eq,UPmaxentropy,1587,7,11,16,23,24,27,31,41,51,69,73,78,79,84,85,97
grid_eq,UPmaxentropy,1588,9,16,33,36,41,46,63,64,65,69,81,83,91,93,96,99
grid_eq,UPmaxentropy,1589,2,4,8,17,25,27,33,37,41,53,66,69,70,77,84,98
grid_eq,UPmaxentropy,1590,4,8,11,12,18,19,37,39,44,45,56,58,59,67,75,87
grid_eq,UPmaxentropy,1591,6,17,40,42,44,45,47,52,53,56,65,67,86,88,92,98
grid_eq,UPmaxentropy,1592,2,23,25,26,36,40,45,47,59,74,78,80,86,91,95,100
grid_eq,UPmaxentropy,1593,2,13,21,22,23,31,37,40,45,69,73,82,83,88,90,91
grid_eq,UPmaxentropy,1594,1,7,9,19,20,22,34,39,47,68,71,80,81,84,88,93
grid_eq,UPmaxentropy,1595,14,17,22,23,27,45,49,53,58,64,67,72,80,83,90,92
grid_eq,UPmaxentropy,1596,9,17,21,22,32,38,39,46,47,57,62,64,75,92,94,98
grid_eq,UPmaxentropy,1597,4,6,9,17,26,30,40,58,67,83,87,89,94,95,98,99
grid_eq,UPmaxentropy,1598,10,15,31,37,40,41,44,49,55,60,68,79,80,89,94,96
grid_eq,UPmaxentropy,1599,7,24,26,33,40,52,56,65,70,78,79,85,90,93,94,99
grid_eq,UPmaxentropy,1600,3,7,9,15,24,31,32,36,53,54,69,73,76,79,95,96
grid_eq,UPmaxentropy,1601,2,17,25,42,53,56,60,63,66,71,72,73,77,78,87,94
grid_eq,UPmaxentropy,1602,4,15,32,36,39,41,56,58,60,68,72,77,84,93,96,97
grid_eq,UPmaxentropy,1603,11,12,16,20,25,31,43,47,48,73,80,86,92,96,97,99
grid_eq,UPmaxentropy,1604,3,6,7,9,13,18,28,33,43,57,77,83,90,93,94,98
grid_eq,UPmaxentropy,1605,7,12,16,25,34,38,47,48,57,58,76,83,86,88,89,97
grid_eq,UPmaxentropy,1606,1,2,4,11,21,37,49,65,66,70,79,85,86,89,98,100
grid_eq,UPmaxentropy,1607,3,8,9,12,22,37,39,44,46,51,58,59,74,86,92,100
grid_eq,UPmaxentropy,1608,6,14,20,21,22,23,33,47,57,62,70,71,82,88,93,100
grid_eq,UPmaxentropy,1609,8,9,10,11,17,19,24,27,31,37,40,58,72,83,89,96
grid_eq,UPmaxentropy,1610,2,6,11,13,15,24,32,35,36,37,70,72,74,78,80,100
grid_eq,UPmaxentropy,1611,2,9,16,19,22,27,36,43,44,67,73,82,84,85,92,95
grid_eq,UPmaxentropy,1612,2,10,38,40,41,45,55,57,59,63,65,71,73,78,96,98
grid_eq,UPmaxentropy,1613,12,13,17,27,32,46,49,60,61,64,77,78,81,86,91,99
grid_eq,UPmaxentropy,1614,15,18,19,23,25,29,30,36,38,58,59,61,62,68,85,91
grid_eq,UPmaxentropy,1615,2,17,25,26,37,45,47,52,54,58,59,75,88,89,90,91
grid_eq,UPmaxentropy,1616,1,8,10,14,17,24,40,42,46,53,61,62,74,77,80,86
grid_eq,UPmaxentropy,1617,6,11,15,19,31,32,36,41,55,56,60,66,70,85,94,97
grid_eq,UPmaxentropy,1618,1,9,14,15,16,31,32,33,36,65,72,75,76,80,85,92
grid_eq,UPmaxentropy,1619,4,14,15,23,26,33,40,54,65,66,78,86,87,97,98,100
grid_eq,UPmaxentropy,1620,2,5,7,21,31,34,39,42,50,61,63,72,75,76,80,81
grid_eq,UPmaxentropy,1621,9,16,17,20,21,24,32,33,36,45,60,66,68,92,98,100
grid_eq,UPmaxentropy,1622,14,34,38,40,44,45,48,59,62,68,72,76,77,84,98,100
grid_eq,UPmaxentropy,1623,2,6,7,22,38,43,52,58,62,64,68,72,81,90,93,100
grid_eq,UPmaxentropy,1624,1,2,4,6,11,17,28,39,44,45,48,66,73,75,79,89
grid_eq,UPmaxentropy,1625,7,8,17,35,55,68,72,73,75,80,82,83,88,89,93,99
grid_eq,UPmaxentropy,1626,4,7,13,16,19,25,42,47,54,56,62,71,74,79,92,96
grid_eq,UPmaxentropy,1627,1,5,7,8,12,29,36,47,55,56,59,78,82,85,87,98
grid_eq,UPmaxentropy,1628,9,13,19,24,26,32,33,50,62,74,81,82,85,86,88,91
grid_eq,UPmaxentropy,1629,1,14,32,33,38,47,48,51,62,63,74,87,91,93,95,97
grid_eq,UPmaxentropy,1630,12,13,14,17,25,32,34,40,44,47,49,67,81,82,95,99
grid_eq,UPmaxentropy,1631,7,11,15,22,39,55,57,61,67,69,73,76,87,95,97,99
grid_eq,UPmaxentropy,1632,10,11,12,17,27,34,53,54,56,57,60,65,71,73,92,94
grid_eq,UPmaxentropy,1633,4,6,23,32,39,59,70,73,75,80,87,90,92,93,97,99
grid_eq,UPmaxentropy,1634,7,16,29,31,35,36,46,47,49,56,60,70,73,78,80,97
grid_eq,UPmaxentropy,1635,5,9,14,20,22,28,32,33,43,58,64,68,69,84,85,100
grid_eq,UPmaxentropy,1636,8,16,19,26,29,42,45,47,48,61,67,71,82,91,94,97
grid_eq,UPmaxentropy,1637,1,3,4,6,8,18,28,30,33,36,61,62,76,84,92,93
grid_eq,UPmaxentropy,1638,15,16,25,35,42,44,47,50,58,61,67,71,72,83,87,91
grid_eq,UPmaxentropy,1639,15,16,17,31,57,59,69,71,72,73,77,85,93,94,96,98
grid_eq,UPmaxentropy,1640,1,13,21,27,31,33,35,54,68,74,77,79,88,89,92,97
grid_eq,UPmaxentropy,1641,1,9,11,12,24,30,36,42,49,60,63,71,79,90,91,99
grid_eq,UPmaxentropy,1642,1,9,17,24,27,30,36,43,52,74,75,83,85,91,94,97
grid_eq,UPmaxentropy,1643,7,11,19,20,21,29,37,50,53,55,73,74,89,91,97,99
grid_eq,UPmaxentropy,1644,1,4,8,9,12,17,25,37,46,47,61,62,64,80,82,85
grid_eq,UPmaxentropy,1645,7,11,18,30,38,44,47,66,73,78,83,84,90,91,95,100
grid_eq,UPmaxentropy,1646,9,16,24,27,37,38,46,58,66,67,77,91,93,96,98,100
grid_eq,UPmaxentropy,1647,12,14,19,21,31,38,41,42,47,49,61,65,78,80,84,86
grid_eq,UPmaxentropy,1648,4,5,15,17,20,25,33,34,59,65,73,78,85,91,99,100
grid_eq,UPmaxentropy,1649,14,17,20,26,28,35,36,41,44,47,48,59,61,68,71,75
grid_eq,UPmaxentropy,1650,3,8,15,23,26,29,38,53,61,63,65,66,74,78,96,100
grid_eq,UPmaxentropy,1651,11,19,22,24,31,36,38,43,49,58,59,63,64,67,80,94
grid_eq,UPmaxentropy,1652,6,8,11,23,32,33,37,41,48,76,78,79,84,86,87,88
grid_eq,UPmaxentropy,1653,6,11,22,24,29,50,54,60,63,65,72,78,84,85,88,89
grid_eq,UPmaxentropy,1654,5,21,23,27,28,30,39,57,62,81,85,87,88,91,94,99
grid_eq,UPmaxentropy,1655,2,7,15,42,44,45,63,69,79,80,82,85,86,95,97,99
grid_eq,UPmaxentropy,1656,6,8,13,17,26,28,36,43,45,55,66,77,81,88,97,99
grid_eq,UPmaxentropy,1657,5,8,10,11,13,18,42,46,55,57,61,62,63,77,85,87
grid_eq,UPmaxentropy,1658,3,7,12,30,33,34,37,38,41,53,63,82,84,88,90,97
grid_eq,UPmaxentropy,1659,3,4,11,21,22,27,29,30,59,69,77,83,92,93,94,98
grid_eq,UPmaxentropy,1660,13,14,16,17,18,19,23,24,26,36,76,82,85,90,91,100
grid_eq,UPmaxentropy,1661,3,8,18,31,36,39,46,58,60,75,77,83,84,88,98,99
grid_eq,UPmaxentropy,1662,2,7,16,36,37,40,42,50,60,61,68,69,79,81,93,99
grid_eq,UPmaxentropy,1663,2,7,8,9,12,35,48,52,64,69,81,84,87,95,97,99
grid_eq,UPmaxentropy,1664,6,20,28,31,36,42,44,51,65,74,78,85,88,92,98,99
grid_eq,UPmaxentropy,1665,12,25,29,32,34,40,41,54,58,60,74,79,88,90,92,98
grid_eq,UPmaxentropy,1666,1,19,26,31,39,40,50,65,66,67,71,72,77,78,83,97
grid_eq,UPmaxentropy,1667,2,6,20,27,28,34,35,47,48,63,67,76,77,79,81,83
grid_eq,UPmaxentropy,1668,2,3,12,13,16,19,31,50,55,57,58,64,67,69,88,89
grid_eq,UPmaxentropy,1669,11,15,21,33,36,37,40,46,48,52,55,59,73,75,76,77
grid_eq,UPmaxentropy,1670,2,3,7,13,20,22,28,32,34,37,38,55,71,75,90,98
grid_eq,UPmaxentropy,1671,3,5,8,9,22,32,38,45,55,62,65,73,78,82,83,100
grid_eq,UPmaxentropy,1672,20,28,30,36,42,47,48,54,58,61,83,85,88,89,92,96
grid_eq,UPmaxentropy,1673,1,26,38,40,50,53,63,65,76,77,79,83,84,87,94,97
grid_eq,UPmaxentropy,1674,2,7,22,32,33,36,49,53,61,62,64,71,74,75,94,96
grid_eq,UPmaxentropy,1675,8,16,19,20,32,44,53,60,65,73,76,88,90,91,92,93
grid_eq,UPmaxentropy,1676,3,8,33,42,46,51,53,55,56,57,58,68,77,84,94,97
grid_eq,UPmaxentropy,1677,3,7,12,16,30,41,48,56,58,59,72,74,75,84,87,90
grid_eq,UPmaxentropy,1678,9,10,21,22,29,32,44,49,50,65,66,75,79,86,92,97
grid_eq,UPmaxentropy,1679,10,11,12,18,27,30,31,33,44,49,59,60,66,67,82,86
grid_eq,UPmaxentropy,1680,9,23,25,28,38,43,46,48,51,56,60,68,69,81,92,93
grid_eq,UPmaxentropy,1681,3,6,10,14,15,17,31,35,37,45,48,58,63,85,90,100
grid_eq,UPmaxentropy,1682,1,2,7,20,23,30,32,35,37,42,48,50,55,80,88,91
grid_eq,UPmaxentropy,1683,1,6,24,26,33,39,47,49,50,52,67,71,82,85,87,93
grid_eq,UPmaxentropy,1684,4,7,12,31,38,46,53,56,68,69,82,85,91,93,96,100
grid_eq,UPmaxentropy,1685,7,13,17,19,29,30,51,65,69,74,80,83,88,90,96,98
grid_eq,UPmaxentropy,1686,12,14,18,24,25,30,33,34,38,40,50,60,64,67,74,97
grid_eq,UPmaxentropy,1687,8,15,19,22,33,47,52,61,70,72,90,91,94,98,99,100
grid_eq,UPmaxentropy,1688,4,21,27,29,38,40,45,46,51,55,60,62,67,69,87,91
grid_eq,UPmaxentropy,1689,16,24,33,42,46,48,55,56,61,68,77,79,80,81,84,87
grid_eq,UPmaxentropy,1690,4,6,19,23,27,31,33,37,50,59,68,72,73,84,96,97
grid_eq,UPmaxentropy,1691,3,6,11,17,39,43,51,54,61,69,72,73,81,84,92,99
grid_eq,UPmaxentropy,1692,3,5,6,10,22,23,24,25,30,32,38,43,44,67,82,92
grid_eq,UPmaxentropy,1693,1,26,40,43,45,49,54,58,61,62,70,83,85,86,87,97
grid_eq,UPmaxentropy,1694,8,24,25,35,39,40,44,45,49,52,54,67,74,79,83,93
grid_eq,UPmaxentropy,1695,7,21,31,36,47,52,60,62,63,66,69,77,80,82,94,100
grid_eq,UPmaxentropy,1696,9,11,17,18,21,30,37,39,49,70,72,76,81,83,87,89
grid_eq,UPmaxentropy,1697,2,4,11,20,21,22,27,33,34,45,47,67,79,80,92,97
grid_eq,UPmaxentropy,1698,3,4,6,9,14,23,32,39,45,61,67,80,92,96,97,100
grid_eq,UPmaxentropy,1699,2,6,7,8,12,20,21,26,39,40,44,62,63,82,90,96
grid_eq,UPmaxentropy,1700,7,8,25,32,41,43,47,54,60,61,72,73,74,75,83,93
grid_eq,UPmaxentropy,1701,6,17,23,24,26,27,30,48,56,57,58,73,77,82,87,94
grid_eq,UPmaxentropy,1702,6,9,10,20,32,33,40,45,54,55,56,71,86,90,95,96
grid_eq,UPmaxentropy,1703,1,3,10,11,13,22,23,26,47,61,69,73,82,83,92,97
grid_eq,UPmaxentropy,1704,3,11,12,15,16,19,27,37,53,58,61,65,71,73,82,94
grid_eq,UPmaxentropy,1705,11,21,26,27,34,43,49,52,60,74,83,93,94,97,98,100
grid_eq,UPmaxentropy,1706,4,16,18,38,58,60,62,70,74,76,79,86,88,91,96,97
grid_eq,UPmaxentropy,1707,5,9,31,35,37,38,41,48,51,53,54,55,75,77,84,100
grid_eq,UPmaxentropy,1708,6,21,25,31,32,37,43,45,48,55,61,62,79,89,98,99
grid_eq,UPmaxentropy,1709,1,17,20,28,30,34,39,48,51,53,61,64,70,71,82,89
grid_eq,UPmaxentropy,1710,3,18,20,33,48,50,55,57,61,74,75,82,85,87,90,99
grid_eq,UPmaxentropy,1711,2,17,18,29,32,37,50,56,73,74,75,80,82,87,88,92
grid_eq,UPmaxentropy,1712,12,21,23,31,33,35,37,44,51,73,74,77,78,92,98,100
grid_eq,UPmaxentropy,1713,2,6,15,23,34,36,37,46,47,52,58,63,74,78,90,95
grid_eq,UPmaxentropy,1714,5,10,13,14,17,23,27,36,40,52,63,71,81,88,91,93
grid_eq,UPmaxentropy,1715,9,21,26,28,46,48,49,53,56,58,63,64,73,79,85,98
grid_eq,UPmaxentropy,1716,4,11,34,44,51,56,60,61,66,67,69,72,79,87,94,98
grid_eq,UPmaxentropy,1717,3,5,14,16,26,28,32,37,40,45,48,51,72,79,83,84
grid_eq,UPmaxentropy,1718,7,8,17,36,43,50,54,67,73,75,77,90,91,94,96,98
grid_eq,UPmaxentropy,1719,12,14,16,17,19,20,25,28,47,53,57,62,63,81,88,93
grid_eq,UPmaxentropy,1720,4,10,16,24,26,44,47,52,63,69,75,77,82,84,85,90
grid_eq,UPmaxentropy,1721,24,25,27,32,36,40,41,54,72,82,84,86,89,90,97,99
grid_eq,UPmaxentropy,1722,6,12,13,15,19,36,52,53,54,61,68,83,85,88,97,99
grid_eq,UPmaxentropy,1723,2,15,19,23,27,36,38,39,45,46,49,55,57,74,77,81
grid_eq,UPmaxentropy,1724,2,9,11,18,22,31,40,53,58,68,72,73,85,96,97,99
grid_eq,UPmaxentropy,1725,13,14,19,21,23,25,30,38,43,61,64,77,83,88,90,100
grid_eq,UPmaxentropy,1726,1,9,20,23,24,28,47,50,57,76,79,80,84,86,88,100
grid_eq,UPmaxentropy,1727,3,4,9,11,12,24,25,35,38,43,45,53,60,67,76,86
grid_eq,UPmaxentropy,1728,6,14,16,17,25,26,27,31,37,38,43,57,59,62,85,89
grid_eq,UPmaxentropy,1729,1,9,21,23,26,45,51,58,59,65,77,81,82,85,89,91
grid_eq,UPmaxentropy,1730,6,10,12,14,23,24,25,26,29,38,68,85,87,92,94,95
grid_eq,UPmaxentropy,1731,1,4,15,25,33,37,38,39,40,43,49,52,68,72,97,98
grid_eq,UPmaxentropy,1732,4,15,17,18,23,24,28,29,37,42,46,57,73,74,83,98
grid_eq,UPmaxentropy,1733,2,6,12,23,25,32,47,53,55,68,70,72,73,74,92,98
grid_eq,UPmaxentropy,1734,1,2,6,14,15,21,23,30,33,44,49,65,72,74,77,86
grid_eq,UPmaxentropy,1735,1,4,8,10,18,21,24,25,34,46,50,59,60,80,91,97
grid_eq,UPmaxentropy,1736,2,10,19,28,37,38,39,42,52,58,61,66,70,71,85,86
grid_eq,UPmaxentropy,1737,1,6,17,34,36,37,41,47,50,68,75,85,91,92,96,99
grid_eq,UPmaxentropy,1738,4,9,16,25,33,36,37,41,42,49,50,62,71,88,92,100
grid_eq,UPmaxentropy,1739,8,10,11,12,17,24,35,50,53,56,66,67,73,74,77,88
grid_eq,UPmaxentropy,1740,15,26,27,38,48,52,59,62,72,73,74,78,79,94,95,98
grid_eq,UPmaxentropy,1741,11,13,14,33,41,43,49,57,60,67,68,73,74,85,92,97
grid_eq,UPmaxentropy,1742,13,15,16,26,31,32,33,36,44,51,74,75,82,83,94,99
grid_eq,UPmaxentropy,1743,5,6,13,15,20,23,30,34,38,43,53,55,57,68,72,85
grid_eq,UPmaxentropy,1744,2,20,24,28,31,35,42,45,57,70,72,82,83,85,94,97
grid_eq,UPmaxentropy,1745,12,22,27,35,43,46,48,53,58,61,64,69,70,72,77,80
grid_eq,UPmaxentropy,1746,2,5,8,22,24,30,39,48,49,59,75,79,82,84,88,93
grid_eq,UPmaxentropy,1747,7,10,15,26,33,35,39,44,45,47,65,67,80,81,85,97
grid_eq,UPmaxentropy,1748,1,2,3,13,19,31,33,40,45,49,52,59,63,68,78,85
grid_eq,UPmaxentropy,1749,7,10,15,23,26,28,32,36,55,70,76,84,92,93,97,98
grid_eq,UPmaxentropy,1750,4,10,15,22,23,34,35,39,42,46,47,49,56,57,64,99
grid_eq,UPmaxentropy,1751,5,9,11,12,13,24,26,29,35,39,46,51,56,76,95,97
grid_eq,UPmaxentropy,1752,12,15,24,27,29,42,50,53,62,64,74,84,86,96,97,100
grid_eq,UPmaxentropy,1753,3,7,9,19,23,29,42,44,46,53,63,66,76,87,90,94
grid_eq,UPmaxentropy,1754,21,24,30,40,41,47,52,62,70,71,87,91,93,95,98,99
grid_eq,UPmaxentropy,1755,3,4,36,45,49,51,53,56,57,62,63,64,78,83,84,96
grid_eq,UPmaxentropy,1756,3,13,17,24,41,43,48,55,60,67,73,79,82,87,91,95
grid_eq,UPmaxentropy,1757,5,6,7,8,13,17,22,23,24,30,47,48,49,60,65,100
grid_eq,UPmaxentropy,1758,5,10,21,33,37,40,41,43,45,50,52,55,57,62,63,74
grid_eq,UPmaxentropy,1759,9,13,19,20,21,45,50,64,65,70,80,85,91,96,98,99
grid_eq,UPmaxentropy,1760,2,4,19,22,23,44,49,55,59,62,73,74,83,88,89,98
grid_eq,UPmaxentropy,1761,8,17,20,21,22,25,30,44,47,50,56,62,68,69,73,74
grid_eq,UPmaxentropy,1762,13,29,32,46,47,52,53,54,56,74,76,82,86,90,95,98
grid_eq,UPmaxentropy,1763,1,9,11,13,23,37,45,52,67,72,74,78,82,93,95,100
grid_eq,UPmaxentropy,1764,1,3,6,26,35,42,45,49,54,55,57,65,70,73,76,89
grid_eq,UPmaxentropy,1765,8,20,31,38,50,53,60,64,68,80,82,87,90,93,94,98
grid_eq,UPmaxentropy,1766,2,23,33,37,42,48,49,58,71,72,78,87,90,93,97,98
grid_eq,UPmaxentropy,1767,13,16,20,34,39,43,48,62,67,74,81,84,89,94,95,96
grid_eq,UPmaxentropy,1768,10,18,20,26,50,58,59,64,76,81,85,86,89,92,94,100
grid_eq,UPmaxentropy,1769,1,4,8,28,33,36,44,52,55,66,71,73,90,91,97,99
grid_eq,UPmaxentropy,1770,7,21,26,37,39,46,52,55,66,67,69,78,79,83,84,90
grid_eq,UPmaxentropy,1771,5,9,10,15,30,40,46,49,53,55,59,60,79,81,88,97
grid_eq,UPmaxentropy,1772,6,9,14,15,27,35,45,55,65,67,73,76,84,89,91,92
grid_eq,UPmaxentropy,1773,9,17,20,22,23,31,41,45,53,58,59,69,77,85,92,96
grid_eq,UPmaxentropy,1774,8,14,15,22,24,31,34,39,49,50,61,62,76,94,97,100
grid_eq,UPmaxentropy,1775,1,16,19,30,39,61,63,70,71,74,77,88,95,97,98,100
grid_eq,UPmaxentropy,1776,1,11,14,31,34,42,43,44,50,58,65,69,77,81,84,90
grid_eq,UPmaxentropy,1777,2,21,22,24,27,30,32,41,42,46,58,59,64,82,84,91
grid_eq,UPmaxentropy,1778,9,25,29,36,38,40,41,45,54,61,66,72,73,74,77,84
grid_eq,UPmaxentropy,1779,4,9,23,27,40,41,53,63,64,66,73,75,78,87,91,95
grid_eq,UPmaxentropy,1780,5,19,23,26,31,37,50,54,65,69,73,74,76,80,92,99
grid_eq,UPmaxentropy,1781,10,21,30,33,35,41,45,51,52,55,66,75,84,89,94,95
grid_eq,UPmaxentropy,1782,7,8,24,26,28,30,47,48,50,57,66,67,69,79,95,98
grid_eq,UPmaxentropy,1783,2,10,17,18,27,46,48,49,54,56,57,65,76,82,89,97
grid_eq,UPmaxentropy,1784,2,25,28,29,39,43,60,62,65,66,67,81,88,89,93,97
grid_eq,UPmaxentropy,1785,1,2,6,7,10,24,29,30,54,61,63,71,73,76,87,99
grid_eq,UPmaxentropy,1786,12,17,24,45,46,48,55,62,65,66,68,70,72,81,84,91
grid_eq,UPmaxentropy,1787,2,9,14,15,18,19,23,25,37,51,55,58,77,86,94,96
grid_eq,UPmaxentropy,1788,16,23,25,26,30,38,43,51,60,67,71,73,85,89,91,98
grid_eq,UPmaxentropy,1789,14,22,25,40,45,50,51,55,69,70,71,76,80,81,82,94
grid_eq,UPmaxentropy,1790,2,9,14,23,26,31,41,45,51,60,66,75,77,81,91,97
grid_eq,UPmaxentropy,1791,12,15,33,37,42,47,50,57,61,74,75,80,83,84,88,89
grid_eq,UPmaxentropy,1792,2,7,12,22,31,37,44,46,47,65,69,72,73,74,76,99
grid_eq,UPmaxentropy,1793,5,6,9,10,18,27,42,48,52,71,74,75,85,86,95,100
grid_eq,UPmaxentropy,1794,5,17,27,30,32,34,37,42,47,56,58,61,69,84,88,98
grid_eq,UPmaxentropy,1795,1,10,13,15,16,29,30,35,49,50,58,66,74,76,78,97
grid_eq,UPmaxentropy,1796,5,7,10,15,18,20,24,37,39,46,48,62,63,78,85,98
grid_eq,UPmaxentropy,1797,2,3,11,17,25,27,38,39,54,62,63,65,75,84,91,92
grid_eq,UPmaxentropy,1798,7,8,26,35,36,43,53,56,58,59,61,71,80,84,94,96
grid_eq,UPmaxentropy,1799,9,16,19,23,32,37,53,54,72,78,79,85,88,90,94,100
grid_eq,UPmaxentropy,1800,18,35,36,39,45,49,53,55,64,67,74,77,80,86,87,100
grid_eq,UPmaxentropy,1801,1,11,14,22,23,25,27,33,38,42,60,65,68,73,87,89
grid_eq,UPmaxentropy,1802,1,13,17,19,20,26,37,38,54,57,61,66,71,88,92,94
grid_eq,UPmaxentropy,1803,2,6,12,13,16,19,20,29,31,34,35,39,49,69,77,87
grid_eq,UPmaxentropy,1804,11,12,16,19,20,28,30,45,58,62,66,72,73,78,80,94
grid_eq,UPmaxentropy,1805,11,13,19,25,48,62,63,70,78,79,80,84,91,95,96,100
grid_eq,UPmaxentropy,1806,20,24,34,43,44,47,51,57,59,61,62,64,67,68,78,88
grid_eq,UPmaxentropy,1807,4,13,21,46,48,50,57,58,60,62,68,70,73,78,79,81
grid_eq,UPmaxentropy,1808,7,14,15,20,30,33,47,55,65,66,69,75,78,80,89,92
grid_eq,UPmaxentropy,1809,4,21,43,44,49,56,60,61,63,65,68,72,75,78,86,98
grid_eq,UPmaxentropy,1810,2,4,15,16,22,26,38,45,50,60,78,85,87,89,90,93
grid_eq,UPmaxentropy,1811,5,8,12,14,16,27,33,39,40,47,51,57,62,85,88,99
grid_eq,UPmaxentropy,1812,3,11,23,40,44,56,58,62,68,74,75,78,84,87,89,98
grid_eq,UPmaxentropy,1813,15,21,26,31,37,38,46,49,58,78,82,84,85,86,91,100
grid_eq,UPmaxentropy,1814,1,12,22,40,49,50,57,58,60,69,70,71,74,75,92,95
grid_eq,UPmaxentropy,1815,2,6,16,29,35,39,41,57,59,70,71,79,89,92,93,94
grid_eq,UPmaxentropy,1816,6,13,14,18,22,44,55,57,67,71,84,86,88,92,95,100
grid_eq,UPmaxentropy,1817,8,17,49,55,71,72,74,76,83,84,88,90,92,96,98,99
grid_eq,UPmaxentropy,1818,1,10,20,24,34,37,43,48,55,62,63,75,76,84,85,96
grid_eq,UPmaxentropy,1819,5,30,36,41,43,44,45,46,51,52,54,63,78,95,96,97
grid_eq,UPmaxentropy,1820,1,29,33,34,41,42,49,55,59,63,66,67,78,79,81,95
grid_eq,UPmaxentropy,1821,16,28,31,33,37,45,49,60,70,72,75,78,85,88,90,92
grid_eq,UPmaxentropy,1822,3,6,12,20,29,38,49,52,68,72,74,80,86,87,93,97
grid_eq,UPmaxentropy,1823,6,9,12,14,21,32,40,64,65,72,74,76,93,96,97,98
grid_eq,UPmaxentropy,1824,3,9,10,11,14,20,25,37,42,54,58,74,77,93,96,100
grid_eq,UPmaxentropy,1825,5,6,16,17,22,28,30,47,50,54,57,63,69,85,87,97
grid_eq,UPmaxentropy,1826,3,6,11,26,30,31,34,36,42,59,61,63,71,72,89,92
grid_eq,UPmaxentropy,1827,1,4,15,19,24,33,39,41,47,49,50,53,54,77,83,91
grid_eq,UPmaxentropy,1828,2,5,8,15,16,25,26,34,47,59,60,68,81,82,84,92
grid_eq,UPmaxentropy,1829,2,6,18,19,27,42,48,49,51,54,58,64,68,81,89,98
grid_eq,UPmaxentropy,1830,5,18,19,24,30,40,44,49,52,65,69,71,72,90,94,98
grid_eq,UPmaxentropy,1831,5,7,24,34,35,38,49,52,59,66,68,76,80,84,87,88
grid_eq,UPmaxentropy,1832,1,8,20,23,27,37,38,46,51,60,64,76,88,90,93,97
grid_eq,UPmaxentropy,1833,3,21,26,33,39,40,41,55,59,63,75,77,85,86,92,94
grid_eq,UPmaxentropy,1834,4,18,20,24,40,41,44,59,63,71,79,82,91,96,98,99
grid_eq,UPmaxentropy,1835,7,11,15,18,24,33,34,40,47,52,56,58,59,65,82,93
grid_eq,UPmaxentropy,1836,4,16,22,27,31,33,44,49,54,71,75,77,84,92,94,95
grid_eq,UPmaxentropy,1837,25,29,31,41,52,58,62,63,65,66,67,71,74,75,83,98
grid_eq,UPmaxentropy,1838,7,9,15,20,24,29,32,33,36,41,43,57,72,89,90,98
grid_eq,UPmaxentropy,1839,6,12,18,30,35,44,46,59,62,67,70,78,91,96,98,99
grid_eq,UPmaxentropy,1840,28,29,34,37,38,40,41,47,49,63,68,78,81,83,92,97
grid_eq,UPmaxentropy,1841,2,9,10,12,16,26,29,38,48,60,61,63,66,80,95,97
grid_eq,UPmaxentropy,1842,2,16,24,27,39,48,50,52,55,62,64,65,67,70,73,78
grid_eq,UPmaxentropy,1843,4,10,21,22,23,28,34,35,44,50,73,82,90,93,94,96
grid_eq,UPmaxentropy,1844,1,14,21,34,39,45,56,62,70,71,72,78,79,80,87,93
grid_eq,UPmaxentropy,1845,18,20,25,37,39,40,42,49,52,62,63,74,81,84,90,99
grid_eq,UPmaxentropy,1846,2,12,17,18,25,26,27,32,38,41,45,52,56,57,94,100
grid_eq,UPmaxentropy,1847,1,8,9,10,12,21,26,40,74,77,80,84,88,89,91,96
grid_eq,UPmaxentropy,1848,6,12,17,31,32,35,36,44,51,55,56,60,70,72,73,86
grid_eq,UPmaxentropy,1849,4,9,10,15,24,27,28,38,55,59,64,65,86,94,98,100
grid_eq,UPmaxentropy,1850,10,12,13,21,22,32,34,35,38,58,78,79,84,86,90,100
grid_eq,UPmaxentropy,1851,2,4,13,14,29,37,49,55,60,61,73,77,84,87,88,95
grid_eq,UPmaxentropy,1852,7,16,32,37,46,50,60,68,69,70,79,82,83,85,94,100
grid_eq,UPmaxentropy,1853,1,2,5,18,22,23,36,42,45,57,59,78,88,92,97,100
grid_eq,UPmaxentropy,1854,5,13,14,18,20,25,46,48,58,72,78,81,87,92,94,98
grid_eq,UPmaxentropy,1855,1,5,8,9,24,35,36,37,42,44,62,63,65,78,82,96
grid_eq,UPmaxentropy,1856,7,18,22,33,34,38,47,49,53,62,64,74,76,79,84,100
grid_eq,UPmaxentropy,1857,8,15,20,23,26,40,49,51,63,70,82,93,94,96,97,99
grid_eq,UPmaxentropy,1858,2,5,6,27,31,38,42,49,59,73,75,83,88,89,92,98
grid_eq,UPmaxentropy,1859,5,18,23,26,31,32,35,37,44,59,69,76,77,81,82,97
grid_eq,UPmaxentropy,1860,6,20,21,22,29,35,36,37,49,52,53,70,79,87,91,92
grid_eq,UPmaxentropy,1861,7,13,18,21,32,39,45,49,52,66,68,69,72,77,80,88
grid_eq,UPmaxentropy,1862,3,4,9,16,24,32,37,39,50,52,54,57,62,64,85,88
grid_eq,UPmaxentropy,1863,10,17,18,24,25,40,42,44,50,52,63,64,68,85,91,94
grid_eq,UPmaxentropy,1864,4,20,23,32,36,39,48,52,55,77,79,85,90,91,98,99
grid_eq,UPmaxentropy,1865,2,4,7,27,37,47,48,61,64,65,69,74,78,79,94,99
grid_eq,UPmaxentropy,1866,3,5,8,17,25,29,30,32,40,41,50,51,56,69,75,96
grid_eq,UPmaxentropy,1867,3,11,17,18,19,22,26,36,60,68,79,85,86,91,93,94
grid_eq,UPmaxentropy,1868,5,7,8,11,16,28,34,50,51,56,57,63,64,80,93,95
grid_eq,UPmaxentropy,1869,1,15,27,31,35,58,59,60,61,72,83,87,89,90,94,100
grid_eq,UPmaxentropy,1870,2,8,9,10,12,13,22,31,36,44,57,70,76,78,82,96
grid_eq,UPmaxentropy,1871,12,13,14,15,20,33,38,50,52,59,60,64,72,74,80,90
grid_eq,UPmaxentropy,1872,2,8,14,26,32,37,41,45,51,55,57,68,87,90,91,95
grid_eq,UPmaxentropy,1873,1,10,16,22,26,38,41,45,48,49,52,63,80,89,96,98
grid_eq,UPmaxentropy,1874,2,4,8,9,11,15,29,32,42,44,52,55,83,88,91,93
grid_eq,UPmaxentropy,1875,12,14,17,21,24,29,32,34,44,47,58,70,71,72,75,83
grid_eq,UPmaxentropy,1876,2,13,17,22,32,33,37,39,40,56,57,61,62,69,89,96
grid_eq,UPmaxentropy,1877,20,26,29,32,45,46,51,55,60,62,65,72,78,79,84,94
grid_eq,UPmaxentropy,1878,4,13,17,45,52,54,62,63,66,67,71,74,78,82,99,100
grid_eq,UPmaxentropy,1879,1,2,4,5,16,19,25,31,34,44,46,50,57,84,93,100
grid_eq,UPmaxentropy,1880,4,21,22,23,25,28,29,43,44,45,51,54,59,69,70,74
grid_eq,UPmaxentropy,1881,14,19,20,21,26,35,48,54,62,74,76,79,85,90,97,98
grid_eq,UPmaxentropy,1882,3,4,11,17,19,20,35,40,49,59,63,68,69,70,73,77
grid_eq,UPmaxentropy,1883,6,7,15,21,23,31,38,43,52,65,77,80,81,82,85,91
grid_eq,UPmaxentropy,1884,12,14,26,27,29,37,39,40,43,46,51,55,69,70,86,97
grid_eq,UPmaxentropy,1885,7,11,24,26,32,33,34,35,39,47,56,59,68,87,90,93
grid_eq,UPmaxentropy,1886,1,3,4,7,23,24,41,42,43,53,59,63,72,76,86,94
grid_eq,UPmaxentropy,1887,5,12,21,23,24,32,33,39,50,53,54,75,76,79,88,97
grid_eq,UPmaxentropy,1888,6,20,21,25,31,38,42,45,53,68,74,79,85,88,95,97
grid_eq,UPmaxentropy,1889,2,5,6,19,26,36,39,41,56,58,63,67,71,78,79,82
grid_eq,UPmaxentropy,1890,9,14,15,16,20,26,30,35,41,44,51,63,84,85,89,94
grid_eq,UPmaxentropy,1891,1,2,5,10,14,36,41,44,47,52,56,70,81,86,92,94
grid_eq,UPmaxentropy,1892,2,3,5,7,13,14,20,33,41,42,48,57,70,75,79,91
grid_eq,UPmaxentropy,1893,2,4,16,23,24,26,34,40,41,48,59,67,69,72,78,81
grid_eq,UPmaxentropy,1894,5,22,31,34,35,39,41,45,53,61,63,68,73,83,86,94
grid_eq,UPmaxentropy,1895,1,17,20,23,31,33,36,44,48,50,60,64,71,88,94,99
grid_eq,UPmaxentropy,1896,1,18,24,27,28,30,34,35,40,41,51,62,64,73,75,93
grid_eq,UPmaxentropy,1897,4,6,7,26,32,35,43,50,52,63,66,82,93,94,98,100
grid_eq,UPmaxentropy,1898,10,13,18,44,53,56,57,62,70,72,74,77,89,91,94,99
grid_eq,UPmaxentropy,1899,1,12,32,37,40,44,45,47,52,68,70,71,76,92,99,100
grid_eq,UPmaxentropy,1900,1,3,9,12,14,16,35,36,47,49,57,69,76,77,91,93
grid_eq,UPmaxentropy,1901,4,8,9,11,13,18,29,41,46,51,52,54,66,74,97,99
grid_eq,UPmaxentropy,1902,3,5,11,22,30,36,40,41,52,54,62,77,81,90,91,95
grid_eq,UPmaxentropy,1903,2,5,7,20,27,28,50,51,54,57,60,69,70,71,87,94
grid_eq,UPmaxentropy,1904,19,21,25,34,52,69,75,77,79,80,81,89,90,92,96,100
grid_eq,UPmaxentropy,1905,1,2,6,8,20,23,26,30,43,51,54,57,68,88,98,100
grid_eq,UPmaxentropy,1906,5,6,8,13,14,17,32,41,43,59,62,64,67,88,91,99
grid_eq,UPmaxentropy,1907,4,10,15,16,20,21,32,44,45,48,57,65,75,88,93,97
grid_eq,UPmaxentropy,1908,2,12,22,33,40,45,49,52,57,64,75,80,83,91,93,95
grid_eq,UPmaxentropy,1909,5,8,9,10,15,23,28,35,40,43,52,70,79,80,87,90
grid_eq,UPmaxentropy,1910,2,3,10,33,34,38,39,59,70,74,83,84,88,89,92,96
grid_eq,UPmaxentropy,1911,10,15,16,37,38,44,47,51,54,56,78,87,89,95,97,98
grid_eq,UPmaxentropy,1912,5,8,15,39,42,51,54,56,66,70,76,88,91,92,98,99
grid_eq,UPmaxentropy,1913,1,2,8,9,10,11,12,23,25,40,52,56,57,60,78,87
grid_eq,UPmaxentropy,1914,4,7,19,24,27,29,47,53,55,57,61,75,76,82,86,98
grid_eq,UPmaxentropy,1915,3,10,11,20,23,26,30,35,38,45,47,48,50,71,95,97
grid_eq,UPmaxentropy,1916,6,9,16,18,20,29,31,33,39,44,46,50,82,90,93,99
grid_eq,UPmaxentropy,1917,4,9,21,23,25,34,40,41,44,58,63,67,72,81,85,94
grid_eq,UPmaxentropy,1918,8,12,13,19,25,30,56,69,70,73,77,78,88,90,94,95
grid_eq,UPmaxentropy,1919,8,18,23,25,28,32,44,48,59,72,80,86,88,92,99,100
grid_eq,UPmaxentropy,1920,2,16,25,26,38,51,57,59,74,79,85,86,91,92,95,98
grid_eq,UPmaxentropy,1921,15,27,28,33,34,41,47,48,56,58,60,61,66,68,85,95
grid_eq,UPmaxentropy,1922,5,24,30,35,40,49,54,62,65,67,69,73,76,81,90,98
grid_eq,UPmaxentropy,1923,1,10,11,14,36,41,43,51,64,66,74,81,83,84,88,89
grid_eq,UPmaxentropy,1924,2,4,8,11,16,27,35,38,59,72,76,77,79,89,93,97
grid_eq,UPmaxentropy,1925,1,2,12,17,33,34,41,42,51,52,55,63,64,70,96,100
grid_eq,UPmaxentropy,1926,6,18,29,30,32,37,68,70,77,81,84,91,93,94,95,99
grid_eq,UPmaxentropy,1927,2,4,11,14,26,33,34,45,49,56,60,67,69,92,94,97
grid_eq,UPmaxentropy,1928,5,8,10,14,23,29,43,46,58,65,78,82,86,88,92,95
grid_eq,UPmaxentropy,1929,11,13,30,31,39,42,56,60,76,80,81,85,90,96,99,100
grid_eq,UPmaxentropy,1930,5,6,11,28,36,51,55,67,68,75,76,78,90,92,96,100
grid_eq,UPmaxentropy,1931,2,3,5,25,29,39,44,64,65,71,82,86,88,93,94,98
grid_eq,UPmaxentropy,1932,10,21,28,31,45,50,51,54,62,68,72,75,78,80,83,86
grid_eq,UPmaxentropy,1933,3,7,8,17,24,30,50,51,65,66,73,78,81,84,86,97
grid_eq,UPmaxentropy,1934,7,9,11,18,19,20,41,54,56,60,70,71,75,83,89,99
grid_eq,UPmaxentropy,1935,7,8,11,14,15,21,26,35,37,39,43,48,50,83,91,96
grid_eq,UPmaxentropy,1936,9,10,12,15,17,19,21,33,42,44,65,73,74,76,80,87
grid_eq,UPmaxentropy,1937,9,15,20,39,45,49,50,52,53,63,68,75,78,82,84,87
grid_eq,UPmaxentropy,1938,24,26,30,31,34,36,44,53,54,55,59,63,72,81,85,94
grid_eq,UPmaxentropy,1939,3,23,24,26,39,47,48,52,54,55,58,62,74,75,89,97
grid_eq,UPmaxentropy,1940,8,15,19,20,27,35,36,37,47,51,63,66,83,87,91,93
grid_eq,UPmaxentropy,1941,3,4,5,7,12,20,21,40,46,57,73,81,88,89,91,99
grid_eq,UPmaxentropy,1942,10,16,22,26,30,31,40,41,45,54,65,71,73,85,86,92
grid_eq,UPmaxentropy,1943,4,16,35,44,48,49,51,54,56,71,81,85,88,89,93,96
grid_eq,UPmaxentropy,1944,8,14,19,20,21,23,27,35,47,64,65,67,84,87,92,97
grid_eq,UPmaxentropy,1945,12,14,30,37,38,42,43,44,63,64,67,73,78,83,84,86
grid_eq,UPmaxentropy,1946,9,16,20,22,23,26,27,42,43,56,61,63,74,80,85,91
grid_eq,UPmaxentropy,1947,4,7,23,32,34,39,52,57,61,73,77,84,92,93,94,99
grid_eq,UPmaxentropy,1948,4,9,14,22,27,31,35,41,49,57,59,63,64,75,91,99
grid_eq,UPmaxentropy,1949,4,10,14,29,41,43,45,50,68,71,81,86,89,92,94,97
grid_eq,UPmaxentropy,1950,5,12,17,19,22,28,39,53,60,65,67,75,77,79,92,99
grid_eq,UPmaxentropy,1951,9,20,34,38,44,50,53,55,60,67,74,82,90,93,98,99
grid_eq,UPmaxentropy,1952,7,10,15,19,32,33,46,49,53,64,65,73,76,77,82,84
grid_eq,UPmaxentropy,1953,1,8,13,22,23,27,30,32,34,36,41,65,71,72,83,94
grid_eq,UPmaxentropy,1954,1,3,6,14,17,22,38,51,54,55,75,85,86,88,90,97
grid_eq,UPmaxentropy,1955,12,13,23,29,32,36,41,42,53,60,63,64,67,81,84,90
grid_eq,UPmaxentropy,1956,2,16,19,38,40,42,52,55,61,68,70,71,72,84,88,96
grid_eq,UPmaxentropy,1957,17,18,20,26,33,45,53,54,62,74,84,86,93,96,97,100
grid_eq,UPmaxentropy,1958,1,6,12,20,25,30,32,44,53,56,62,66,71,72,83,92
grid_eq,UPmaxentropy,1959,2,4,10,14,26,30,36,42,44,51,57,60,64,79,82,92
grid_eq,UPmaxentropy,1960,5,9,11,12,14,34,35,38,60,61,64,67,71,76,83,100
grid_eq,UPmaxentropy,1961,4,10,19,21,22,33,39,44,45,55,56,58,66,67,71,80
grid_eq,UPmaxentropy,1962,1,15,22,24,29,46,49,50,54,57,60,63,67,77,91,95
grid_eq,UPmaxentropy,1963,9,13,14,17,20,26,29,32,54,57,73,74,76,84,90,91
grid_eq,UPmaxentropy,1964,5,14,16,17,24,25,26,39,44,55,59,61,82,83,84,88
grid_eq,UPmaxentropy,1965,4,9,19,22,24,32,33,35,36,38,50,70,81,85,87,88
grid_eq,UPmaxentropy,1966,4,8,9,13,17,28,31,33,48,49,52,60,73,80,85,88
grid_eq,UPmaxentropy,1967,2,5,11,28,32,34,50,55,62,68,72,75,76,78,80,95
grid_eq,UPmaxentropy,1968,2,3,7,10,12,16,20,26,28,34,40,45,48,63,75,100
grid_eq,UPmaxentropy,1969,8,13,19,21,25,27,45,54,56,66,70,72,84,92,94,95
grid_eq,UPmaxentropy,1970,11,13,15,19,20,22,33,40,55,59,61,74,78,85,96,100
grid_eq,UPmaxentropy,1971,1,18,21,24,40,41,45,46,48,50,67,73,77,78,90,99
grid_eq,UPmaxentropy,1972,2,10,12,24,27,38,46,51,56,62,64,65,66,81,82,99
grid_eq,UPmaxentropy,1973,5,6,10,16,27,30,48,51,53,54,60,64,74,79,91,93
grid_eq,UPmaxentropy,1974,20,21,32,44,48,50,51,53,60,72,73,78,89,92,97,98
grid_eq,UPmaxentropy,1975,2,9,10,17,27,42,43,45,61,68,70,84,95,97,98,100
grid_eq,UPmaxentropy,1976,1,4,18,22,29,36,38,51,52,56,58,63,65,66,92,99
grid_eq,UPmaxentropy,1977,7,12,13,17,22,25,28,31,38,61,66,74,77,83,94,100
grid_eq,UPmaxentropy,1978,1,3,13,19,20,32,36,47,48,49,61,66,70,80,87,95
grid_eq,UPmaxentropy,1979,3,7,9,10,13,27,29,43,51,52,63,65,66,78,82,93
grid_eq,UPmaxentropy,1980,3,9,19,23,26,37,39,45,60,67,68,69,77,78,92,99
grid_eq,UPmaxentropy,1981,9,16,28,35,44,45,50,54,68,69,78,79,88,94,97,100
grid_eq,UPmaxentropy,1982,2,7,8,13,15,16,60,63,64,66,70,71,77,78,91,95
grid_eq,UPmaxentropy,1983,10,12,19,20,27,29,37,40,43,74,76,87,89,91,93,99
grid_eq,UPmaxentropy,1984,12,13,18,27,33,35,43,46,52,61,66,69,70,72,88,98
grid_eq,UPmaxentropy,1985,10,16,23,31,33,37,39,43,44,61,62,72,75,85,88,90
grid_eq,UPmaxentropy,1986,9,11,12,31,33,34,37,42,47,50,57,59,82,86,90,92
grid_eq,UPmaxentropy,1987,5,6,28,31,33,40,44,45,46,50,61,70,75,79,89,96
grid_eq,UPmaxentropy,1988,19,21,24,37,46,47,48,49,50,51,55,75,76,78,84,89
grid_eq,UPmaxentropy,1989,3,10,12,16,18,28,38,45,65,68,73,79,80,87,90,94
grid_eq,UPmaxentropy,1990,12,17,20,24,26,27,37,41,47,58,63,65,71,85,87,88
grid_eq,UPmaxentropy,1991,10,19,20,21,24,37,42,46,62,63,70,72,76,79,92,97
grid_eq,UPmaxentropy,1992,5,11,22,27,32,42,44,46,47,48,49,55,60,64,68,83
grid_eq,UPmaxentropy,1993,4,5,10,14,20,24,25,41,42,43,50,52,53,59,84,88
grid_eq,UPmaxentropy,1994,5,9,10,15,18,40,45,48,52,60,68,74,77,83,88,94
grid_eq,UPmaxentropy,1995,2,9,16,17,24,41,48,56,57,59,62,69,73,83,97,98
grid_eq,UPmaxentropy,1996,1,3,6,17,18,28,34,42,54,60,64,73,77,86,87,95
grid_eq,UPmaxentropy,1997,2,6,10,18,32,41,42,57,61,63,66,72,74,87,94,99
grid_eq,UPmaxentropy,1998,9,10,13,14,19,20,37,38,42,43,60,64,68,87,92,95
grid_eq,UPmaxentropy,1999,4,11,14,26,32,34,40,51,54,66,67,72,85,90,93,95
grid_eq,UPmaxentropy,2000,7,13,39,42,44,45,46,55,56,59,61,78,80,81,83,98
random_eq,UPmaxentropy,1,6,15,22,23,33,35,37,38,43,53,55,61,62,70,75,76
random_eq,UPmaxentropy,2,15,17,20,31,36,39,40,41,45,56,67,70,80,83,91,100
random_eq,UPmaxentropy,3,4,12,21,23,34,37,44,47,53,54,65,67,74,86,90,99
random_eq,UPmaxentropy,4,4,5,17,24,26,31,32,36,39,47,48,51,54,60,79,86
random_eq,UPmaxentropy,5,2,16,18,22,25,27,28,30,35,55,60,67,70,75,86,90
random_eq,UPmaxentropy,6,1,12,17,21,23,46,53,56,65,67,68,73,81,87,90,98
random_eq,UPmaxentropy,7,10,19,22,29,32,36,40,57,59,60,70,86,89,90,91,96
random_eq,UPmaxentropy,8,1,9,14,17,18,32,34,40,42,52,54,58,67,75,76,86
random_eq,UPmaxentropy,9,2,4,7,11,12,17,29,35,38,55,70,78,79,81,90,95
random_eq,UPmaxentropy,10,3,12,14,21,29,35,36,40,42,43,50,58,64,66,84,91
random_eq,UPmaxentropy,11,3,8,10,13,15,22,26,33,45,50,56,59,69,77,93,97
random_eq,UPmaxentropy,12,1,2,11,22,36,45,47,48,51,53,61,71,75,77,90,96
random_eq,UPmaxentropy,13,6,31,37,38,39,40,44,49,61,68,72,82,84,88,90,95
random_eq,UPmaxentropy,14,10,11,21,24,33,37,40,49,50,53,64,68,72,74,84,98
random_eq,UPmaxentropy,15,1,2,10,15,18,42,47,53,59,71,82,89,90,94,95,97
random_eq,UPmaxentropy,16,10,11,12,18,21,23,33,52,62,64,65,70,72,75,88,99
random_eq,UPmaxentropy,17,10,14,15,20,41,43,49,50,51,52,60,62,68,75,83,85
random_eq,UPmaxentropy,18,2,11,17,28,30,33,38,46,48,55,65,75,76,81,92,99
random_eq,UPmaxentropy,19,13,27,44,51,53,55,59,65,66,72,84,88,90,95,97,99
random_eq,UPmaxentropy,20,1,3,4,6,12,13,14,16,23,26,42,46,77,78,98,99
random_eq,UPmaxentropy,21,5,36,37,39,40,45,51,66,73,74,75,80,83,85,96,97
random_eq,UPmaxentropy,22,15,23,24,41,50,60,64,65,68,75,80,84,85,89,94,95
random_eq,UPmaxentropy,23,1,7,9,20,29,30,35,41,45,52,63,69,73,77,81,97
random_eq,UPmaxentropy,24,13,16,25,26,31,42,45,46,55,56,76,77,78,81,83,98
random_eq,UPmaxentropy,25,2,21,22,28,45,51,52,58,59,64,66,68,78,86,94,100
random_eq,UPmaxentropy,26,8,21,22,29,35,37,43,46,50,53,56,67,69,79,85,93
random_eq,UPmaxentropy,27,1,3,4,8,11,25,29,39,61,62,66,82,87,91,96,100
random_eq,UPmaxentropy,28,9,22,24,25,26,31,33,49,51,58,59,69,76,79,84,98
random_eq,UPmaxentropy,29,5,13,24,26,35,44,50,51,57,60,70,75,86,88,95,99
random_eq,UPmaxentropy,30,2,17,27,29,32,34,35,45,47,48,49,50,60,84,86,100
random_eq,UPmaxentropy,31,9,11,14,25,28,32,34,46,47,50,63,67,71,82,88,95
random_eq,UPmaxentropy,32,10,16,25,28,34,42,44,54,57,60,64,70,77,82,83,99
random_eq,UPmaxentropy,33,1,9,12,22,26,36,39,40,62,67,71,74,79,89,92,94
random_eq,UPmaxentropy,34,1,18,20,28,33,36,51,58,60,65,67,76,78,85,92,98
random_eq,UPmaxentropy,35,4,18,20,25,26,49,55,56,58,59,60,61,73,74,94,97
random_eq,UPmaxentropy,36,22,30,37,40,44,49,56,59,64,70,71,79,81,83,91,92
random_eq,UPmaxentropy,37,6,7,15,26,29,47,49,58,63,76,78,81,83,85,94,96
random_eq,UPmaxentropy,38,5,8,13,15,22,23,24,38,43,50,69,71,73,76,84,97
random_eq,UPmaxentropy,39,8,9,16,19,23,24,34,42,48,53,54,63,71,72,84,86
random_eq,UPmaxentropy,40,2,3,15,21,23,27,33,54,65,66,69,76,82,89,92,96
random_eq,UPmaxentropy,41,9,10,19,22,25,33,39,46,48,54,62,70,81,85,92,100
random_eq,UPmaxentropy,42,9,13,21,22,23,25,29,39,48,65,78,84,85,86,90,95
random_eq,UPmaxentropy,43,3,10,19,20,29,34,50,65,66,68,79,80,85,86,93,99
random_eq,UPmaxentropy,44,1,12,18,20,27,32,38,52,56,63,71,78,83,88,94,95
random_eq,UPmaxentropy,45,1,6,8,15,24,45,49,50,55,57,64,70,73,87,90,95
random_eq,UPmaxentropy,46,4,5,9,18,21,22,27,28,40,54,67,79,82,87,92,96
random_eq,UPmaxentropy,47,1,3,7,12,16,20,23,27,35,44,51,60,63,66,69,71
random_eq,UPmaxentropy,48,3,14,24,27,42,47,49,54,56,68,71,75,80,86,88,89
random_eq,UPmaxentropy,49,6,13,17,18,19,21,25,32,67,68,73,74,80,81,86,93
random_eq,UPmaxentropy,50,3,27,29,36,41,43,45,48,60,72,74,76,80,83,84,88
random_eq,UPmaxentropy,51,5,6,12,18,21,44,53,66,70,76,79,83,90,93,98,100
random_eq,UPmaxentropy,52,3,15,17,18,20,30,37,38,39,42,44,52,76,89,93,100
random_eq,UPmaxentropy,53,2,7,17,22,24,27,36,45,49,51,57,61,75,76,90,95
random_eq,UPmaxentropy,54,1,4,12,16,26,30,37,49,52,53,55,59,71,75,89,94
random_eq,UPmaxentropy,55,1,2,3,8,13,32,55,66,71,72,74,75,76,88,95,96
random_eq,UPmaxentropy,56,6,11,14,25,30,33,34,38,46,48,54,58,62,68,76,97
random_eq,UPmaxentropy,57,1,2,7,19,27,39,46,48,54,58,62,70,86,94,98,99
random_eq,UPmaxentropy,58,5,6,11,18,25,27,31,32,53,56,63,64,71,83,84,97
random_eq,UPmaxentropy,59,5,22,28,52,57,65,68,75,76,86,88,90,92,93,97,98
random_eq,UPmaxentropy,60,1,3,33,43,44,49,52,54,69,70,77,79,82,85,86,91
random_eq,UPmaxentropy,61,5,6,11,12,23,31,33,36,37,39,42,48,53,65,70,95
random_eq,UPmaxentropy,62,29,34,41,43,50,53,64,65,71,73,74,80,88,89,90,94
random_eq,UPmaxentropy,63,5,6,20,23,27,37,38,58,66,68,74,79,84,86,90,97
random_eq,UPmaxentropy,64,1,7,24,28,29,34,43,47,54,56,58,77,82,83,87,90
random_eq,UPmaxentropy,65,3,10,16,23,28,40,43,48,56,57,58,73,80,82,83,90
random_eq,UPmaxentropy,66,4,9,15,18,27,32,49,51,52,58,59,62,78,85,96,100
random_eq,UPmaxentropy,67,3,9,10,12,15,16,27,32,33,40,49,60,67,83,84,100
random_eq,UPmaxentropy,68,10,18,29,32,34,44,50,54,60,61,70,80,81,85,90,96
random_eq,UPmaxentropy,69,5,18,19,20,24,25,26,33,49,50,64,91,92,93,94,99
random_eq,UPmaxentropy,70,6,16,23,24,34,37,38,69,72,75,80,82,87,90,91,92
random_eq,UPmaxentropy,71,2,14,20,23,26,32,38,40,45,65,67,74,77,81,90,97
random_eq,UPmaxentropy,72,1,14,22,24,35,42,46,47,51,53,61,71,84,88,90,99
random_eq,UPmaxentropy,73,1,6,13,14,20,22,35,36,45,54,57,58,61,69,93,100
random_eq,UPmaxentropy,74,23,28,38,43,49,52,54,67,71,72,79,84,87,89,93,96
random_eq,UPmaxentropy,75,9,34,37,46,52,54,61,65,67,70,71,83,88,89,97,98
random_eq,UPmaxentropy,76,18,20,34,36,38,40,41,52,59,61,62,72,77,78,81,82
random_eq,UPmaxentropy,77,8,10,23,26,28,29,31,36,56,60,67,82,85,90,92,95
random_eq,UPmaxentropy,78,12,13,27,39,51,53,55,57,60,64,65,69,76,85,94,97
random_eq,UPmaxentropy,79,2,4,5,8,14,24,37,40,51,52,56,69,70,71,94,96
random_eq,UPmaxentropy,80,4,11,16,22,30,45,46,50,52,57,62,67,69,76,89,94
random_eq,UPmaxentropy,81,17,20,25,26,27,29,33,38,44,46,50,75,83,91,96,97
random_eq,UPmaxentropy,82,1,2,5,14,24,27,28,31,35,39,41,47,49,66,79,97
random_eq,UPmaxentropy,83,4,10,17,28,38,41,42,47,48,49,50,59,72,80,87,94
random_eq,UPmaxentropy,84,9,10,13,20,33,40,44,51,55,68,72,73,84,89,90,99
random_eq,UPmaxentropy,85,11,19,22,24,32,34,37,42,58,64,65,74,79,87,88,96
random_eq,UPmaxentropy,86,11,25,29,34,42,51,60,62,63,66,68,80,85,87,89,94
random_eq,UPmaxentropy,87,3,20,26,36,38,46,47,48,52,69,71,75,81,87,90,97
random_eq,UPmaxentropy,88,8,23,25,26,27,31,33,48,52,54,56,65,72,74,77,99
random_eq,UPmaxentropy,89,13,15,21,27,41,42,46,48,49,52,53,70,77,87,90,95
random_eq,UPmaxentropy,90,11,24,25,43,46,48,51,53,61,66,71,80,81,86,88,99
random_eq,UPmaxentropy,91,9,17,19,21,34,45,48,50,56,66,71,74,83,90,95,97
random_eq,UPmaxentropy,92,2,3,6,25,34,40,41,58,60,62,64,65,73,77,88,93
random_eq,UPmaxentropy,93,1,5,8,10,13,19,20,21,23,42,52,61,63,75,83,97
random_eq,UPmaxentropy,94,1,2,4,6,29,37,38,42,44,55,56,59,62,72,86,91
random_eq,UPmaxentropy,95,1,3,6,11,13,16,19,40,55,76,85,86,90,94,99,100
random_eq,UPmaxentropy,96,2,9,15,23,24,27,30,33,42,45,49,52,70,81,95,97
random_eq,UPmaxentropy,97,2,10,11,19,22,23,40,42,45,46,50,59,80,85,93,95
random_eq,UPmaxentropy,98,5,6,11,17,23,24,31,35,38,39,46,56,73,81,85,90
random_eq,UPmaxentropy,99,2,3,8,27,29,35,40,44,53,56,71,73,83,90,91,98
random_eq,UPmaxentropy,100,2,6,15,17,22,23,35,36,40,42,44,52,88,93,95,98
random_eq,UPmaxentropy,101,2,3,16,34,35,48,61,62,64,65,66,70,72,76,95,99
random_eq,UPmaxentropy,102,17,18,23,24,25,30,33,35,43,52,67,71,77,79,87,100
random_eq,UPmaxentropy,103,10,12,18,21,27,28,38,47,50,58,63,64,79,85,93,96
random_eq,UPmaxentropy,104,3,5,11,24,45,47,48,53,57,65,68,79,85,92,96,99
random_eq,UPmaxentropy,105,7,9,14,26,30,35,42,43,47,50,54,56,64,78,84,90
random_eq,UPmaxentropy,106,2,5,13,26,32,35,45,58,64,68,71,74,76,77,80,81
random_eq,UPmaxentropy,107,19,26,27,33,38,42,46,48,51,64,67,73,79,82,96,99
random_eq,UPmaxentropy,108,6,7,18,31,33,35,44,48,52,72,75,78,91,93,95,97
random_eq,UPmaxentropy,109,4,8,10,17,20,21,29,35,38,39,52,56,57,69,83,92
random_eq,UPmaxentropy,110,8,19,30,31,35,36,40,54,57,73,76,87,89,94,97,99
random_eq,UPmaxentropy,111,2,17,21,22,37,45,48,57,58,63,74,77,78,80,90,96
random_eq,UPmaxentropy,112,4,7,15,33,34,36,39,46,48,52,54,56,72,75,92,96
random_eq,UPmaxentropy,113,3,10,13,37,38,42,58,67,68,72,75,79,84,85,89,97
random_eq,UPmaxentropy,114,1,4,16,17,22,30,32,43,48,50,56,78,89,92,93,96
random_eq,UPmaxentropy,115,8,18,21,40,41,47,50,59,62,68,75,80,82,83,85,91
random_eq,UPmaxentropy,116,1,3,4,7,13,17,19,23,25,29,38,49,70,73,75,96
random_eq,UPmaxentropy,117,6,10,18,23,24,34,43,51,62,73,77,83,85,90,94,95
random_eq,UPmaxentropy,118,1,11,16,17,23,29,31,53,54,59,63,68,79,86,87,98
random_eq,UPmaxentropy,119,2,6,7,18,20,25,38,39,48,61,65,69,75,76,78,99
random_eq,UPmaxentropy,120,8,10,12,31,32,38,41,46,49,60,62,64,67,86,89,100
random_eq,UPmaxentropy,121,9,12,18,19,24,26,29,40,47,49,50,74,90,93,95,100
random_eq,UPmaxentropy,122,13,21,25,37,42,48,55,63,67,68,70,75,78,79,80,87
random_eq,UPmaxentropy,123,1,23,25,27,34,38,42,46,50,63,65,81,83,92,96,97
random_eq,UPmaxentropy,124,3,16,17,22,28,49,50,56,64,65,70,78,81,86,92,93
random_eq,UPmaxentropy,125,1,11,16,21,34,36,44,46,47,58,66,83,85,97,98,99
random_eq,UPmaxentropy,126,8,12,14,23,27,30,33,34,45,49,61,66,78,91,92,97
random_eq,UPmaxentropy,127,5,12,21,24,41,46,49,54,73,74,84,87,89,91,93,95
random_eq,UPmaxentropy,128,12,15,25,29,32,37,38,54,61,68,75,80,81,82,86,96
random_eq,UPmaxentropy,129,16,18,34,40,42,44,57,63,64,65,72,76,77,83,85,96
random_eq,UPmaxentropy,130,1,3,8,11,15,16,31,43,45,52,56,59,63,88,89,90
random_eq,UPmaxentropy,131,12,26,33,36,40,43,50,54,64,69,73,78,80,88,91,98
random_eq,UPmaxentropy,132,1,6,11,15,33,35,38,54,57,62,67,77,83,86,87,97
random_eq,UPmaxentropy,133,1,2,7,17,32,33,39,41,44,50,51,64,72,76,80,81
random_eq,UPmaxentropy,134,19,21,33,34,36,41,42,43,53,54,66,72,76,91,97,99
random_eq,UPmaxentropy,135,1,14,19,45,54,63,65,73,75,77,84,92,93,97,98,99
random_eq,UPmaxentropy,136,1,3,8,9,25,27,28,35,37,41,43,80,82,84,91,96
random_eq,UPmaxentropy,137,1,3,6,7,12,41,43,46,49,67,68,72,75,78,79,84
random_eq,UPmaxentropy,138,1,5,9,15,20,22,47,61,67,74,77,81,90,91,92,94
random_eq,UPmaxentropy,139,3,5,11,12,17,33,38,40,53,58,62,69,78,83,90,94
random_eq,UPmaxentropy,140,2,10,17,20,26,27,29,31,32,34,37,54,60,61,82,85
random_eq,UPmaxentropy,141,7,13,17,25,30,31,39,42,43,49,50,63,89,95,99,100
random_eq,UPmaxentropy,142,9,28,38,39,44,50,53,54,55,72,74,76,80,82,83,97
random_eq,UPmaxentropy,143,2,19,24,27,32,38,39,43,45,51,62,63,65,78,80,100
random_eq,UPmaxentropy,144,9,10,17,19,26,38,41,47,56,58,65,82,84,96,99,100
random_eq,UPmaxentropy,145,9,24,33,34,38,47,49,52,60,67,86,89,92,95,97,100
random_eq,UPmaxentropy,146,1,4,5,11,14,21,24,25,34,51,53,54,55,79,81,87
random_eq,UPmaxentropy,147,1,4,5,6,15,45,65,68,69,75,81,85,86,88,90,92
random_eq,UPmaxentropy,148,2,7,12,23,30,32,35,38,51,55,64,67,77,83,87,95
random_eq,UPmaxentropy,149,4,13,15,28,45,46,49,55,59,65,66,74,79,83,94,95
random_eq,UPmaxentropy,150,3,9,16,27,39,46,50,54,57,59,74,82,84,85,90,100
random_eq,UPmaxentropy,151,12,18,27,37,41,43,46,54,67,70,75,90,92,94,96,100
random_eq,UPmaxentropy,152,9,12,14,18,23,30,32,43,64,68,75,80,86,89,94,97
random_eq,UPmaxentropy,153,7,15,21,27,29,31,45,50,57,61,62,64,68,74,84,95
random_eq,UPmaxentropy,154,1,19,22,25,27,28,35,39,47,51,59,72,85,89,97,100
random_eq,UPmaxentropy,155,5,9,14,15,18,26,28,63,66,67,74,76,78,86,89,93
random_eq,UPmaxentropy,156,10,12,21,27,31,32,38,45,47,64,66,70,75,78,88,98
random_eq,UPmaxentropy,157,6,11,18,22,26,27,28,29,34,38,52,69,78,86,97,98
random_eq,UPmaxentropy,158,7,8,11,19,24,30,31,38,40,42,43,44,66,70,72,89
random_eq,UPmaxentropy,159,7,11,15,19,21,25,29,31,50,61,64,80,90,93,95,100
random_eq,UPmaxentropy,160,8,11,20,22,27,31,41,45,51,61,66,75,78,83,90,97
random_eq,UPmaxentropy,161,6,8,18,22,26,29,40,47,54,56,59,63,79,81,91,98
random_eq,UPmaxentropy,162,9,21,36,47,50,56,61,63,64,66,70,73,82,83,87,89
random_eq,UPmaxentropy,163,2,5,7,8,12,13,19,34,35,66,71,72,85,93,96,99
random_eq,UPmaxentropy,164,11,13,15,17,23,31,33,41,49,53,55,68,71,74,75,97
random_eq,UPmaxentropy,165,2,4,12,17,20,24,35,36,40,57,72,80,82,89,95,99
random_eq,UPmaxentropy,166,1,3,9,19,25,26,31,39,43,47,71,73,79,83,84,95
random_eq,UPmaxentropy,167,11,12,14,17,22,25,40,53,65,71,73,75,81,82,88,89
random_eq,UPmaxentropy,168,7,8,11,17,31,34,43,44,48,49,62,65,68,79,83,89
random_eq,UPmaxentropy,169,13,15,19,22,29,43,45,54,61,62,63,65,68,70,94,95
random_eq,UPmaxentropy,170,8,16,22,25,33,40,50,53,63,68,74,75,82,89,91,95
random_eq,UPmaxentropy,171,8,12,13,16,28,35,39,49,66,69,70,76,81,84,86,90
random_eq,UPmaxentropy,172,17,33,34,36,38,40,46,57,59,64,86,89,90,91,94,99
random_eq,UPmaxentropy,173,16,18,20,30,33,54,55,63,67,73,78,79,80,84,92,99
random_eq,UPmaxentropy,174,7,9,17,23,26,34,47,52,54,65,66,75,80,83,91,99
random_eq,UPmaxentropy,175,4,11,17,18,26,38,52,53,54,69,77,78,79,86,96,99
random_eq,UPmaxentropy,176,18,19,23,28,31,33,34,47,50,51,60,65,69,81,86,92
random_eq,UPmaxentropy,177,5,6,15,21,22,32,33,50,58,61,66,68,79,81,88,99
random_eq,UPmaxentropy,178,5,21,36,42,46,53,57,59,61,66,70,75,76,84,94,96
random_eq,UPmaxentropy,179,10,19,22,32,33,43,45,49,53,56,57,60,63,64,66,69
random_eq,UPmaxentropy,180,1,14,18,23,42,50,54,57,63,67,68,84,85,89,91,95
random_eq,UPmaxentropy,181,16,20,29,33,41,43,51,54,66,67,70,74,81,84,85,93
random_eq,UPmaxentropy,182,5,15,21,28,29,38,45,46,48,53,64,66,86,93,94,96
random_eq,UPmaxentropy,183,3,6,16,22,23,28,36,49,51,52,58,69,70,74,84,99
random_eq,UPmaxentropy,184,2,14,26,32,40,66,75,77,80,90,93,94,97,98,99,100
random_eq,UPmaxentropy,185,5,14,21,35,46,48,49,50,70,74,82,85,87,88,98,99
random_eq,UPmaxentropy,186,4,7,10,20,24,32,34,54,64,66,67,68,75,88,93,97
random_eq,UPmaxentropy,187,24,26,32,34,37,46,50,61,67,76,81,84,89,91,93,100
random_eq,UPmaxentropy,188,3,14,19,20,23,31,34,40,46,52,59,68,80,84,89,90
random_eq,UPmaxentropy,189,7,8,24,34,44,50,51,56,59,64,65,68,79,81,99,100
random_eq,UPmaxentropy,190,3,8,17,39,42,44,51,54,57,68,78,82,85,87,94,100
random_eq,UPmaxentropy,191,6,8,10,23,27,30,39,44,45,51,55,56,83,88,93,99
random_eq,UPmaxentropy,192,7,19,28,36,37,39,48,51,64,67,70,73,74,81,85,88
random_eq,UPmaxentropy,193,1,6,7,17,22,24,32,33,36,48,57,58,73,76,81,86
random_eq,UPmaxentropy,194,6,11,21,22,23,28,29,40,43,45,55,59,68,77,88,92
random_eq,UPmaxentropy,195,7,22,28,35,36,42,47,63,64,74,79,81,87,93,97,100
random_eq,UPmaxentropy,196,13,20,25,41,50,55,57,62,65,84,87,88,90,92,94,96
random_eq,UPmaxentropy,197,4,6,7,26,27,30,36,49,55,62,65,67,79,85,92,98
random_eq,UPmaxentropy,198,3,16,17,23,28,32,39,58,63,64,74,81,83,91,93,94
random_eq,UPmaxentropy,199,11,24,30,34,47,54,55,62,68,78,79,81,86,91,97,98
random_eq,UPmaxentropy,200,5,9,12,20,22,31,43,45,51,53,56,59,65,66,69,93
random_eq,UPmaxentropy,201,2,5,11,13,15,29,32,34,36,46,63,70,86,91,96,98
random_eq,UPmaxentropy,202,2,5,21,29,33,36,37,38,43,45,53,57,60,63,67,84
random_eq,UPmaxentropy,203,1,15,17,23,32,49,52,57,58,61,78,82,83,87,92,96
random_eq,UPmaxentropy,204,13,16,27,32,34,35,45,49,57,60,73,74,75,76,83,98
random_eq,UPmaxentropy,205,1,11,12,22,23,31,37,42,46,51,59,76,77,80,95,98
random_eq,UPmaxentropy,206,7,8,10,22,24,30,39,40,50,59,64,65,77,89,93,98
random_eq,UPmaxentropy,207,2,7,18,19,22,37,51,63,65,69,76,82,83,92,96,98
random_eq,UPmaxentropy,208,5,9,18,19,24,34,37,68,70,71,73,76,90,92,93,97
random_eq,UPmaxentropy,209,3,4,11,20,24,25,38,48,53,57,62,70,71,81,88,96
random_eq,UPmaxentropy,210,2,4,7,9,18,21,23,24,39,45,54,55,60,66,75,91
random_eq,UPmaxentropy,211,3,13,22,43,46,51,56,62,71,84,88,91,92,95,96,99
random_eq,UPmaxentropy,212,9,11,15,17,22,28,29,33,39,44,56,59,61,64,65,100
random_eq,UPmaxentropy,213,8,12,16,27,37,39,48,57,64,66,76,77,87,90,93,94
random_eq,UPmaxentropy,214,6,7,24,29,31,35,40,43,47,67,68,73,74,77,82,99
random_eq,UPmaxentropy,215,2,8,9,15,21,26,29,41,43,61,68,69,72,74,86,92
random_eq,UPmaxentropy,216,3,12,14,19,28,30,37,41,43,55,64,78,81,83,87,91
random_eq,UPmaxentropy,217,6,14,26,42,46,48,52,63,65,68,74,75,76,81,89,93
random_eq,UPmaxentropy,218,6,20,23,26,28,29,32,33,36,44,45,53,63,84,91,95
random_eq,UPmaxentropy,219,1,3,5,7,9,10,16,32,33,69,82,83,84,85,90,92
random_eq,UPmaxentropy,220,2,6,7,28,31,32,33,48,65,75,79,83,88,91,97,100
random_eq,UPmaxentropy,221,11,14,24,43,47,48,54,62,65,73,76,80,82,85,96,99
random_eq,UPmaxentropy,222,1,8,20,24,28,34,41,47,52,63,64,71,76,88,89,97
random_eq,UPmaxentropy,223,14,15,25,26,39,43,45,57,61,63,71,74,75,88,98,100
random_eq,UPmaxentropy,224,13,21,23,28,29,36,40,56,57,70,81,83,85,91,93,95
random_eq,UPmaxentropy,225,4,23,26,30,41,43,45,47,52,56,57,58,65,83,85,99
random_eq,UPmaxentropy,226,5,6,7,12,16,17,19,21,25,40,42,54,60,70,72,99
random_eq,UPmaxentropy,227,5,6,13,16,17,33,43,50,69,70,71,78,84,85,88,98
random_eq,UPmaxentropy,228,1,8,29,32,38,42,58,69,73,75,78,81,82,86,88,91
random_eq,UPmaxentropy,229,12,15,26,31,43,51,72,80,82,86,90,92,95,98,99,100
random_eq,UPmaxentropy,230,1,5,10,22,24,26,28,35,37,47,77,83,86,92,95,97
random_eq,UPmaxentropy,231,1,27,28,29,32,36,42,49,51,59,60,62,68,81,88,96
random_eq,UPmaxentropy,232,5,6,11,20,26,32,34,35,41,54,60,66,73,74,91,95
random_eq,UPmaxentropy,233,4,11,28,31,37,46,51,52,68,77,78,81,87,91,95,96
random_eq,UPmaxentropy,234,10,11,13,14,22,35,38,39,44,48,67,69,72,73,77,81
random_eq,UPmaxentropy,235,1,7,12,15,21,22,23,36,37,41,49,51,66,68,70,95
random_eq,UPmaxentropy,236,1,5,8,9,15,17,26,28,29,33,35,50,64,70,80,86
random_eq,UPmaxentropy,237,8,10,16,19,29,30,34,55,65,72,75,81,83,85,90,97
random_eq,UPmaxentropy,238,5,7,10,15,20,25,28,33,35,38,45,46,59,61,68,80
random_eq,UPmaxentropy,239,1,8,9,10,19,28,41,47,56,57,68,71,72,87,98,100
random_eq,UPmaxentropy,240,1,6,20,23,33,52,63,66,67,77,79,85,86,92,97,98
random_eq,UPmaxentropy,241,4,10,13,19,27,29,34,49,51,55,57,72,79,80,83,91
random_eq,UPmaxentropy,242,6,16,18,28,29,35,43,55,56,63,65,81,83,86,92,98
random_eq,UPmaxentropy,243,1,2,6,7,10,15,20,21,29,31,33,42,45,57,81,86
random_eq,UPmaxentropy,244,7,9,13,18,19,21,24,25,35,56,62,76,80,81,87,94
random_eq,UPmaxentropy,245,2,7,16,22,23,44,57,60,62,66,67,77,83,88,92,95
random_eq,UPmaxentropy,246,2,3,7,21,22,29,31,41,44,46,47,50,68,81,85,93
random_eq,UPmaxentropy,247,9,10,11,13,16,25,28,33,40,44,46,56,71,76,80,89
random_eq,UPmaxentropy,248,3,19,23,37,39,40,47,54,58,64,69,72,78,79,80,94
random_eq,UPmaxentropy,249,4,7,11,15,17,23,30,32,41,44,54,57,65,67,70,81
random_eq,UPmaxentropy,250,6,12,16,32,48,61,63,65,69,72,75,85,91,96,98,99
random_eq,UPmaxentropy,251,11,16,18,20,24,29,39,45,53,54,55,76,79,86,90,97
random_eq,UPmaxentropy,252,4,18,24,27,34,43,56,57,59,61,63,72,79,84,88,97
random_eq,UPmaxentropy,253,7,14,27,30,32,33,34,35,47,52,64,67,76,87,88,89
random_eq,UPmaxentropy,254,1,11,18,28,29,31,40,55,57,63,67,76,83,85,90,93
random_eq,UPmaxentropy,255,3,8,14,18,23,24,42,49,57,59,67,69,85,87,90,99
random_eq,UPmaxentropy,256,1,4,10,18,28,29,32,37,48,52,53,54,59,73,78,88
random_eq,UPmaxentropy,257,5,8,25,29,37,41,50,55,65,66,69,76,77,93,94,100
random_eq,UPmaxentropy,258,8,10,24,30,36,37,40,41,50,58,64,70,72,81,93,97
random_eq,UPmaxentropy,259,18,20,27,33,34,41,42,45,56,64,67,77,79,81,84,92
random_eq,UPmaxentropy,260,7,14,16,18,19,20,40,41,44,46,62,72,73,86,90,97
random_eq,UPmaxentropy,261,2,11,14,15,32,38,45,62,65,70,74,83,92,93,94,97
random_eq,UPmaxentropy,262,3,8,12,13,20,39,43,44,63,65,67,72,76,89,96,99
random_eq,UPmaxentropy,263,5,9,10,30,34,39,42,51,59,62,63,66,81,84,93,98
random_eq,UPmaxentropy,264,34,36,37,38,44,48,51,52,55,57,61,75,86,92,97,98
random_eq,UPmaxentropy,265,2,4,5,9,20,31,35,43,49,71,74,82,87,90,91,99
random_eq,UPmaxentropy,266,2,3,8,16,17,21,23,24,31,38,53,57,72,75,79,100
random_eq,UPmaxentropy,267,12,17,21,22,25,26,47,51,56,64,67,72,80,81,82,87
random_eq,UPmaxentropy,268,2,13,14,27,28,32,33,36,38,45,46,69,84,92,95,98
random_eq,UPmaxentropy,269,10,11,22,36,37,41,49,52,53,55,57,61,71,73,75,91
random_eq,UPmaxentropy,270,2,4,8,12,13,14,15,20,29,35,37,52,61,75,86,97
random_eq,UPmaxentropy,271,8,19,23,24,34,41,43,52,58,60,64,67,69,78,83,89
random_eq,UPmaxentropy,272,5,20,24,26,35,50,69,73,74,78,88,90,92,93,97,99
random_eq,UPmaxentropy,273,16,20,36,37,38,42,54,64,65,73,75,84,85,86,92,98
random_eq,UPmaxentropy,274,1,8,11,14,32,48,51,57,58,70,71,72,85,94,97,99
random_eq,UPmaxentropy,275,4,15,18,19,26,27,28,32,46,59,65,68,72,88,98,100
random_eq,UPmaxentropy,276,9,11,14,18,19,29,42,50,53,55,77,85,92,93,96,100
random_eq,UPmaxentropy,277,4,7,13,14,15,23,27,40,44,60,68,69,70,90,92,97
random_eq,UPmaxentropy,278,1,3,10,12,13,27,30,38,41,50,63,68,69,77,90,96
random_eq,UPmaxentropy,279,1,2,7,9,15,22,25,31,41,44,48,55,56,85,87,90
random_eq,UPmaxentropy,280,2,16,17,23,27,33,43,54,69,70,72,78,79,86,88,99
random_eq,UPmaxentropy,281,4,5,15,22,37,40,55,56,57,69,72,79,85,87,88,95
random_eq,UPmaxentropy,282,2,5,10,26,28,40,42,45,46,49,63,70,71,82,89,99
random_eq,UPmaxentropy,283,3,10,11,16,17,19,31,35,53,68,72,74,81,88,89,94
random_eq,UPmaxentropy,284,17,18,20,23,25,27,36,44,51,57,70,74,81,87,95,99
random_eq,UPmaxentropy,285,2,15,19,22,42,43,54,57,59,60,63,65,72,74,78,98
random_eq,UPmaxentropy,286,2,3,9,10,19,24,29,37,53,75,77,78,81,82,85,94
random_eq,UPmaxentropy,287,2,3,17,19,24,37,39,40,48,53,60,64,69,86,90,100
random_eq,UPmaxentropy,288,1,14,33,37,39,43,48,58,65,68,72,75,80,81,91,93
random_eq,UPmaxentropy,289,8,21,23,31,34,35,44,50,52,67,73,80,81,83,84,95
random_eq,UPmaxentropy,290,24,28,34,39,42,44,47,48,51,61,62,66,70,80,88,97
random_eq,UPmaxentropy,291,6,7,9,10,23,26,28,44,49,56,57,64,69,82,83,85
random_eq,UPmaxentropy,292,9,16,20,32,39,49,50,52,54,56,59,66,67,70,72,77
random_eq,UPmaxentropy,293,7,13,15,21,23,27,39,49,50,54,55,79,80,86,93,97
random_eq,UPmaxentropy,294,3,12,18,25,33,46,49,50,72,75,80,81,82,85,94,96
random_eq,UPmaxentropy,295,6,14,18,19,20,24,33,37,57,58,61,62,77,90,91,93
random_eq,UPmaxentropy,296,1,6,13,23,26,28,30,45,63,66,74,77,86,88,91,99
random_eq,UPmaxentropy,297,4,8,9,13,21,25,29,35,47,52,62,71,73,75,87,92
random_eq,UPmaxentropy,298,3,11,24,25,41,42,46,54,55,58,60,71,73,80,89,95
random_eq,UPmaxentropy,299,1,9,19,21,43,50,52,54,66,70,72,75,78,81,93,99
random_eq,UPmaxentropy,300,1,19,23,26,30,39,41,45,46,48,49,58,61,65,69,82
random_eq,UPmaxentropy,301,9,11,13,14,19,25,32,37,46,52,65,69,78,82,84,90
random_eq,UPmaxentropy,302,12,15,20,29,31,32,59,60,65,69,74,77,78,79,94,96
random_eq,UPmaxentropy,303,1,3,4,15,18,24,38,39,42,44,46,51,52,73,86,89
random_eq,UPmaxentropy,304,15,17,22,31,35,43,48,49,53,58,61,69,80,90,95,97
random_eq,UPmaxentropy,305,9,19,21,24,30,32,34,60,63,65,68,71,85,86,92,95
random_eq,UPmaxentropy,306,3,9,10,11,21,25,28,43,63,65,72,74,80,81,84,97
random_eq,UPmaxentropy,307,5,17,23,24,33,38,39,44,50,60,76,81,84,85,89,97
random_eq,UPmaxentropy,308,4,5,7,8,17,21,29,39,40,48,53,73,78,88,92,96
random_eq,UPmaxentropy,309,1,4,8,13,30,32,38,40,53,60,66,70,72,77,80,92
random_eq,UPmaxentropy,310,11,15,24,31,33,38,42,45,47,48,50,56,58,63,77,92
random_eq,UPmaxentropy,311,6,9,11,14,24,39,47,49,54,60,78,86,88,92,95,100
random_eq,UPmaxentropy,312,1,2,6,10,11,26,38,52,59,65,78,86,90,93,94,98
random_eq,UPmaxentropy,313,5,29,31,35,44,63,68,74,75,85,87,89,90,91,98,99
random_eq,UPmaxentropy,314,5,11,13,16,18,27,42,63,65,79,83,91,92,93,96,97
random_eq,UPmaxentropy,315,1,23,24,25,31,40,47,50,51,54,60,86,87,91,98,100
random_eq,UPmaxentropy,316,2,12,26,37,45,50,53,57,67,71,74,78,90,93,94,100
random_eq,UPmaxentropy,317,2,5,12,13,21,44,45,48,51,56,59,66,69,74,84,97
random_eq,UPmaxentropy,318,14,18,31,32,33,34,38,45,60,63,68,82,86,91,92,98
random_eq,UPmaxentropy,319,1,9,23,26,43,48,58,65,69,71,75,78,79,82,96,100
random_eq,UPmaxentropy,320,3,7,9,10,14,20,30,33,47,57,62,67,68,79,91,99
random_eq,UPmaxentropy,321,4,12,15,21,28,29,42,43,49,56,58,64,66,86,94,98
random_eq,UPmaxentropy,322,1,7,9,11,17,29,31,40,59,62,64,66,72,78,99,100
random_eq,UPmaxentropy,323,2,7,10,13,16,29,38,43,48,49,63,66,76,83,84,100
random_eq,UPmaxentropy,324,1,6,24,35,44,51,62,65,71,72,76,82,83,87,93,98
random_eq,UPmaxentropy,325,8,10,28,29,30,34,40,60,66,67,73,77,88,92,93,99
random_eq,UPmaxentropy,326,4,14,16,26,33,34,35,42,43,46,58,66,68,88,94,98
random_eq,UPmaxentropy,327,2,5,12,15,18,28,32,45,52,55,57,62,64,68,71,73
random_eq,UPmaxentropy,328,1,12,22,31,37,42,43,50,51,59,62,70,72,85,89,94
random_eq,UPmaxentropy,329,9,28,32,37,41,43,56,68,69,75,76,79,87,89,95,96
random_eq,UPmaxentropy,330,4,6,11,16,18,26,35,42,46,48,49,61,72,77,92,95
random_eq,UPmaxentropy,331,2,6,11,16,25,28,36,52,56,59,64,65,69,78,82,93
random_eq,UPmaxentropy,332,2,14,22,25,35,41,46,47,50,60,63,65,80,90,99,100
random_eq,UPmaxentropy,333,6,7,9,15,41,42,43,54,55,61,71,86,89,95,97,98
random_eq,UPmaxentropy,334,1,9,12,13,14,21,24,31,47,51,52,56,60,67,93,99
random_eq,UPmaxentropy,335,2,7,9,15,16,23,37,60,67,71,73,75,77,87,88,99
random_eq,UPmaxentropy,336,10,15,28,32,33,35,40,51,58,59,68,70,75,76,84,95
random_eq,UPmaxentropy,337,10,11,19,20,23,31,41,60,68,71,77,83,84,85,93,98
random_eq,UPmaxentropy,338,15,16,23,43,49,58,74,77,84,88,89,92,93,97,98,99
random_eq,UPmaxentropy,339,2,3,8,12,15,20,21,37,44,61,62,70,72,75,77,84
random_eq,UPmaxentropy,340,9,10,15,18,22,25,26,36,41,43,45,51,67,73,80,89
random_eq,UPmaxentropy,341,5,9,10,11,12,16,19,24,35,40,42,45,52,57,73,99
random_eq,UPmaxentropy,342,3,6,9,30,32,33,36,41,42,47,52,58,64,84,86,96
random_eq,UPmaxentropy,343,2,19,25,33,44,47,48,50,53,54,59,83,84,89,96,97
random_eq,UPmaxentropy,344,3,4,19,20,23,27,36,49,53,54,55,67,71,78,81,92
random_eq,UPmaxentropy,345,8,21,25,30,35,37,38,44,55,64,69,70,83,84,88,93
random_eq,UPmaxentropy,346,10,20,29,35,37,42,65,69,75,85,90,92,93,94,96,97
random_eq,UPmaxentropy,347,1,5,11,14,20,24,27,41,57,58,63,69,70,73,85,97
random_eq,UPmaxentropy,348,8,13,18,46,48,55,57,62,64,66,81,86,89,90,97,99
random_eq,UPmaxentropy,349,13,22,26,27,34,40,42,43,47,48,56,57,75,84,88,90
random_eq,UPmaxentropy,350,1,6,10,15,18,20,23,26,40,45,49,56,57,63,90,92
random_eq,UPmaxentropy,351,6,7,14,15,30,32,33,49,55,57,59,65,79,84,93,98
random_eq,UPmaxentropy,352,2,7,14,34,36,44,47,53,57,60,65,68,72,75,84,96
random_eq,UPmaxentropy,353,3,4,6,11,17,23,34,51,53,58,66,74,75,78,87,98
random_eq,UPmaxentropy,354,3,4,8,15,19,21,24,33,43,52,53,58,70,72,95,96
random_eq,UPmaxentropy,355,2,8,15,19,22,40,44,49,56,62,69,73,76,83,85,86
random_eq,UPmaxentropy,356,9,11,12,25,34,48,50,51,52,55,64,66,70,78,96,100
random_eq,UPmaxentropy,357,6,20,21,22,31,40,46,48,63,67,72,75,87,89,94,96
random_eq,UPmaxentropy,358,7,16,23,24,27,29,33,37,38,48,67,71,73,74,93,97
random_eq,UPmaxentropy,359,6,12,13,16,20,26,27,30,33,35,51,53,65,73,83,96
random_eq,UPmaxentropy,360,3,4,10,13,27,41,45,47,50,51,54,60,71,76,81,96
random_eq,UPmaxentropy,361,8,15,16,23,31,36,43,54,69,71,73,78,86,94,96,98
random_eq,UPmaxentropy,362,8,10,11,17,19,28,37,41,56,63,65,72,74,86,93,100
random_eq,UPmaxentropy,363,11,37,42,44,50,51,59,64,68,69,71,75,84,85,97,99
random_eq,UPmaxentropy,364,2,8,17,21,23,24,28,37,52,62,72,82,90,94,99,100
random_eq,UPmaxentropy,365,1,18,24,26,31,34,43,48,56,60,73,80,92,94,96,99
random_eq,UPmaxentropy,366,9,15,16,33,42,45,59,66,67,78,85,89,90,95,98,99
random_eq,UPmaxentropy,367,1,10,16,25,33,36,37,45,47,60,64,76,83,84,97,100
random_eq,UPmaxentropy,368,4,8,15,20,25,32,51,53,59,68,69,75,80,85,94,95
random_eq,UPmaxentropy,369,1,2,3,6,7,16,18,42,53,60,69,76,77,87,88,95
random_eq,UPmaxentropy,370,10,13,18,22,23,33,42,50,57,68,71,73,81,85,92,93
random_eq,UPmaxentropy,371,4,8,10,11,22,23,24,27,29,39,52,64,71,72,75,97
random_eq,UPmaxentropy,372,10,12,18,21,29,37,41,44,47,49,70,73,80,84,86,92
random_eq,UPmaxentropy,373,3,14,16,34,39,40,48,50,51,65,72,75,83,85,95,99
random_eq,UPmaxentropy,374,4,8,10,12,23,29,38,51,59,61,63,65,67,70,76,99
random_eq,UPmaxentropy,375,9,15,17,19,25,35,43,49,50,60,66,73,75,77,78,95
random_eq,UPmaxentropy,376,1,19,27,33,38,44,45,50,51,52,61,73,74,76,95,99
random_eq,UPmaxentropy,377,10,13,15,19,22,35,37,39,56,57,60,65,73,77,81,94
random_eq,UPmaxentropy,378,4,7,18,28,29,30,42,44,46,67,71,77,78,81,88,91
random_eq,UPmaxentropy,379,18,25,27,31,32,42,48,51,60,65,76,79,87,91,95,97
random_eq,UPmaxentropy,380,8,12,13,14,15,16,20,25,30,38,48,57,70,78,83,96
random_eq,UPmaxentropy,381,1,9,12,26,29,36,41,45,50,56,61,62,65,70,78,85
random_eq,UPmaxentropy,382,12,13,16,19,24,25,33,43,58,73,76,84,89,94,95,99
random_eq,UPmaxentropy,383,3,4,21,22,31,43,45,47,49,59,60,65,79,80,83,95
random_eq,UPmaxentropy,384,5,8,27,29,31,32,36,37,39,46,48,54,55,68,93,100
random_eq,UPmaxentropy,385,3,10,16,29,31,32,57,58,61,62,63,68,74,76,80,83
random_eq,UPmaxentropy,386,1,13,14,28,29,31,35,36,40,50,51,60,61,90,93,94
random_eq,UPmaxentropy,387,8,12,13,16,30,45,47,50,59,64,74,80,81,82,90,96
random_eq,UPmaxentropy,388,7,9,15,22,23,27,32,61,62,63,64,81,88,90,91,96
random_eq,UPmaxentropy,389,2,3,13,14,25,33,43,44,51,54,57,72,80,81,85,92
random_eq,UPmaxentropy,390,4,6,10,14,15,16,17,36,40,54,56,71,72,74,81,90
random_eq,UPmaxentropy,391,3,7,13,17,32,46,47,59,60,62,64,66,73,76,91,94
random_eq,UPmaxentropy,392,10,21,22,26,28,31,56,58,62,65,66,68,70,73,93,95
random_eq,UPmaxentropy,393,12,22,23,25,28,29,36,56,65,71,77,79,81,84,90,96
random_eq,UPmaxentropy,394,3,12,14,24,26,28,33,39,40,41,47,66,69,72,86,90
random_eq,UPmaxentropy,395,20,26,27,28,31,36,52,53,56,59,67,72,74,88,89,99
random_eq,UPmaxentropy,396,6,11,16,26,33,35,43,48,60,65,66,69,79,81,82,98
random_eq,UPmaxentropy,397,2,9,12,16,24,25,29,32,49,58,59,66,72,77,84,87
random_eq,UPmaxentropy,398,7,8,22,30,34,54,56,57,58,62,63,81,88,94,96,98
random_eq,UPmaxentropy,399,8,11,24,33,35,37,40,41,42,44,47,53,56,67,89,91
random_eq,UPmaxentropy,400,2,26,29,30,33,34,37,39,41,50,52,61,66,71,76,80
random_eq,UPmaxentropy,401,1,11,15,19,24,35,37,38,48,49,55,69,78,79,81,88
random_eq,UPmaxentropy,402,7,12,26,27,39,44,54,56,64,67,76,77,82,92,94,97
random_eq,UPmaxentropy,403,6,23,31,32,33,43,55,60,62,76,80,81,85,86,93,97
random_eq,UPmaxentropy,404,7,8,12,14,19,26,27,33,55,65,73,78,84,88,93,96
random_eq,UPmaxentropy,405,1,13,15,16,24,47,59,62,63,69,79,80,92,93,97,100
random_eq,UPmaxentropy,406,3,6,7,18,26,34,37,52,60,65,74,82,88,90,91,94
random_eq,UPmaxentropy,407,1,6,11,13,16,27,30,32,37,43,50,55,65,74,82,83
random_eq,UPmaxentropy,408,2,15,17,22,24,28,46,51,54,56,63,66,71,82,98,100
random_eq,UPmaxentropy,409,3,10,27,30,37,47,49,67,68,70,71,73,83,90,92,94
random_eq,UPmaxentropy,410,1,4,17,18,23,24,36,39,48,49,65,67,71,82,85,86
random_eq,UPmaxentropy,411,5,6,11,13,15,22,23,37,46,60,64,72,75,83,89,97
random_eq,UPmaxentropy,412,5,6,9,10,13,49,53,54,58,59,61,63,71,82,92,100
random_eq,UPmaxentropy,413,4,19,37,38,41,43,48,53,58,59,65,66,67,81,83,92
random_eq,UPmaxentropy,414,5,9,14,19,22,30,33,37,38,44,48,57,66,72,81,83
random_eq,UPmaxentropy,415,11,23,27,33,37,49,50,60,66,77,78,88,93,94,96,98
random_eq,UPmaxentropy,416,6,8,15,34,36,43,52,56,59,62,80,82,83,91,94,98
random_eq,UPmaxentropy,417,18,19,21,26,28,37,44,47,53,56,57,59,61,65,71,89
random_eq,UPmaxentropy,418,13,15,18,27,28,30,32,38,45,48,56,75,81,95,97,100
random_eq,UPmaxentropy,419,10,11,12,15,16,20,26,48,49,50,55,64,77,85,87,91
random_eq,UPmaxentropy,420,10,20,26,28,29,34,41,56,66,69,74,78,83,85,87,100
random_eq,UPmaxentropy,421,2,3,29,30,33,41,43,48,50,52,55,58,66,71,79,96
random_eq,UPmaxentropy,422,3,11,19,20,27,30,49,56,57,63,70,77,80,93,96,100
random_eq,UPmaxentropy,423,1,24,28,34,39,45,51,55,62,63,71,81,82,86,87,93
random_eq,UPmaxentropy,424,6,13,22,28,36,42,49,54,57,63,69,81,84,86,88,95
random_eq,UPmaxentropy,425,2,3,14,22,37,48,50,54,62,76,79,82,83,86,91,95
random_eq,UPmaxentropy,426,4,8,19,31,46,49,52,55,61,63,64,75,89,90,91,97
random_eq,UPmaxentropy,427,16,30,46,52,56,57,65,68,73,75,83,87,89,92,93,98
random_eq,UPmaxentropy,428,14,26,27,30,31,35,36,40,45,55,57,59,61,62,72,100
random_eq,UPmaxentropy,429,4,12,14,15,21,33,34,36,37,53,75,79,82,85,92,93
random_eq,UPmaxentropy,430,6,13,15,30,44,46,52,57,59,61,62,70,71,74,85,98
random_eq,UPmaxentropy,431,8,9,17,18,38,41,43,44,53,58,61,63,70,74,85,90
random_eq,UPmaxentropy,432,2,7,9,18,43,44,46,50,52,53,65,82,87,95,96,97
random_eq,UPmaxentropy,433,4,8,12,14,17,18,20,38,41,44,57,58,60,74,90,100
random_eq,UPmaxentropy,434,12,15,16,17,18,32,48,57,58,60,66,74,85,88,92,97
random_eq,UPmaxentropy,435,3,5,9,10,13,17,19,20,23,25,31,45,71,73,89,100
random_eq,UPmaxentropy,436,8,9,13,15,21,25,32,42,46,53,65,66,67,75,78,100
random_eq,UPmaxentropy,437,1,7,12,22,29,30,38,41,55,56,68,78,82,91,96,100
random_eq,UPmaxentropy,438,4,6,8,15,27,28,30,33,35,43,47,61,70,88,94,98
random_eq,UPmaxentropy,439,1,2,6,11,29,42,45,62,68,72,76,85,90,91,92,97
random_eq,UPmaxentropy,440,7,10,29,35,36,44,45,53,63,69,81,82,87,93,96,100
random_eq,UPmaxentropy,441,2,5,8,22,26,30,38,46,48,62,67,80,81,85,94,99
random_eq,UPmaxentropy,442,1,2,12,13,14,19,22,42,45,61,62,69,73,74,90,93
random_eq,UPmaxentropy,443,3,4,12,35,38,41,45,46,48,56,62,65,72,86,92,98
random_eq,UPmaxentropy,444,13,18,27,38,41,47,52,58,59,65,72,75,76,77,84,87
random_eq,UPmaxentropy,445,1,8,9,31,33,34,35,44,49,56,76,83,86,88,89,96
random_eq,UPmaxentropy,446,6,14,18,28,30,39,42,43,46,49,51,74,79,80,81,98
random_eq,UPmaxentropy,447,3,7,24,26,29,31,40,49,54,70,72,74,79,82,84,97
random_eq,UPmaxentropy,448,16,17,22,24,29,34,36,37,43,44,52,55,62,71,84,95
random_eq,UPmaxentropy,449,5,20,23,28,30,32,60,63,69,71,72,76,79,85,89,95
random_eq,UPmaxentropy,450,5,12,17,19,27,33,36,43,48,61,71,75,76,77,85,87
random_eq,UPmaxentropy,451,20,33,44,46,47,60,64,66,77,80,83,85,88,89,91,95
random_eq,UPmaxentropy,452,15,18,23,26,28,36,37,47,48,52,64,66,67,74,93,100
random_eq,UPmaxentropy,453,1,5,14,15,24,25,34,37,47,49,53,62,64,77,78,82
random_eq,UPmaxentropy,454,7,16,25,33,39,60,61,65,68,69,73,75,80,84,87,97
random_eq,UPmaxentropy,455,10,13,19,21,29,33,39,46,52,53,58,61,75,77,91,94
random_eq,UPmaxentropy,456,7,8,11,20,29,33,39,46,51,61,74,77,78,80,88,99
random_eq,UPmaxentropy,457,1,4,12,34,42,45,55,56,58,72,76,78,82,86,88,91
random_eq,UPmaxentropy,458,6,9,16,21,22,47,50,52,54,55,67,68,73,84,92,96
random_eq,UPmaxentropy,459,13,14,15,24,25,27,46,50,57,76,80,81,85,89,93,95
random_eq,UPmaxentropy,460,6,12,24,27,50,52,61,65,68,70,83,84,88,90,93,100
random_eq,UPmaxentropy,461,1,7,10,11,13,14,29,30,52,59,64,71,72,75,77,93
random_eq,UPmaxentropy,462,1,9,12,20,21,23,26,39,41,47,55,60,63,81,92,96
random_eq,UPmaxentropy,463,12,14,15,16,23,30,46,48,51,61,77,81,84,87,89,98
random_eq,UPmaxentropy,464,3,28,35,42,43,45,59,63,64,66,68,75,76,85,92,97
random_eq,UPmaxentropy,465,5,7,12,15,19,33,41,43,67,68,69,71,73,88,89,94
random_eq,UPmaxentropy,466,6,19,22,30,33,35,44,45,62,64,75,86,87,88,90,94
random_eq,UPmaxentropy,467,6,9,11,30,37,42,44,61,75,77,83,87,88,93,99,100
random_eq,UPmaxentropy,468,4,15,23,33,50,52,57,60,63,68,71,72,85,86,93,96
random_eq,UPmaxentropy,469,13,21,23,26,36,45,47,53,61,62,70,72,85,88,95,100
random_eq,UPmaxentropy,470,22,24,37,41,43,44,46,47,48,49,51,55,73,77,80,91
random_eq,UPmaxentropy,471,7,11,42,43,44,50,51,52,57,61,62,63,73,74,95,98
random_eq,UPmaxentropy,472,3,14,23,28,30,37,46,47,48,60,66,71,75,78,81,84
random_eq,UPmaxentropy,473,8,9,11,34,38,39,41,45,51,52,53,58,70,79,83,99
random_eq,UPmaxentropy,474,13,19,22,24,29,30,43,50,52,64,67,73,76,80,96,99
random_eq,UPmaxentropy,475,7,8,16,19,23,30,32,40,52,68,78,81,84,86,91,96
random_eq,UPmaxentropy,476,2,10,11,14,29,38,42,43,46,49,54,57,65,69,70,100
random_eq,UPmaxentropy,477,12,13,15,16,22,30,31,36,42,48,55,58,61,69,73,84
random_eq,UPmaxentropy,478,3,8,11,12,16,21,37,38,54,61,72,77,90,95,96,97
random_eq,UPmaxentropy,479,2,15,22,25,26,33,34,35,37,44,46,51,55,64,72,85
random_eq,UPmaxentropy,480,7,17,20,28,34,40,46,54,62,66,70,75,79,81,95,98
random_eq,UPmaxentropy,481,12,24,28,30,43,46,56,60,63,64,66,70,78,86,87,92
random_eq,UPmaxentropy,482,7,8,9,11,22,28,30,31,59,64,69,71,77,79,81,92
random_eq,UPmaxentropy,483,6,13,14,20,22,24,28,30,36,48,54,62,63,74,82,87
random_eq,UPmaxentropy,484,4,9,13,24,26,30,38,40,42,49,65,67,70,73,81,91
random_eq,UPmaxentropy,485,10,11,12,15,32,38,39,40,46,58,62,65,67,78,90,97
random_eq,UPmaxentropy,486,7,8,11,12,20,24,29,35,36,41,46,57,75,84,88,96
random_eq,UPmaxentropy,487,5,6,8,31,36,41,44,45,62,64,66,68,76,90,92,97
random_eq,UPmaxentropy,488,5,10,11,20,23,27,46,54,59,68,75,90,91,92,96,97
random_eq,UPmaxentropy,489,3,9,10,11,15,16,25,47,62,71,74,79,81,85,93,94
random_eq,UPmaxentropy,490,1,4,12,21,22,26,30,44,53,57,63,69,77,85,93,97
random_eq,UPmaxentropy,491,20,21,24,25,31,35,40,49,64,66,70,78,79,95,96,100
random_eq,UPmaxentropy,492,5,10,13,19,28,40,51,54,59,62,75,77,87,90,93,97
random_eq,UPmaxentropy,493,3,4,6,9,16,20,22,23,25,28,49,59,90,92,98,100
random_eq,UPmaxentropy,494,5,7,26,27,28,31,32,35,38,42,43,58,62,68,85,99
random_eq,UPmaxentropy,495,1,15,25,38,40,50,51,57,61,64,65,68,69,72,75,100
random_eq,UPmaxentropy,496,2,5,8,22,23,36,46,49,50,55,61,62,72,81,90,93
random_eq,UPmaxentropy,497,10,15,20,46,47,48,53,54,65,74,76,78,82,83,91,99
random_eq,UPmaxentropy,498,14,18,30,31,32,40,50,55,58,59,62,67,68,72,90,98
random_eq,UPmaxentropy,499,2,13,34,41,42,54,63,67,68,74,76,78,80,82,88,89
random_eq,UPmaxentropy,500,2,7,19,20,21,48,49,56,66,70,72,79,80,82,87,93
random_eq,UPmaxentropy,501,1,2,3,5,15,18,20,21,22,24,47,50,62,63,79,92
random_eq,UPmaxentropy,502,2,5,15,23,24,33,41,42,62,63,67,70,73,78,85,91
random_eq,UPmaxentropy,503,7,12,16,21,22,27,34,37,38,52,56,62,65,83,91,97
random_eq,UPmaxentropy,504,4,12,40,43,47,54,58,59,69,80,82,86,88,90,93,97
random_eq,UPmaxentropy,505,2,13,16,19,22,23,27,28,44,45,56,81,83,87,96,100
random_eq,UPmaxentropy,506,6,8,14,18,21,25,34,40,45,51,64,70,76,80,82,87
random_eq,UPmaxentropy,507,9,19,25,41,46,48,49,50,56,57,67,71,75,81,88,90
random_eq,UPmaxentropy,508,23,25,26,32,34,40,45,53,54,57,69,84,88,89,97,100
random_eq,UPmaxentropy,509,2,8,13,36,46,50,59,70,72,80,92,93,94,96,98,99
random_eq,UPmaxentropy,510,5,7,18,31,34,46,48,49,51,56,59,60,71,81,89,93
random_eq,UPmaxentropy,511,1,11,23,30,31,35,36,51,68,69,73,79,90,93,96,97
random_eq,UPmaxentropy,512,5,8,16,18,35,38,42,46,54,60,61,65,69,82,88,93
random_eq,UPmaxentropy,513,7,8,11,20,25,37,50,54,55,56,57,73,84,85,92,100
random_eq,UPmaxentropy,514,2,5,8,12,20,23,30,33,36,49,50,54,72,82,84,95
random_eq,UPmaxentropy,515,8,16,18,30,43,47,49,59,65,66,68,76,82,83,90,92
random_eq,UPmaxentropy,516,2,7,10,18,20,21,33,34,37,39,43,50,52,80,86,100
random_eq,UPmaxentropy,517,7,15,20,21,23,29,31,44,45,47,50,55,69,73,78,100
random_eq,UPmaxentropy,518,2,16,17,18,34,45,47,52,54,57,58,62,75,90,97,98
random_eq,UPmaxentropy,519,5,7,11,12,15,19,29,39,44,53,58,59,66,74,86,89
random_eq,UPmaxentropy,520,4,14,31,34,49,57,60,69,72,78,79,81,84,92,94,97
random_eq,UPmaxentropy,521,3,15,17,24,31,33,40,43,45,62,74,83,86,87,96,100
random_eq,UPmaxentropy,522,2,9,25,30,33,34,42,46,49,53,60,62,68,77,84,97
random_eq,UPmaxentropy,523,1,3,9,12,14,16,21,33,52,70,72,75,81,83,89,96
random_eq,UPmaxentropy,524,5,9,18,35,36,38,48,51,58,62,63,68,73,81,82,83
random_eq,UPmaxentropy,525,14,15,24,25,27,35,40,43,44,49,59,81,83,85,87,91
random_eq,UPmaxentropy,526,4,7,9,13,24,35,39,48,54,55,57,61,67,68,86,90
random_eq,UPmaxentropy,527,2,21,22,32,51,56,59,61,67,69,73,75,77,93,94,98
random_eq,UPmaxentropy,528,2,9,14,21,23,30,40,56,59,65,75,87,88,89,92,93
random_eq,UPmaxentropy,529,2,16,24,33,38,42,45,48,58,62,74,85,86,89,95,98
random_eq,UPmaxentropy,530,6,9,22,27,38,39,42,45,47,54,62,71,74,82,85,89
random_eq,UPmaxentropy,531,3,18,28,32,37,43,54,63,75,77,80,87,88,91,95,96
random_eq,UPmaxentropy,532,23,25,26,28,35,46,48,50,56,72,78,85,86,88,98,100
random_eq,UPmaxentropy,533,4,7,9,16,33,39,50,58,63,65,69,77,78,80,81,93
random_eq,UPmaxentropy,534,10,13,19,33,34,44,45,46,52,60,66,70,77,83,93,96
random_eq,UPmaxentropy,535,1,14,18,22,23,25,26,30,33,40,57,59,62,69,82,85
random_eq,UPmaxentropy,536,8,13,15,26,30,31,34,39,41,48,52,64,76,90,93,98
random_eq,UPmaxentropy,537,2,4,8,10,21,27,29,32,42,47,49,54,75,78,81,96
random_eq,UPmaxentropy,538,3,5,8,14,15,20,22,41,43,54,56,64,66,81,96,97
random_eq,UPmaxentropy,539,4,13,20,30,38,41,45,50,52,55,59,61,69,84,86,100
random_eq,UPmaxentropy,540,10,19,21,23,24,25,28,31,36,39,44,52,67,69,95,96
random_eq,UPmaxentropy,541,14,17,19,30,31,32,43,49,51,54,65,69,73,81,92,93
random_eq,UPmaxentropy,542,4,7,19,21,30,35,50,51,53,55,62,74,77,93,96,97
random_eq,UPmaxentropy,543,12,19,20,22,24,25,27,35,49,50,71,77,82,83,90,92
random_eq,UPmaxentropy,544,1,3,7,24,26,34,46,49,56,68,73,74,75,76,89,91
random_eq,UPmaxentropy,545,8,10,19,31,32,52,57,60,62,63,67,80,82,86,88,89
random_eq,UPmaxentropy,546,7,11,17,21,23,24,31,35,41,44,45,46,72,78,82,83
random_eq,UPmaxentropy,547,2,4,10,20,26,43,44,50,54,56,60,64,77,78,82,95
random_eq,UPmaxentropy,548,8,15,16,17,35,37,43,49,52,62,77,83,85,87,92,95
random_eq,UPmaxentropy,549,3,7,8,11,19,32,35,44,50,51,54,65,67,71,94,99
random_eq,UPmaxentropy,550,9,10,17,26,31,34,55,65,67,71,85,86,94,97,98,100
random_eq,UPmaxentropy,551,3,25,26,31,47,66,68,70,71,74,78,87,90,93,95,96
random_eq,UPmaxentropy,552,4,15,21,31,33,34,38,48,53,54,59,60,68,70,75,86
random_eq,UPmaxentropy,553,11,13,20,22,27,28,32,35,37,38,45,47,66,89,95,99
random_eq,UPmaxentropy,554,5,6,7,32,34,36,41,45,46,59,72,73,88,91,95,99
random_eq,UPmaxentropy,555,3,5,12,16,23,25,35,38,41,59,63,65,76,85,88,100
random_eq,UPmaxentropy,556,2,3,6,11,18,26,45,53,55,58,71,74,78,81,85,97
random_eq,UPmaxentropy,557,3,16,19,32,42,43,52,56,62,73,75,77,85,86,92,93
random_eq,UPmaxentropy,558,4,9,14,17,19,29,41,45,54,63,65,67,73,81,95,97
random_eq,UPmaxentropy,559,2,9,15,20,27,34,39,45,48,54,57,60,64,81,97,98
random_eq,UPmaxentropy,560,6,34,38,41,43,46,60,62,64,65,67,73,80,84,91,93
random_eq,UPmaxentropy,561,2,19,24,26,29,38,46,48,54,55,66,73,77,80,92,99
random_eq,UPmaxentropy,562,3,9,13,19,23,29,39,40,43,51,57,63,70,74,80,81
random_eq,UPmaxentropy,563,8,10,11,14,17,23,24,40,53,69,71,73,77,87,93,95
random_eq,UPmaxentropy,564,8,11,17,18,19,20,34,38,49,54,56,69,71,76,98,99
random_eq,UPmaxentropy,565,4,6,19,27,29,33,39,46,47,64,66,74,79,87,93,95
random_eq,UPmaxentropy,566,9,12,14,20,21,22,32,35,36,50,52,70,74,75,76,95
random_eq,UPmaxentropy,567,1,9,22,25,27,45,55,61,72,75,80,84,95,97,98,99
random_eq,UPmaxentropy,568,1,9,16,20,26,36,39,40,50,56,57,62,70,80,95,100
random_eq,UPmaxentropy,569,6,7,13,15,21,23,32,34,38,47,50,67,74,79,87,95
random_eq,UPmaxentropy,570,8,15,25,27,29,32,35,40,47,59,64,68,75,76,82,89
random_eq,UPmaxentropy,571,20,22,32,33,46,47,53,54,57,58,60,72,87,89,92,95
random_eq,UPmaxentropy,572,10,14,22,27,30,41,49,54,56,61,78,79,80,86,87,94
random_eq,UPmaxentropy,573,1,5,8,13,23,31,38,47,55,56,70,73,74,75,84,98
random_eq,UPmaxentropy,574,5,20,21,25,28,42,48,50,58,62,72,77,84,90,92,96
random_eq,UPmaxentropy,575,14,27,29,32,38,39,42,44,65,77,79,83,84,93,98,99
random_eq,UPmaxentropy,576,1,6,12,13,15,19,23,28,32,40,42,45,63,89,93,98
random_eq,UPmaxentropy,577,1,6,7,9,24,29,34,40,63,81,82,85,86,92,94,100
random_eq,UPmaxentropy,578,12,13,19,24,37,40,42,46,48,74,75,89,90,91,92,96
random_eq,UPmaxentropy,579,6,17,18,23,24,25,35,36,37,46,59,65,74,84,88,94
random_eq,UPmaxentropy,580,1,3,11,23,31,33,38,40,44,58,66,69,82,84,85,96
random_eq,UPmaxentropy,581,8,9,14,18,20,26,40,43,44,57,74,77,78,79,93,96
random_eq,UPmaxentropy,582,15,16,22,40,41,44,45,54,63,65,67,69,72,80,92,93
random_eq,UPmaxentropy,583,12,16,27,31,34,43,47,49,60,66,76,77,80,88,95,98
random_eq,UPmaxentropy,584,12,25,32,35,36,37,42,48,54,64,68,73,79,86,95,96
random_eq,UPmaxentropy,585,4,8,13,14,19,23,24,28,38,46,58,71,72,76,94,97
random_eq,UPmaxentropy,586,3,4,8,21,30,42,49,55,56,57,66,71,74,89,91,92
random_eq,UPmaxentropy,587,5,6,7,9,14,23,30,36,40,49,51,66,71,87,90,91
random_eq,UPmaxentropy,588,9,22,25,27,44,45,63,69,76,77,80,89,91,93,96,97
random_eq,UPmaxentropy,589,3,21,27,28,41,44,49,55,56,61,65,73,74,79,92,98
random_eq,UPmaxentropy,590,2,10,14,20,29,33,40,61,63,65,66,70,83,89,94,97
random_eq,UPmaxentropy,591,4,9,12,16,21,28,40,42,46,50,51,52,53,74,76,89
random_eq,UPmaxentropy,592,3,7,16,26,30,31,33,40,41,44,54,61,68,69,86,87
random_eq,UPmaxentropy,593,8,17,19,21,31,46,52,53,57,61,64,66,71,73,85,92
random_eq,UPmaxentropy,594,1,2,6,12,16,18,20,34,45,46,47,56,59,65,74,95
random_eq,UPmaxentropy,595,9,17,18,29,31,39,45,47,49,59,62,78,79,80,91,99
random_eq,UPmaxentropy,596,3,5,11,15,37,42,59,63,68,71,72,74,78,91,96,98
random_eq,UPmaxentropy,597,3,5,13,39,50,53,59,61,67,74,75,76,87,88,89,90
random_eq,UPmaxentropy,598,31,32,41,43,45,47,51,52,58,59,62,63,72,82,92,96
random_eq,UPmaxentropy,599,15,22,28,37,40,44,45,59,63,65,75,77,83,84,92,95
random_eq,UPmaxentropy,600,1,5,8,18,26,29,36,38,50,56,76,80,82,85,89,91
random_eq,UPmaxentropy,601,11,18,20,23,25,28,36,37,40,42,48,50,66,67,68,70
random_eq,UPmaxentropy,602,13,15,17,23,26,27,40,50,54,57,62,71,73,74,76,86
random_eq,UPmaxentropy,603,2,9,27,31,34,35,37,41,48,63,67,68,82,85,94,97
random_eq,UPmaxentropy,604,12,26,42,47,48,50,51,56,62,68,72,74,79,90,91,94
random_eq,UPmaxentropy,605,3,7,19,22,26,29,45,48,49,50,57,60,71,73,77,92
random_eq,UPmaxentropy,606,4,15,16,28,31,46,56,58,60,61,67,80,82,87,88,97
random_eq,UPmaxentropy,607,2,6,20,26,34,41,50,54,66,68,72,74,82,94,96,100
random_eq,UPmaxentropy,608,5,12,16,18,22,27,32,33,39,42,44,51,64,81,87,98
random_eq,UPmaxentropy,609,12,15,24,26,35,48,50,52,54,67,70,77,80,86,94,98
random_eq,UPmaxentropy,610,15,16,19,24,31,42,49,51,60,68,72,73,75,79,90,95
random_eq,UPmaxentropy,611,12,14,15,25,30,31,32,33,45,53,61,62,72,86,97,99
random_eq,UPmaxentropy,612,3,4,9,12,13,16,18,25,36,40,45,59,65,79,81,85
random_eq,UPmaxentropy,613,3,8,9,18,21,38,40,47,68,70,74,77,82,85,92,98
random_eq,UPmaxentropy,614,5,7,25,26,29,30,34,42,43,62,66,67,72,74,93,94
random_eq,UPmaxentropy,615,5,7,12,15,17,18,22,26,31,36,60,74,76,77,89,98
random_eq,UPmaxentropy,616,13,14,17,22,30,46,49,53,54,57,61,67,71,76,81,86
random_eq,UPmaxentropy,617,8,12,13,24,35,38,41,49,50,51,65,66,70,74,75,82
random_eq,UPmaxentropy,618,13,20,22,24,25,26,43,56,57,66,70,79,85,91,98,99
random_eq,UPmaxentropy,619,12,18,37,40,49,56,58,61,64,66,69,72,82,87,90,98
random_eq,UPmaxentropy,620,4,5,9,12,42,44,46,54,56,58,74,76,89,91,96,100
random_eq,UPmaxentropy,621,9,13,15,16,17,34,35,47,49,55,59,60,64,68,70,75
random_eq,UPmaxentropy,622,4,11,26,27,34,39,40,43,44,55,77,82,84,87,92,96
random_eq,UPmaxentropy,623,7,10,11,18,23,27,30,40,41,45,57,58,65,75,79,95
random_eq,UPmaxentropy,624,2,13,19,32,35,36,40,45,50,53,64,76,80,81,84,97
random_eq,UPmaxentropy,625,2,6,8,9,24,25,31,34,35,38,39,48,52,55,71,94
random_eq,UPmaxentropy,626,5,10,11,17,21,37,42,44,45,56,57,65,69,73,83,85
random_eq,UPmaxentropy,627,2,14,15,22,30,32,33,43,44,48,57,60,72,79,81,97
random_eq,UPmaxentropy,628,1,5,10,14,17,23,37,41,51,52,61,69,86,89,96,98
random_eq,UPmaxentropy,629,8,10,17,20,31,36,41,52,54,57,63,67,70,78,86,97
random_eq,UPmaxentropy,630,1,18,22,29,46,47,56,59,67,68,71,78,90,91,97,99
random_eq,UPmaxentropy,631,7,17,19,26,29,31,34,35,42,62,66,77,81,83,94,98
random_eq,UPmaxentropy,632,2,3,8,23,26,36,43,56,57,58,66,69,85,86,91,93
random_eq,UPmaxentropy,633,8,19,20,23,25,30,33,36,47,51,59,66,67,75,85,94
random_eq,UPmaxentropy,634,2,12,21,25,27,30,33,48,59,62,63,69,71,74,76,93
random_eq,UPmaxentropy,635,9,10,13,18,21,27,37,41,46,61,69,80,83,86,88,99
random_eq,UPmaxentropy,636,17,27,38,47,49,54,55,64,66,74,78,92,94,98,99,100
random_eq,UPmaxentropy,637,7,8,12,20,21,22,50,58,60,63,65,69,86,93,96,100
random_eq,UPmaxentropy,638,1,11,13,27,29,30,38,40,46,62,65,70,79,86,89,90
random_eq,UPmaxentropy,639,11,20,30,43,44,49,50,65,70,75,76,79,89,96,97,98
random_eq,UPmaxentropy,640,1,13,14,41,48,50,54,58,62,65,70,73,74,75,87,91
random_eq,UPmaxentropy,641,8,11,15,23,27,29,32,41,48,52,68,70,73,80,81,99
random_eq,UPmaxentropy,642,3,7,8,13,18,24,32,42,47,52,66,84,85,92,94,97
random_eq,UPmaxentropy,643,1,2,9,15,29,36,38,43,44,68,75,79,81,82,98,99
random_eq,UPmaxentropy,644,11,15,16,26,28,29,31,33,38,55,60,62,74,78,81,85
random_eq,UPmaxentropy,645,6,7,12,13,30,36,40,53,56,57,66,73,86,89,91,99
random_eq,UPmaxentropy,646,7,11,22,34,35,42,46,50,70,72,75,79,82,93,95,99
random_eq,UPmaxentropy,647,2,8,21,34,38,43,51,56,60,66,68,73,75,83,95,97
random_eq,UPmaxentropy,648,5,6,7,21,23,29,35,40,41,48,67,75,78,87,89,99
random_eq,UPmaxentropy,649,1,6,15,17,20,21,22,40,49,57,73,74,77,80,88,98
random_eq,UPmaxentropy,650,8,10,15,17,33,37,42,50,52,70,77,85,89,90,92,93
random_eq,UPmaxentropy,651,5,6,14,31,38,44,45,46,48,49,55,58,62,67,85,91
random_eq,UPmaxentropy,652,2,4,8,17,22,23,35,47,50,52,67,68,69,80,88,91
random_eq,UPmaxentropy,653,9,16,18,19,22,25,35,44,45,55,58,59,60,67,75,98
random_eq,UPmaxentropy,654,5,9,11,15,22,27,28,43,61,63,65,71,72,79,87,95
random_eq,UPmaxentropy,655,20,25,26,32,36,41,49,51,72,74,77,78,80,84,92,97
random_eq,UPmaxentropy,656,4,5,14,16,26,35,38,44,53,61,64,73,74,77,88,99
random_eq,UPmaxentropy,657,16,17,19,29,31,43,46,49,57,60,64,76,80,85,91,92
random_eq,UPmaxentropy,658,16,17,20,32,40,43,44,59,60,61,64,73,79,81,86,89
random_eq,UPmaxentropy,659,6,10,12,25,27,31,33,48,49,50,61,65,66,77,88,95
random_eq,UPmaxentropy,660,1,3,9,14,21,25,33,48,54,63,71,74,83,85,91,97
random_eq,UPmaxentropy,661,4,8,9,11,21,22,24,26,29,67,70,75,81,85,97,99
random_eq,UPmaxentropy,662,2,5,8,17,18,20,51,56,58,62,71,76,80,87,89,94
random_eq,UPmaxentropy,663,10,11,13,22,46,50,53,59,65,70,78,80,89,95,97,99
random_eq,UPmaxentropy,664,7,12,19,24,28,31,37,47,48,58,59,63,70,75,91,98
random_eq,UPmaxentropy,665,19,20,37,39,41,43,47,52,65,74,77,81,88,95,96,97
random_eq,UPmaxentropy,666,1,5,7,8,13,14,19,37,54,64,67,75,86,92,93,99
random_eq,UPmaxentropy,667,3,14,24,29,30,32,46,50,57,63,69,71,92,95,96,99
random_eq,UPmaxentropy,668,1,2,21,33,34,44,47,53,61,71,78,88,90,92,96,99
random_eq,UPmaxentropy,669,1,4,24,27,31,47,49,54,58,62,64,66,67,72,98,100
random_eq,UPmaxentropy,670,1,15,17,20,24,31,40,51,56,57,62,65,66,69,71,74
random_eq,UPmaxentropy,671,2,13,16,19,21,24,25,40,41,55,61,77,89,92,98,99
random_eq,UPmaxentropy,672,9,11,13,26,31,34,44,55,56,61,63,84,89,91,93,94
random_eq,UPmaxentropy,673,2,6,13,17,18,27,40,43,56,59,75,76,78,88,95,97
random_eq,UPmaxentropy,674,1,15,29,37,45,51,52,56,61,78,79,80,90,92,93,98
random_eq,UPmaxentropy,675,3,5,6,8,9,15,32,34,44,53,59,61,63,66,83,86
random_eq,UPmaxentropy,676,20,23,36,40,44,46,49,52,55,59,62,69,78,88,95,100
random_eq,UPmaxentropy,677,8,9,13,19,35,45,46,47,59,62,70,73,74,91,94,96
random_eq,UPmaxentropy,678,15,18,20,26,35,42,50,59,62,66,68,72,84,88,95,97
random_eq,UPmaxentropy,679,13,21,24,25,39,42,43,56,62,72,80,83,84,94,97,98
random_eq,UPmaxentropy,680,7,14,16,20,22,33,44,58,63,64,65,67,74,78,84,92
random_eq,UPmaxentropy,681,1,4,5,14,17,23,24,32,39,47,71,75,76,84,91,93
random_eq,UPmaxentropy,682,2,11,13,18,29,30,42,48,51,63,65,76,85,88,95,99
random_eq,UPmaxentropy,683,2,8,21,29,44,51,52,57,59,61,74,77,80,82,98,100
random_eq,UPmaxentropy,684,3,5,9,24,31,32,41,45,63,65,68,78,84,87,92,94
random_eq,UPmaxentropy,685,4,10,15,16,19,28,33,36,37,65,73,86,87,88,93,94
random_eq,UPmaxentropy,686,2,10,12,14,18,23,33,44,51,60,61,62,77,84,86,87
random_eq,UPmaxentropy,687,4,6,14,17,24,33,35,43,49,72,74,79,81,89,98,100
random_eq,UPmaxentropy,688,3,4,6,12,25,29,38,49,54,57,59,75,76,77,90,91
random_eq,UPmaxentropy,689,7,16,17,23,30,37,51,63,73,75,78,79,82,91,96,97
random_eq,UPmaxentropy,690,2,3,8,11,13,14,36,56,59,61,73,75,80,81,89,93
random_eq,UPmaxentropy,691,4,7,15,17,30,31,33,42,50,55,57,59,62,84,87,88
random_eq,UPmaxentropy,692,12,16,17,47,50,58,65,66,72,75,76,78,80,83,84,100
random_eq,UPmaxentropy,693,1,19,34,41,52,59,65,70,79,81,88,92,93,95,96,99
random_eq,UPmaxentropy,694,13,14,15,16,19,22,23,34,36,39,43,51,54,81,82,92
random_eq,UPmaxentropy,695,14,19,21,29,30,40,59,60,65,66,74,77,82,88,93,96
random_eq,UPmaxentropy,696,4,10,11,15,17,26,38,45,51,59,75,82,83,86,91,97
random_eq,UPmaxentropy,697,1,3,6,38,41,43,54,57,67,68,71,78,81,86,90,92
random_eq,UPmaxentropy,698,3,4,17,36,50,57,66,68,71,73,76,82,85,91,94,100
random_eq,UPmaxentropy,699,6,23,27,30,36,39,42,43,45,51,57,60,61,64,85,96
random_eq,UPmaxentropy,700,8,10,15,22,26,47,51,57,63,65,71,79,81,83,84,99
random_eq,UPmaxentropy,701,9,11,21,27,44,52,56,67,69,71,72,73,78,79,89,92
random_eq,UPmaxentropy,702,14,19,22,26,29,36,38,40,59,64,68,75,78,81,85,92
random_eq,UPmaxentropy,703,11,14,16,24,28,30,34,37,40,42,43,52,58,89,92,97
random_eq,UPmaxentropy,704,16,17,18,22,23,24,34,37,39,41,59,60,68,78,89,93
random_eq,UPmaxentropy,705,7,8,36,41,50,51,64,71,73,74,75,81,86,88,96,97
random_eq,UPmaxentropy,706,14,15,23,25,37,44,48,52,64,74,78,81,91,95,98,99
random_eq,UPmaxentropy,707,6,15,17,20,22,27,28,39,40,59,60,74,80,85,94,96
random_eq,UPmaxentropy,708,1,8,14,15,33,34,38,43,44,45,49,52,67,70,84,97
random_eq,UPmaxentropy,709,5,16,19,22,35,42,48,50,51,54,55,57,65,72,73,77
random_eq,UPmaxentropy,710,3,7,11,16,17,19,20,28,50,51,60,61,62,72,77,90
random_eq,UPmaxentropy,711,6,12,20,28,29,37,43,50,51,60,65,83,85,86,88,96
random_eq,UPmaxentropy,712,8,12,17,27,41,42,47,51,52,58,70,75,78,81,84,99
random_eq,UPmaxentropy,713,6,11,18,26,41,42,54,55,59,61,66,71,75,88,90,97
random_eq,UPmaxentropy,714,17,27,28,30,38,51,55,57,58,59,63,69,73,77,85,94
random_eq,UPmaxentropy,715,10,11,22,27,35,36,42,52,56,59,61,83,90,91,93,99
random_eq,UPmaxentropy,716,3,4,9,14,46,48,51,53,54,55,63,64,69,81,98,99
random_eq,UPmaxentropy,717,2,15,25,41,42,47,48,49,51,52,58,59,65,70,83,87
random_eq,UPmaxentropy,718,2,6,18,26,30,41,42,43,47,60,63,71,76,83,85,90
random_eq,UPmaxentropy,719,1,3,21,27,32,40,44,51,54,58,65,71,78,81,88,99
random_eq,UPmaxentropy,720,10,17,18,21,28,29,34,38,50,53,70,77,85,92,94,97
random_eq,UPmaxentropy,721,2,16,20,28,30,32,33,57,68,70,75,76,78,82,92,96
random_eq,UPmaxentropy,722,2,9,15,22,60,64,65,76,78,81,85,87,91,92,95,99
random_eq,UPmaxentropy,723,10,24,30,33,34,35,53,55,61,66,67,76,77,87,88,95
random_eq,UPmaxentropy,724,19,26,27,34,36,42,44,48,54,60,62,64,78,86,97,98
random_eq,UPmaxentropy,725,3,7,10,18,19,34,37,52,58,64,65,69,79,85,89,100
random_eq,UPmaxentropy,726,1,8,12,18,20,23,33,42,45,47,60,81,84,90,97,100
random_eq,UPmaxentropy,727,11,12,18,31,41,47,51,52,54,65,70,73,75,78,84,98
random_eq,UPmaxentropy,728,1,12,19,23,24,29,42,45,47,56,64,67,75,77,85,95
random_eq,UPmaxentropy,729,2,3,6,8,11,27,30,34,62,65,70,78,83,85,92,100
random_eq,UPmaxentropy,730,1,3,9,25,29,33,38,48,58,70,73,76,77,79,84,87
random_eq,UPmaxentropy,731,2,3,16,22,25,27,39,45,50,57,66,72,78,89,90,94
random_eq,UPmaxentropy,732,1,3,10,41,43,50,57,67,77,85,87,89,90,93,95,98
random_eq,UPmaxentropy,733,1,18,28,38,48,53,55,61,65,67,68,71,80,83,94,99
random_eq,UPmaxentropy,734,3,5,9,17,22,39,48,65,67,75,80,83,85,88,93,100
random_eq,UPmaxentropy,735,10,18,25,44,46,50,57,64,73,76,80,88,91,94,95,98
random_eq,UPmaxentropy,736,15,16,22,24,27,28,44,46,51,63,64,74,76,78,82,90
random_eq,UPmaxentropy,737,3,6,12,27,29,40,42,45,52,59,60,68,72,81,95,96
random_eq,UPmaxentropy,738,2,10,11,12,31,34,48,65,67,77,82,89,93,94,99,100
random_eq,UPmaxentropy,739,10,19,30,36,37,40,49,50,52,53,60,62,66,85,97,98
random_eq,UPmaxentropy,740,3,15,26,30,35,37,42,43,48,59,67,77,82,83,94,95
random_eq,UPmaxentropy,741,1,5,10,11,12,16,37,40,45,49,50,53,63,82,87,90
random_eq,UPmaxentropy,742,4,9,12,13,21,27,29,47,50,55,56,57,59,82,91,95
random_eq,UPmaxentropy,743,1,5,7,8,20,22,26,27,29,30,39,40,65,84,91,92
random_eq,UPmaxentropy,744,2,3,4,14,22,31,34,36,37,38,46,52,54,65,69,90
random_eq,UPmaxentropy,745,1,5,29,33,34,37,43,51,56,60,64,77,80,87,91,93
random_eq,UPmaxentropy,746,3,5,14,31,32,33,35,47,49,52,54,78,84,87,91,93
random_eq,UPmaxentropy,747,1,3,11,20,22,33,36,37,44,47,51,62,64,91,95,99
random_eq,UPmaxentropy,748,3,9,10,19,20,22,24,33,41,57,58,59,76,79,97,100
random_eq,UPmaxentropy,749,12,17,18,20,29,30,35,49,72,73,85,88,90,96,99,100
random_eq,UPmaxentropy,750,10,12,16,22,44,47,50,58,68,74,77,78,83,85,92,97
random_eq,UPmaxentropy,751,7,11,17,21,22,27,29,32,33,40,43,58,60,77,80,93
random_eq,UPmaxentropy,752,3,5,6,11,12,33,46,55,57,58,59,64,72,74,79,80
random_eq,UPmaxentropy,753,2,4,8,16,26,29,37,44,56,60,69,75,90,98,99,100
random_eq,UPmaxentropy,754,1,9,18,34,39,50,54,61,62,63,64,65,85,87,93,96
random_eq,UPmaxentropy,755,3,6,7,12,13,15,16,21,41,44,49,53,54,59,88,95
random_eq,UPmaxentropy,756,1,8,26,34,36,41,48,53,60,61,62,67,83,84,89,92
random_eq,UPmaxentropy,757,12,18,26,39,46,47,53,58,66,69,73,77,78,80,82,94
random_eq,UPmaxentropy,758,11,26,32,37,40,55,57,59,64,66,70,84,89,90,91,100
random_eq,UPmaxentropy,759,3,8,14,19,20,24,26,31,33,48,52,54,57,68,81,89
random_eq,UPmaxentropy,760,10,12,14,19,20,27,30,36,50,53,54,60,62,72,82,85
random_eq,UPmaxentropy,761,5,6,9,13,15,20,25,28,41,43,44,51,63,69,86,100
random_eq,UPmaxentropy,762,3,16,29,35,36,39,40,54,60,68,70,72,75,82,93,99
random_eq,UPmaxentropy,763,3,7,15,18,23,38,40,51,53,73,81,85,86,95,97,100
random_eq,UPmaxentropy,764,4,9,16,20,30,33,34,45,47,52,59,63,89,94,96,100
random_eq,UPmaxentropy,765,3,11,12,13,14,15,23,30,32,37,43,46,63,71,80,94
random_eq,UPmaxentropy,766,3,25,26,29,31,39,43,44,59,62,65,66,73,81,98,99
random_eq,UPmaxentropy,767,1,7,11,21,24,31,46,56,66,67,69,76,80,87,91,93
random_eq,UPmaxentropy,768,6,10,18,22,37,38,39,44,54,55,59,67,70,79,95,99
random_eq,UPmaxentropy,769,7,20,21,23,29,38,41,49,50,82,85,87,92,96,98,100
random_eq,UPmaxentropy,770,4,16,17,21,24,27,31,32,41,44,46,58,63,69,77,87
random_eq,UPmaxentropy,771,1,2,14,26,32,38,46,48,53,56,61,76,84,90,98,99
random_eq,UPmaxentropy,772,3,8,9,28,37,39,47,49,50,52,60,88,89,91,93,96
random_eq,UPmaxentropy,773,25,27,31,34,36,44,58,61,73,75,80,83,86,93,99,100
random_eq,UPmaxentropy,774,14,27,28,34,41,44,48,58,69,70,71,73,75,76,77,88
random_eq,UPmaxentropy,775,7,15,35,44,52,57,59,61,70,71,74,79,86,95,97,100
random_eq,UPmaxentropy,776,4,10,12,14,16,18,28,37,38,40,45,74,75,88,91,97
random_eq,UPmaxentropy,777,12,14,17,18,21,40,47,51,66,68,69,74,91,93,96,99
random_eq,UPmaxentropy,778,2,7,15,17,25,36,40,43,46,57,60,66,68,72,77,99
random_eq,UPmaxentropy,779,6,8,18,20,25,28,51,59,64,65,67,71,87,90,94,96
random_eq,UPmaxentropy,780,1,8,22,26,27,28,34,43,62,67,68,70,82,87,91,95
random_eq,UPmaxentropy,781,13,15,17,28,29,30,47,49,51,55,70,71,74,84,87,90
random_eq,UPmaxentropy,782,6,12,17,22,42,43,50,58,62,63,65,74,75,76,79,95
random_eq,UPmaxentropy,783,3,22,32,41,43,46,53,60,62,66,67,74,78,81,93,97
random_eq,UPmaxentropy,784,3,12,21,22,25,27,29,32,33,39,56,61,63,80,87,100
random_eq,UPmaxentropy,785,5,8,10,12,30,34,39,44,47,52,58,60,65,69,84,86
random_eq,UPmaxentropy,786,1,4,8,10,18,25,51,55,67,68,72,76,90,98,99,100
random_eq,UPmaxentropy,787,4,12,22,32,36,41,50,51,56,60,70,72,74,76,88,89
random_eq,UPmaxentropy,788,10,16,29,32,37,40,41,42,57,60,77,81,88,96,98,100
random_eq,UPmaxentropy,789,6,10,16,17,22,35,39,51,55,58,68,72,78,81,82,87
random_eq,UPmaxentropy,790,3,7,8,16,27,30,33,35,39,40,47,48,72,75,77,87
random_eq,UPmaxentropy,791,5,10,11,16,26,29,45,51,58,66,79,81,84,87,96,99
random_eq,UPmaxentropy,792,2,8,11,13,20,23,28,30,53,67,75,78,87,90,91,95
random_eq,UPmaxentropy,793,1,2,5,18,24,26,41,52,55,63,67,68,76,86,92,97
random_eq,UPmaxentropy,794,6,7,23,27,44,52,57,63,75,77,83,89,90,94,95,96
random_eq,UPmaxentropy,795,3,6,19,20,22,25,26,29,30,40,46,47,58,64,72,94
random_eq,UPmaxentropy,796,15,18,26,27,38,43,44,47,50,52,58,71,82,83,84,100
random_eq,UPmaxentropy,797,18,20,24,25,27,47,49,51,54,59,60,64,70,77,81,96
random_eq,UPmaxentropy,798,2,4,5,9,12,18,21,23,47,58,62,68,77,79,82,93
random_eq,UPmaxentropy,799,6,7,14,15,17,28,33,37,46,60,64,75,81,90,91,95
random_eq,UPmaxentropy,800,3,11,16,26,27,28,35,46,56,58,68,70,74,77,83,97
random_eq,UPmaxentropy,801,24,25,33,34,43,47,56,59,63,65,69,73,82,86,89,98
random_eq,UPmaxentropy,802,1,4,9,26,28,32,39,41,51,52,55,60,71,76,82,95
random_eq,UPmaxentropy,803,3,5,12,19,24,29,31,46,48,62,71,76,78,84,89,91
random_eq,UPmaxentropy,804,3,11,22,25,27,31,36,48,56,59,65,67,79,95,99,100
random_eq,UPmaxentropy,805,8,14,15,16,18,26,29,33,46,62,65,71,74,80,82,93
random_eq,UPmaxentropy,806,10,25,35,44,51,54,61,70,77,78,84,86,88,89,92,94
random_eq,UPmaxentropy,807,6,12,20,21,27,30,31,52,57,63,64,69,75,91,93,100
random_eq,UPmaxentropy,808,3,5,9,12,16,17,23,40,42,54,55,62,72,77,91,96
random_eq,UPmaxentropy,809,1,10,13,18,23,28,30,48,64,66,69,70,76,83,89,93
random_eq,UPmaxentropy,810,16,19,25,36,38,42,43,46,48,49,58,66,84,89,92,94
random_eq,UPmaxentropy,811,2,3,8,11,18,19,22,35,40,41,48,74,79,82,90,94
random_eq,UPmaxentropy,812,9,12,17,20,25,40,41,44,46,53,68,69,76,77,89,93
random_eq,UPmaxentropy,813,2,6,10,18,20,22,25,37,43,54,57,78,79,84,90,91
random_eq,UPmaxentropy,814,7,15,17,22,25,26,31,33,37,54,56,57,69,73,77,98
random_eq,UPmaxentropy,815,6,7,17,24,29,36,38,47,49,62,64,70,71,80,90,99
random_eq,UPmaxentropy,816,13,15,26,34,36,40,44,50,51,56,61,65,68,72,75,84
random_eq,UPmaxentropy,817,6,18,19,27,31,48,53,54,62,64,66,67,69,70,90,99
random_eq,UPmaxentropy,818,3,32,34,39,43,46,47,54,55,61,67,76,91,92,95,99
random_eq,UPmaxentropy,819,10,18,22,28,29,31,37,41,42,44,48,57,65,76,79,83
random_eq,UPmaxentropy,820,4,5,12,33,34,41,61,70,73,78,80,82,86,87,90,94
random_eq,UPmaxentropy,821,2,3,4,5,8,9,22,31,34,51,67,71,75,88,97,100
random_eq,UPmaxentropy,822,11,12,22,36,41,44,46,53,64,67,73,74,77,79,92,100
random_eq,UPmaxentropy,823,7,14,23,25,26,39,51,57,59,61,66,70,78,86,91,96
random_eq,UPmaxentropy,824,1,2,6,8,17,22,26,28,29,42,43,49,86,89,91,100
random_eq,UPmaxentropy,825,21,31,34,37,40,42,45,50,67,75,83,87,88,92,95,97
random_eq,UPmaxentropy,826,1,5,10,11,12,14,27,28,30,35,39,57,68,79,91,93
random_eq,UPmaxentropy,827,6,16,17,27,32,43,47,48,53,54,72,74,85,93,96,97
random_eq,UPmaxentropy,828,11,25,28,33,41,49,53,54,56,64,65,71,82,89,91,94
random_eq,UPmaxentropy,829,3,18,22,26,27,29,31,44,45,46,49,53,54,58,79,94
random_eq,UPmaxentropy,830,7,8,14,16,24,36,37,38,49,69,74,78,85,91,95,98
random_eq,UPmaxentropy,831,6,14,21,28,31,39,46,50,51,62,67,69,73,75,76,79
random_eq,UPmaxentropy,832,5,17,19,28,39,41,43,47,71,75,79,82,89,92,95,96
random_eq,UPmaxentropy,833,9,11,17,18,22,27,43,45,50,56,71,72,82,87,90,98
random_eq,UPmaxentropy,834,1,11,26,28,36,44,47,48,56,58,59,66,83,86,89,92
random_eq,UPmaxentropy,835,1,2,13,15,17,26,27,34,42,48,50,56,58,60,69,91
random_eq,UPmaxentropy,836,4,5,9,12,16,21,50,51,53,56,58,63,64,69,74,83
random_eq,UPmaxentropy,837,6,18,26,37,50,55,56,62,69,70,71,81,86,94,96,98
random_eq,UPmaxentropy,838,2,8,31,39,45,47,52,62,69,76,77,80,90,93,94,100
random_eq,UPmaxentropy,839,24,26,27,41,55,63,65,73,74,76,78,79,80,83,93,99
random_eq,UPmaxentropy,840,3,6,10,12,23,35,51,59,63,64,69,77,87,90,95,99
random_eq,UPmaxentropy,841,2,3,5,6,10,14,20,33,43,49,52,53,58,67,86,99
random_eq,UPmaxentropy,842,5,6,14,16,26,30,43,45,50,52,56,62,68,74,79,100
random_eq,UPmaxentropy,843,1,8,9,10,11,14,29,55,69,72,73,76,81,85,88,92
random_eq,UPmaxentropy,844,1,6,24,25,29,31,44,46,52,61,69,81,85,91,93,95
random_eq,UPmaxentropy,845,5,16,20,22,25,28,39,47,51,52,56,59,60,67,85,86
random_eq,UPmaxentropy,846,10,13,18,20,21,28,38,45,52,59,61,65,67,74,78,79
random_eq,UPmaxentropy,847,13,15,17,18,19,27,29,38,39,51,59,68,69,71,75,90
random_eq,UPmaxentropy,848,1,4,6,16,29,33,39,52,58,64,66,72,86,93,94,98
random_eq,UPmaxentropy,849,3,6,17,27,28,34,35,36,48,58,65,76,79,86,90,96
random_eq,UPmaxentropy,850,2,9,18,29,37,42,45,52,53,63,67,69,73,92,94,99
random_eq,UPmaxentropy,851,2,6,8,33,34,36,44,48,55,71,73,76,79,84,98,99
random_eq,UPmaxentropy,852,5,8,9,10,16,26,31,46,51,53,65,67,75,88,89,92
random_eq,UPmaxentropy,853,4,12,13,18,23,27,32,34,36,40,46,72,73,78,81,85
random_eq,UPmaxentropy,854,12,14,16,17,30,44,46,47,48,62,79,83,85,92,99,100
random_eq,UPmaxentropy,855,5,25,28,30,31,36,45,52,56,63,68,70,82,90,92,97
random_eq,UPmaxentropy,856,9,16,21,23,27,33,34,39,44,58,63,65,70,75,80,94
random_eq,UPmaxentropy,857,9,14,17,20,35,45,50,51,52,57,75,79,81,82,94,96
random_eq,UPmaxentropy,858,2,9,16,19,21,28,38,43,51,59,66,75,80,81,92,95
random_eq,UPmaxentropy,859,1,2,15,21,22,31,37,40,43,45,57,61,63,68,93,100
random_eq,UPmaxentropy,860,5,16,17,18,20,23,27,33,39,54,58,70,79,87,92,99
random_eq,UPmaxentropy,861,5,7,9,12,17,22,24,28,36,40,51,53,62,76,82,95
random_eq,UPmaxentropy,862,3,12,15,16,17,19,26,34,47,58,59,60,81,87,89,95
random_eq,UPmaxentropy,863,14,15,16,20,26,30,36,49,52,57,79,80,84,94,98,99
random_eq,UPmaxentropy,864,5,8,9,12,23,26,28,32,39,44,52,54,56,78,95,99
random_eq,UPmaxentropy,865,9,14,15,21,41,50,56,57,59,63,67,74,75,76,86,98
random_eq,UPmaxentropy,866,11,17,23,33,34,47,51,52,55,60,64,73,74,85,86,90
random_eq,UPmaxentropy,867,5,19,20,31,42,51,52,54,57,59,61,64,70,71,72,85
random_eq,UPmaxentropy,868,3,6,11,14,17,29,34,35,38,62,64,67,77,83,84,91
random_eq,UPmaxentropy,869,14,24,25,33,50,52,53,55,62,63,68,76,82,85,88,96
random_eq,UPmaxentropy,870,1,5,6,10,14,29,33,35,41,43,51,57,58,64,84,98
random_eq,UPmaxentropy,871,13,22,24,45,46,48,53,57,59,60,61,77,81,88,89,95
random_eq,UPmaxentropy,872,5,10,11,12,14,19,27,38,49,54,59,66,68,71,72,94
random_eq,UPmaxentropy,873,3,17,19,21,22,29,31,32,37,42,52,54,61,68,83,85
random_eq,UPmaxentropy,874,1,5,11,13,14,33,49,53,58,59,65,68,81,82,85,97
random_eq,UPmaxentropy,875,9,20,23,24,25,27,38,39,45,52,61,63,66,89,95,98
random_eq,UPmaxentropy,876,3,5,10,22,28,45,46,52,64,68,77,79,83,90,91,92
random_eq,UPmaxentropy,877,3,4,8,9,21,29,51,52,62,63,77,84,85,90,99,100
random_eq,UPmaxentropy,878,5,6,10,13,19,24,32,41,45,54,66,78,80,81,82,98
random_eq,UPmaxentropy,879,12,13,16,18,20,30,32,35,47,54,57,64,65,77,90,92
random_eq,UPmaxentropy,880,7,15,22,31,35,36,38,39,62,65,73,74,76,86,88,98
random_eq,UPmaxentropy,881,3,5,7,13,14,32,35,44,49,50,56,73,81,85,86,98
random_eq,UPmaxentropy,882,1,3,13,26,39,45,46,59,67,70,74,75,78,79,90,100
random_eq,UPmaxentropy,883,4,11,19,21,26,31,35,36,47,54,63,67,77,82,91,99
random_eq,UPmaxentropy,884,1,5,13,17,18,25,41,51,72,74,78,81,86,90,94,98
random_eq,UPmaxentropy,885,25,26,38,46,53,59,61,66,71,80,86,87,89,93,98,100
random_eq,UPmaxentropy,886,19,22,24,29,31,34,53,55,58,73,74,79,91,92,95,98
random_eq,UPmaxentropy,887,3,6,7,12,16,26,36,41,42,44,54,65,75,76,77,87
random_eq,UPmaxentropy,888,11,25,30,36,38,40,51,55,62,66,71,72,79,80,81,98
random_eq,UPmaxentropy,889,9,14,19,23,28,30,38,39,44,53,55,65,71,80,81,84
random_eq,UPmaxentropy,890,1,9,14,21,24,25,27,28,44,46,57,66,71,74,91,96
random_eq,UPmaxentropy,891,7,26,30,31,34,41,46,49,56,61,64,73,76,84,85,92
random_eq,UPmaxentropy,892,1,8,14,19,20,27,35,56,58,70,73,75,84,85,87,98
random_eq,UPmaxentropy,893,1,10,14,17,26,33,36,39,54,61,63,64,70,76,88,89
random_eq,UPmaxentropy,894,7,15,19,23,30,43,51,53,59,66,74,79,81,88,89,98
random_eq,UPmaxentropy,895,4,23,35,36,57,58,59,66,69,76,81,91,94,96,97,99
random_eq,UPmaxentropy,896,7,11,12,20,26,34,35,37,44,47,49,53,63,83,84,90
random_eq,UPmaxentropy,897,1,7,14,15,20,27,32,39,43,50,54,60,70,87,89,94
random_eq,UPmaxentropy,898,3,6,13,25,26,33,34,46,55,61,63,69,78,80,84,99
random_eq,UPmaxentropy,899,1,3,17,25,28,30,52,57,64,71,73,74,75,78,92,98
random_eq,UPmaxentropy,900,2,4,7,18,37,39,42,47,53,57,58,66,69,70,97,100
random_eq,UPmaxentropy,901,1,15,18,22,30,39,41,44,47,56,62,66,76,77,91,95
random_eq,UPmaxentropy,902,17,26,27,33,38,41,61,65,71,73,83,84,87,91,92,96
random_eq,UPmaxentropy,903,5,14,20,38,39,41,43,46,61,66,67,84,88,91,92,96
random_eq,UPmaxentropy,904,6,10,24,32,40,43,47,49,52,55,66,69,74,97,98,100
random_eq,UPmaxentropy,905,7,8,21,27,32,38,41,44,45,51,52,53,54,56,59,81
random_eq,UPmaxentropy,906,1,20,24,34,41,45,57,59,68,70,77,89,90,94,96,99
random_eq,UPmaxentropy,907,2,10,11,12,18,29,36,40,47,51,66,73,79,85,88,99
random_eq,UPmaxentropy,908,18,23,25,26,32,43,45,52,58,61,68,70,74,80,82,91
random_eq,UPmaxentropy,909,4,13,24,26,30,31,34,39,50,71,73,79,80,82,84,94
random_eq,UPmaxentropy,910,11,12,19,26,33,37,39,45,59,64,66,71,78,88,93,99
random_eq,UPmaxentropy,911,3,21,26,32,39,44,45,52,67,73,77,81,88,89,93,95
random_eq,UPmaxentropy,912,9,10,12,13,14,15,17,24,34,39,42,47,58,74,78,86
random_eq,UPmaxentropy,913,4,5,12,21,23,44,52,53,62,70,73,75,77,82,90,94
random_eq,UPmaxentropy,914,13,18,20,21,27,30,31,32,37,52,77,79,82,84,90,97
random_eq,UPmaxentropy,915,3,5,10,15,18,20,24,30,36,48,56,59,62,63,88,94
random_eq,UPmaxentropy,916,18,28,32,41,49,53,57,59,66,71,76,79,85,92,95,97
random_eq,UPmaxentropy,917,8,11,18,22,35,39,47,49,73,74,76,81,85,88,89,95
random_eq,UPmaxentropy,918,13,19,31,35,41,48,59,60,61,68,82,87,88,90,91,96
random_eq,UPmaxentropy,919,21,24,25,30,35,45,46,47,53,59,63,65,66,73,80,87
random_eq,UPmaxentropy,920,8,12,13,15,19,39,41,42,53,66,72,77,82,87,93,99
random_eq,UPmaxentropy,921,4,19,28,29,39,40,46,49,50,63,68,70,75,84,98,99
random_eq,UPmaxentropy,922,3,9,11,28,36,41,43,47,60,67,72,73,75,80,83,85
random_eq,UPmaxentropy,923,3,6,12,21,23,24,29,31,37,40,41,69,87,88,91,93
random_eq,UPmaxentropy,924,1,6,7,15,28,29,33,38,42,51,52,53,54,65,91,94
random_eq,UPmaxentropy,925,2,5,19,21,26,30,36,38,42,50,55,60,66,82,89,91
random_eq,UPmaxentropy,926,8,11,13,22,26,39,43,45,59,61,66,71,73,91,92,94
random_eq,UPmaxentropy,927,5,7,10,16,29,32,34,40,43,49,52,74,81,84,87,88
random_eq,UPmaxentropy,928,10,17,19,24,29,30,32,39,45,46,53,65,80,83,88,92
random_eq,UPmaxentropy,929,10,13,19,20,28,38,41,45,54,68,70,72,92,95,96,98
random_eq,UPmaxentropy,930,1,3,7,10,25,35,42,47,59,62,67,69,71,76,79,88
random_eq,UPmaxentropy,931,2,4,6,10,18,36,45,49,50,58,76,78,80,82,93,97
random_eq,UPmaxentropy,932,2,8,10,12,14,22,29,33,39,43,56,64,86,92,94,99
random_eq,UPmaxentropy,933,1,6,11,16,18,26,29,32,38,39,48,51,55,60,91,96
random_eq,UPmaxentropy,934,7,11,17,30,32,37,47,50,59,66,69,70,77,82,87,90
random_eq,UPmaxentropy,935,10,21,30,35,41,45,46,51,62,66,76,83,88,93,94,100
random_eq,UPmaxentropy,936,1,9,17,34,37,48,49,55,58,68,70,73,88,89,90,98
random_eq,UPmaxentropy,937,1,18,31,39,44,47,51,54,66,67,75,86,87,88,94,99
random_eq,UPmaxentropy,938,2,4,15,17,24,27,33,37,39,57,75,79,83,91,94,100
random_eq,UPmaxentropy,939,2,10,13,18,21,23,38,42,47,75,77,85,91,97,98,99
random_eq,UPmaxentropy,940,9,11,14,15,31,47,56,58,59,68,70,79,82,86,92,96
random_eq,UPmaxentropy,941,2,20,21,22,25,27,30,42,50,67,70,71,76,87,90,97
random_eq,UPmaxentropy,942,1,6,9,12,15,21,22,40,45,48,56,71,72,81,91,93
random_eq,UPmaxentropy,943,2,6,10,26,27,28,33,34,36,42,48,52,55,58,80,93
random_eq,UPmaxentropy,944,6,7,12,21,30,35,49,63,68,76,86,90,91,92,95,97
random_eq,UPmaxentropy,945,2,3,5,17,25,26,30,33,36,44,51,53,59,68,77,96
random_eq,UPmaxentropy,946,6,13,31,34,38,50,56,57,61,62,70,80,85,87,92,96
random_eq,UPmaxentropy,947,2,8,13,15,25,30,37,40,51,61,65,84,88,96,97,100
random_eq,UPmaxentropy,948,2,10,12,17,25,27,28,31,32,35,42,44,48,62,92,99
random_eq,UPmaxentropy,949,10,16,20,28,29,46,53,61,65,68,75,76,83,88,91,97
random_eq,UPmaxentropy,950,6,12,20,34,40,43,47,57,58,61,62,76,78,80,85,88
random_eq,UPmaxentropy,951,5,10,13,24,36,39,41,49,58,68,73,81,85,90,99,100
random_eq,UPmaxentropy,952,1,6,17,26,28,29,35,53,56,58,62,72,81,87,92,97
random_eq,UPmaxentropy,953,2,7,15,22,25,33,34,38,40,52,62,65,68,74,82,96
random_eq,UPmaxentropy,954,4,7,9,20,22,38,41,48,51,61,62,67,85,90,91,97
random_eq,UPmaxentropy,955,12,19,27,32,34,43,50,63,64,65,66,67,71,78,86,88
random_eq,UPmaxentropy,956,1,5,7,8,12,15,26,29,33,35,43,47,48,51,69,92
random_eq,UPmaxentropy,957,17,23,27,30,36,42,47,51,52,69,73,78,81,83,84,100
random_eq,UPmaxentropy,958,3,10,28,43,46,50,52,60,63,67,71,83,88,89,91,99
random_eq,UPmaxentropy,959,8,11,15,17,18,20,23,27,39,42,47,56,65,73,75,79
random_eq,UPmaxentropy,960,3,6,7,13,14,32,40,41,54,57,59,65,78,84,89,90
random_eq,UPmaxentropy,961,2,17,24,27,37,42,53,55,56,66,68,69,73,74,80,84
random_eq,UPmaxentropy,962,11,12,16,33,34,35,42,46,54,60,72,75,87,97,99,100
random_eq,UPmaxentropy,963,4,5,8,9,14,24,27,36,37,54,57,61,67,73,82,93
random_eq,UPmaxentropy,964,2,8,16,18,20,32,38,42,43,44,63,67,83,85,93,100
random_eq,UPmaxentropy,965,8,10,12,14,16,24,27,31,39,40,45,62,71,78,81,95
random_eq,UPmaxentropy,966,4,10,15,25,39,41,43,53,62,75,84,86,90,91,92,100
random_eq,UPmaxentropy,967,3,5,9,19,20,21,28,35,42,46,48,56,65,82,91,92
random_eq,UPmaxentropy,968,14,22,24,35,41,48,54,57,61,63,64,70,81,88,94,95
random_eq,UPmaxentropy,969,1,6,10,24,32,41,48,50,56,59,67,68,72,80,82,100
random_eq,UPmaxentropy,970,2,6,15,18,19,21,35,54,70,71,75,77,81,84,87,98
random_eq,UPmaxentropy,971,1,12,17,28,33,35,52,55,57,62,63,74,84,91,93,99
random_eq,UPmaxentropy,972,5,7,10,15,17,18,20,28,29,40,42,46,47,56,59,96
random_eq,UPmaxentropy,973,2,3,13,20,22,60,64,72,77,81,82,84,88,89,92,100
random_eq,UPmaxentropy,974,12,19,24,27,28,29,32,56,57,61,79,82,91,93,97,98
random_eq,UPmaxentropy,975,3,4,5,18,21,22,25,30,34,39,57,68,74,75,87,92
random_eq,UPmaxentropy,976,9,20,23,30,33,41,45,51,73,77,80,81,85,89,95,100
random_eq,UPmaxentropy,977,5,9,11,17,18,27,31,36,63,67,78,80,82,83,96,97
random_eq,UPmaxentropy,978,6,16,18,22,33,38,49,56,57,61,63,68,74,86,93,97
random_eq,UPmaxentropy,979,5,9,23,30,36,37,48,67,68,74,83,85,86,89,91,93
random_eq,UPmaxentropy,980,2,17,19,25,27,28,35,36,39,65,71,72,74,82,92,96
random_eq,UPmaxentropy,981,2,30,34,39,45,48,52,53,54,59,61,63,75,83,93,96
random_eq,UPmaxentropy,982,2,4,5,7,9,16,17,22,26,27,30,45,55,87,91,94
random_eq,UPmaxentropy,983,19,23,27,33,41,43,47,48,56,57,64,68,72,77,80,93
random_eq,UPmaxentropy,984,8,16,19,22,25,26,28,29,30,44,53,61,72,73,74,89
random_eq,UPmaxentropy,985,3,7,8,19,22,26,31,40,61,71,72,78,80,87,98,100
random_eq,UPmaxentropy,986,4,6,15,27,38,41,42,46,48,56,57,60,69,77,87,97
random_eq,UPmaxentropy,987,1,2,4,11,21,25,27,39,41,43,65,74,79,89,95,97
random_eq,UPmaxentropy,988,2,6,9,17,20,23,24,29,34,37,57,64,66,68,87,89
random_eq,UPmaxentropy,989,9,19,26,31,37,39,40,43,49,52,54,58,59,75,77,81
random_eq,UPmaxentropy,990,11,12,13,29,30,35,46,48,55,61,74,76,77,81,85,97
random_eq,UPmaxentropy,991,3,13,18,27,31,40,60,65,75,79,80,81,86,90,92,96
random_eq,UPmaxentropy,992,3,9,10,11,40,45,48,49,50,58,75,77,80,82,87,96
random_eq,UPmaxentropy,993,2,6,14,15,16,17,18,27,31,36,42,48,55,60,90,100
random_eq,UPmaxentropy,994,3,6,13,19,22,24,41,50,59,65,69,73,76,93,98,100
random_eq,UPmaxentropy,995,8,26,31,32,36,40,45,47,49,62,71,75,78,89,90,91
random_eq,UPmaxentropy,996,4,5,6,9,24,38,39,40,45,60,65,66,77,79,98,99
random_eq,UPmaxentropy,997,17,18,38,40,41,67,72,78,80,83,84,85,88,93,98,99
random_eq,UPmaxentropy,998,5,14,18,20,21,31,44,45,46,49,54,62,76,85,88,90
random_eq,UPmaxentropy,999,3,4,9,24,30,47,52,64,65,74,79,85,88,93,95,100
random_eq,UPmaxentropy,1000,3,4,15,22,41,43,48,50,52,56,64,85,90,92,94,97
random_eq,UPmaxentropy,1001,16,20,23,27,28,33,35,43,53,55,61,66,69,70,78,92
random_eq,UPmaxentropy,1002,3,5,17,28,30,33,37,39,42,44,47,63,74,77,90,92
random_eq,UPmaxentropy,1003,8,17,30,33,37,40,42,45,49,58,62,64,78,79,84,99
random_eq,UPmaxentropy,1004,3,7,8,10,16,26,42,45,59,62,65,67,68,71,96,100
random_eq,UPmaxentropy,1005,1,18,20,28,33,40,44,49,55,57,66,67,80,86,87,98
random_eq,UPmaxentropy,1006,1,6,11,15,24,28,29,31,42,48,68,72,74,86,88,91
random_eq,UPmaxentropy,1007,7,8,17,25,41,46,49,52,53,54,56,57,73,79,80,92
random_eq,UPmaxentropy,1008,2,12,13,14,31,33,34,42,55,60,61,69,75,76,92,100
random_eq,UPmaxentropy,1009,4,10,26,28,31,35,45,55,58,59,64,74,86,87,93,99
random_eq,UPmaxentropy,1010,7,10,12,13,17,27,41,43,50,52,59,65,73,91,95,100
random_eq,UPmaxentropy,1011,4,5,6,16,18,28,30,31,34,40,56,69,78,79,97,100
random_eq,UPmaxentropy,1012,7,10,18,24,34,53,66,74,75,77,90,92,93,94,98,99
random_eq,UPmaxentropy,1013,3,4,5,30,35,38,41,44,48,63,67,73,74,75,79,83
random_eq,UPmaxentropy,1014,2,5,21,40,41,46,48,54,57,72,74,81,85,87,89,100
random_eq,UPmaxentropy,1015,4,23,28,30,32,50,52,57,65,68,72,75,83,84,91,95
random_eq,UPmaxentropy,1016,17,19,22,42,44,45,57,61,72,77,79,81,86,91,94,98
random_eq,UPmaxentropy,1017,7,10,16,22,29,31,38,48,55,56,57,64,67,89,93,99
random_eq,UPmaxentropy,1018,9,22,23,26,27,28,58,67,73,74,77,84,86,87,94,100
random_eq,UPmaxentropy,1019,5,25,37,38,44,47,48,53,61,68,70,74,77,82,85,89
random_eq,UPmaxentropy,1020,2,9,18,24,26,27,42,43,50,55,57,60,68,81,85,97
random_eq,UPmaxentropy,1021,4,6,11,23,26,34,36,40,56,62,74,79,84,88,94,100
random_eq,UPmaxentropy,1022,6,9,16,21,25,35,39,56,57,60,61,70,78,80,88,91
random_eq,UPmaxentropy,1023,4,13,15,20,29,31,35,37,41,54,55,64,72,76,77,92
random_eq,UPmaxentropy,1024,7,16,19,22,24,32,56,62,67,74,82,86,88,92,95,96
random_eq,UPmaxentropy,1025,2,3,11,24,27,37,48,54,56,63,76,77,81,90,98,100
random_eq,UPmaxentropy,1026,3,12,19,25,33,49,50,62,63,71,73,82,86,97,98,100
random_eq,UPmaxentropy,1027,3,4,12,22,34,38,41,44,47,52,66,71,91,93,94,98
random_eq,UPmaxentropy,1028,7,9,15,19,23,35,47,50,60,61,62,73,74,87,95,100
random_eq,UPmaxentropy,1029,3,5,7,16,19,23,24,33,34,37,43,47,54,72,80,89
random_eq,UPmaxentropy,1030,3,13,18,22,23,34,38,40,46,49,64,68,76,79,92,94
random_eq,UPmaxentropy,1031,9,16,26,28,30,38,40,46,54,65,66,68,73,74,77,91
random_eq,UPmaxentropy,1032,9,15,23,31,33,44,52,64,68,76,77,85,94,95,96,99
random_eq,UPmaxentropy,1033,1,3,4,19,28,33,57,69,71,72,73,79,96,98,99,100
random_eq,UPmaxentropy,1034,19,34,37,43,45,46,47,53,55,61,63,69,91,95,98,100
random_eq,UPmaxentropy,1035,5,21,28,29,31,37,38,45,51,62,65,70,90,92,97,98
random_eq,UPmaxentropy,1036,14,25,28,29,30,32,36,37,50,54,70,73,74,78,85,96
random_eq,UPmaxentropy,1037,8,10,13,15,16,17,19,30,42,48,62,66,71,89,93,94
random_eq,UPmaxentropy,1038,4,8,9,11,15,16,22,41,44,45,49,66,70,87,95,97
random_eq,UPmaxentropy,1039,16,18,20,37,39,43,48,66,67,76,79,84,86,87,88,97
random_eq,UPmaxentropy,1040,11,24,26,37,42,47,48,51,57,58,69,85,88,92,96,97
random_eq,UPmaxentropy,1041,7,12,15,20,30,33,35,37,38,42,51,58,61,81,93,94
random_eq,UPmaxentropy,1042,2,6,10,16,20,31,46,49,72,75,77,79,80,85,89,95
random_eq,UPmaxentropy,1043,7,14,19,28,32,34,37,44,49,57,58,75,80,82,88,93
random_eq,UPmaxentropy,1044,4,9,17,42,43,44,47,50,63,65,77,79,88,89,90,94
random_eq,UPmaxentropy,1045,7,8,15,20,24,37,39,47,49,54,59,71,72,82,90,98
random_eq,UPmaxentropy,1046,8,9,22,23,24,31,40,44,47,48,53,61,70,71,77,97
random_eq,UPmaxentropy,1047,1,8,16,20,26,28,33,44,50,53,60,70,76,88,92,99
random_eq,UPmaxentropy,1048,6,11,14,16,19,27,35,36,42,49,54,74,75,85,86,91
random_eq,UPmaxentropy,1049,1,5,8,15,22,27,38,46,48,54,55,58,59,78,89,96
random_eq,UPmaxentropy,1050,2,10,18,24,29,30,42,45,52,58,69,71,84,87,94,98
random_eq,UPmaxentropy,1051,2,9,25,26,30,48,49,51,58,68,77,83,88,92,94,100
random_eq,UPmaxentropy,1052,4,6,13,19,43,49,53,54,55,60,72,76,77,82,88,98
random_eq,UPmaxentropy,1053,16,28,29,30,31,32,34,44,62,65,72,74,83,86,91,94
random_eq,UPmaxentropy,1054,8,12,24,31,33,40,47,52,58,61,66,69,70,89,91,94
random_eq,UPmaxentropy,1055,1,3,6,9,18,28,41,42,44,70,80,91,92,93,98,99
random_eq,UPmaxentropy,1056,4,8,19,21,25,33,44,69,70,71,74,84,90,94,95,98
random_eq,UPmaxentropy,1057,5,11,27,33,34,36,40,44,46,47,53,58,73,74,86,96
random_eq,UPmaxentropy,1058,16,23,28,44,54,55,56,57,58,70,74,80,86,94,95,98
random_eq,UPmaxentropy,1059,1,6,11,14,28,40,43,45,53,56,68,69,72,86,96,98
random_eq,UPmaxentropy,1060,1,12,13,19,38,41,44,53,64,66,74,77,79,84,85,93
random_eq,UPmaxentropy,1061,16,17,22,28,32,42,47,48,56,58,66,71,72,76,84,96
random_eq,UPmaxentropy,1062,5,16,20,24,37,48,54,57,58,59,73,75,77,82,93,98
random_eq,UPmaxentropy,1063,9,22,28,29,33,37,41,42,46,52,56,57,59,66,77,80
random_eq,UPmaxentropy,1064,9,12,18,21,31,32,36,45,49,51,58,61,66,68,86,92
random_eq,UPmaxentropy,1065,2,15,18,21,25,32,35,37,41,46,55,65,67,85,97,98
random_eq,UPmaxentropy,1066,1,3,4,8,9,10,15,61,63,72,79,82,86,92,93,94
random_eq,UPmaxentropy,1067,4,14,28,36,37,39,46,49,50,53,59,71,72,82,88,96
random_eq,UPmaxentropy,1068,1,14,16,23,35,47,54,55,56,64,66,69,84,87,96,98
random_eq,UPmaxentropy,1069,6,13,15,18,19,24,27,35,39,49,50,58,76,86,97,99
random_eq,UPmaxentropy,1070,6,7,17,25,31,38,52,63,66,72,73,74,79,90,96,100
random_eq,UPmaxentropy,1071,6,15,22,30,47,52,60,65,69,71,73,75,78,79,87,89
random_eq,UPmaxentropy,1072,5,10,24,38,39,43,46,48,50,51,72,75,78,86,91,93
random_eq,UPmaxentropy,1073,4,19,26,31,33,36,47,50,52,62,72,73,74,80,81,90
random_eq,UPmaxentropy,1074,15,19,22,31,38,44,48,49,56,63,74,75,77,79,95,99
random_eq,UPmaxentropy,1075,7,10,19,24,27,30,37,44,49,58,60,75,78,80,84,98
random_eq,UPmaxentropy,1076,5,6,20,25,38,41,48,49,50,54,57,70,71,76,80,82
random_eq,UPmaxentropy,1077,11,12,13,27,34,36,40,55,61,66,69,71,75,77,85,88
random_eq,UPmaxentropy,1078,2,3,6,9,13,15,23,46,48,59,62,77,83,87,88,98
random_eq,UPmaxentropy,1079,5,13,35,37,38,46,51,53,59,68,77,84,85,89,95,100
random_eq,UPmaxentropy,1080,28,37,44,46,51,56,57,58,66,68,70,71,77,84,87,89
random_eq,UPmaxentropy,1081,4,14,22,30,37,38,43,46,48,50,58,66,82,92,94,100
random_eq,UPmaxentropy,1082,8,13,14,22,49,50,58,62,74,79,80,83,84,86,87,89
random_eq,UPmaxentropy,1083,10,11,21,31,38,39,43,49,52,56,65,66,75,80,89,90
random_eq,UPmaxentropy,1084,4,7,15,18,21,23,38,40,48,61,69,73,75,84,89,90
random_eq,UPmaxentropy,1085,5,10,21,24,43,56,63,64,68,70,76,78,79,82,86,89
random_eq,UPmaxentropy,1086,2,3,10,11,19,24,30,43,53,67,72,76,78,83,84,96
random_eq,UPmaxentropy,1087,13,14,18,23,36,37,42,43,71,79,81,83,86,89,91,98
random_eq,UPmaxentropy,1088,9,10,20,28,38,48,49,54,62,63,71,72,73,77,89,90
random_eq,UPmaxentropy,1089,2,4,26,27,35,40,43,49,67,69,70,72,78,81,82,99
random_eq,UPmaxentropy,1090,10,21,22,25,26,29,31,39,42,44,55,57,71,72,80,94
random_eq,UPmaxentropy,1091,4,6,15,31,43,45,60,62,66,68,77,83,84,85,88,97
random_eq,UPmaxentropy,1092,5,6,7,9,18,23,24,32,37,38,42,71,76,86,94,96
random_eq,UPmaxentropy,1093,2,3,4,5,11,18,21,30,34,36,42,46,54,56,58,73
random_eq,UPmaxentropy,1094,5,14,28,31,36,39,41,44,49,55,57,68,88,89,90,97
random_eq,UPmaxentropy,1095,4,5,18,29,41,42,43,50,59,64,66,67,69,86,87,97
random_eq,UPmaxentropy,1096,3,11,24,28,40,42,43,45,49,57,61,64,68,92,95,97
random_eq,UPmaxentropy,1097,11,28,31,33,40,41,46,48,49,54,73,80,82,84,85,86
random_eq,UPmaxentropy,1098,2,5,6,12,41,49,54,58,62,69,76,77,78,80,87,97
random_eq,UPmaxentropy,1099,12,25,37,48,51,53,57,60,61,71,78,83,85,86,93,96
random_eq,UPmaxentropy,1100,3,8,16,22,39,44,46,48,59,60,61,66,70,81,91,94
random_eq,UPmaxentropy,1101,11,18,24,28,32,35,44,48,65,74,79,80,83,89,91,92
random_eq,UPmaxentropy,1102,8,10,22,26,29,32,34,42,59,63,64,75,79,86,89,100
random_eq,UPmaxentropy,1103,3,10,12,16,17,20,22,39,44,46,62,74,78,83,92,100
random_eq,UPmaxentropy,1104,11,16,26,35,55,67,75,80,82,85,86,88,93,94,95,100
random_eq,UPmaxentropy,1105,11,15,18,20,40,47,58,70,75,76,78,82,83,88,94,100
random_eq,UPmaxentropy,1106,4,5,18,25,31,37,43,45,49,55,65,66,72,82,88,95
random_eq,UPmaxentropy,1107,10,12,16,17,24,26,30,36,51,53,70,78,81,82,95,96
random_eq,UPmaxentropy,1108,7,12,13,19,27,37,43,46,47,50,63,85,88,91,95,96
random_eq,UPmaxentropy,1109,2,8,21,27,28,35,36,47,69,76,77,79,82,84,94,99
random_eq,UPmaxentropy,1110,2,7,16,17,24,27,31,37,45,57,60,74,82,87,95,100
random_eq,UPmaxentropy,1111,9,13,16,22,26,31,40,50,51,55,56,59,62,78,79,90
random_eq,UPmaxentropy,1112,13,20,22,27,47,48,51,57,59,60,68,73,78,84,90,96
random_eq,UPmaxentropy,1113,1,4,13,18,40,41,49,53,56,59,68,76,83,85,92,98
random_eq,UPmaxentropy,1114,1,2,6,9,10,17,28,38,59,66,69,70,75,78,84,89
random_eq,UPmaxentropy,1115,5,6,14,17,35,41,43,51,63,67,68,69,79,83,89,95
random_eq,UPmaxentropy,1116,1,10,24,27,28,29,30,34,38,49,59,65,70,77,88,98
random_eq,UPmaxentropy,1117,10,18,23,25,34,52,64,69,80,81,86,91,92,94,96,97
random_eq,UPmaxentropy,1118,5,11,13,20,25,34,35,37,47,55,68,76,86,91,99,100
random_eq,UPmaxentropy,1119,5,6,18,32,49,50,51,64,66,67,68,71,76,81,86,97
random_eq,UPmaxentropy,1120,1,5,12,20,24,30,42,45,46,51,55,59,66,75,96,99
random_eq,UPmaxentropy,1121,12,19,25,26,55,56,57,63,67,75,81,84,91,95,97,100
random_eq,UPmaxentropy,1122,5,12,15,20,32,44,45,66,68,70,80,81,86,91,93,99
random_eq,UPmaxentropy,1123,11,19,25,31,38,40,41,45,55,59,66,68,82,84,87,96
random_eq,UPmaxentropy,1124,7,12,16,18,29,30,31,34,39,43,55,63,79,89,92,99
random_eq,UPmaxentropy,1125,1,2,4,8,11,18,43,46,64,69,72,77,78,83,90,98
random_eq,UPmaxentropy,1126,10,26,37,44,45,55,59,60,65,71,72,74,76,78,94,97
random_eq,UPmaxentropy,1127,1,3,11,15,21,29,39,41,46,49,56,64,68,70,79,97
random_eq,UPmaxentropy,1128,8,9,16,29,35,37,43,47,55,61,68,74,76,94,95,98
random_eq,UPmaxentropy,1129,1,13,14,24,25,31,40,41,56,69,75,83,86,89,90,97
random_eq,UPmaxentropy,1130,2,3,6,8,11,13,23,31,33,35,47,58,73,78,83,94
random_eq,UPmaxentropy,1131,3,11,32,34,45,50,55,60,61,67,77,82,92,93,98,100
random_eq,UPmaxentropy,1132,1,7,8,11,26,27,30,40,48,58,61,66,67,76,77,82
random_eq,UPmaxentropy,1133,1,4,7,11,12,39,44,47,49,56,60,64,78,85,86,95
random_eq,UPmaxentropy,1134,14,23,24,25,32,36,42,47,49,55,59,62,63,67,82,93
random_eq,UPmaxentropy,1135,4,7,11,12,14,27,37,43,45,54,55,57,60,84,93,96
random_eq,UPmaxentropy,1136,7,11,13,15,16,21,22,42,49,50,51,54,59,66,86,96
random_eq,UPmaxentropy,1137,7,11,16,21,26,27,30,34,37,41,57,59,60,76,96,97
random_eq,UPmaxentropy,1138,2,5,11,15,18,20,29,54,61,64,77,79,82,91,93,97
random_eq,UPmaxentropy,1139,18,22,23,24,32,36,39,47,48,54,56,72,75,81,98,100
random_eq,UPmaxentropy,1140,6,22,25,27,29,40,41,44,46,56,57,68,72,84,91,96
random_eq,UPmaxentropy,1141,2,3,8,10,25,33,42,45,46,48,49,64,77,79,83,97
random_eq,UPmaxentropy,1142,13,22,24,32,40,47,50,54,55,60,72,73,77,83,91,92
random_eq,UPmaxentropy,1143,20,21,23,33,38,55,58,63,68,72,73,74,82,84,87,92
random_eq,UPmaxentropy,1144,3,8,9,25,31,33,40,44,47,49,63,67,72,87,91,93
random_eq,UPmaxentropy,1145,5,14,22,23,33,44,46,52,58,67,71,75,79,86,91,99
random_eq,UPmaxentropy,1146,8,13,17,35,44,45,48,57,61,67,71,73,76,81,88,95
random_eq,UPmaxentropy,1147,2,13,14,15,23,35,40,47,61,62,64,77,82,86,90,94
random_eq,UPmaxentropy,1148,3,12,22,23,25,30,54,75,76,77,79,80,91,92,93,100
random_eq,UPmaxentropy,1149,3,8,10,17,19,21,22,28,34,35,52,56,63,66,67,83
random_eq,UPmaxentropy,1150,4,8,13,20,24,26,38,42,46,47,58,61,81,83,94,98
random_eq,UPmaxentropy,1151,6,11,12,15,24,26,35,40,44,52,53,66,80,83,91,99
random_eq,UPmaxentropy,1152,13,30,35,36,37,44,51,56,57,58,68,80,82,88,94,95
random_eq,UPmaxentropy,1153,8,10,13,14,21,31,34,35,37,46,58,62,67,81,94,100
random_eq,UPmaxentropy,1154,13,14,16,18,19,22,26,35,51,59,60,66,72,79,86,90
random_eq,UPmaxentropy,1155,2,5,7,21,40,50,51,53,57,59,61,75,81,84,91,100
random_eq,UPmaxentropy,1156,1,6,14,19,23,24,31,36,40,42,62,66,67,86,88,99
random_eq,UPmaxentropy,1157,6,7,9,11,15,25,26,27,35,42,47,65,73,94,98,99
random_eq,UPmaxentropy,1158,9,13,14,31,32,33,36,50,53,54,58,59,64,71,78,82
random_eq,UPmaxentropy,1159,3,11,19,25,26,28,30,46,50,54,57,68,75,82,93,99
random_eq,UPmaxentropy,1160,4,5,11,14,27,28,36,51,52,59,64,67,71,85,87,91
random_eq,UPmaxentropy,1161,3,21,27,32,39,41,44,47,55,61,62,66,67,69,81,98
random_eq,UPmaxentropy,1162,4,5,7,10,14,20,23,27,35,36,38,51,53,83,84,88
random_eq,UPmaxentropy,1163,10,23,27,29,31,36,41,52,56,65,75,76,80,83,85,94
random_eq,UPmaxentropy,1164,3,11,19,20,21,23,24,27,28,38,48,68,78,83,92,98
random_eq,UPmaxentropy,1165,4,5,12,15,32,34,43,45,47,60,70,77,81,86,87,95
random_eq,UPmaxentropy,1166,9,11,12,13,30,36,43,45,48,59,61,63,68,70,74,85
random_eq,UPmaxentropy,1167,6,12,17,24,25,26,34,43,56,58,61,63,82,83,93,95
random_eq,UPmaxentropy,1168,9,12,13,23,27,41,43,52,53,59,60,64,66,71,83,91
random_eq,UPmaxentropy,1169,16,17,18,21,24,39,52,61,62,72,80,88,91,94,97,100
random_eq,UPmaxentropy,1170,6,8,14,17,22,43,59,63,65,68,72,81,82,84,90,100
random_eq,UPmaxentropy,1171,3,21,24,25,34,52,59,60,65,70,73,81,84,86,91,100
random_eq,UPmaxentropy,1172,5,13,15,20,25,33,36,38,43,53,59,62,78,81,88,91
random_eq,UPmaxentropy,1173,2,5,13,31,33,40,44,48,52,66,70,72,86,91,93,98
random_eq,UPmaxentropy,1174,3,9,20,39,43,45,59,61,67,69,76,78,85,96,97,98
random_eq,UPmaxentropy,1175,1,3,5,6,12,20,26,35,38,48,54,67,85,86,88,91
random_eq,UPmaxentropy,1176,17,27,30,33,43,45,46,47,50,51,67,74,78,81,82,85
random_eq,UPmaxentropy,1177,4,10,15,16,41,44,53,60,63,72,74,82,86,89,90,94
random_eq,UPmaxentropy,1178,4,5,13,34,37,39,42,46,47,59,65,75,83,85,96,99
random_eq,UPmaxentropy,1179,3,6,7,28,34,36,40,53,54,59,64,69,70,71,74,92
random_eq,UPmaxentropy,1180,5,9,20,31,41,45,50,52,62,63,69,80,84,86,96,99
random_eq,UPmaxentropy,1181,2,9,12,13,17,18,26,29,30,42,44,50,59,65,84,95
random_eq,UPmaxentropy,1182,2,7,14,21,22,27,32,37,39,51,52,64,71,77,94,97
random_eq,UPmaxentropy,1183,6,23,29,30,42,45,54,56,57,64,71,79,82,89,94,99
random_eq,UPmaxentropy,1184,11,17,31,35,40,51,56,58,60,64,70,71,82,86,96,99
random_eq,UPmaxentropy,1185,9,15,19,27,28,46,47,54,55,56,57,65,69,85,93,98
random_eq,UPmaxentropy,1186,4,9,13,16,21,24,27,35,38,66,81,82,86,88,91,92
random_eq,UPmaxentropy,1187,6,11,13,34,44,56,59,61,73,82,84,91,92,95,96,100
random_eq,UPmaxentropy,1188,7,17,23,26,34,42,56,62,66,78,80,88,91,96,99,100
random_eq,UPmaxentropy,1189,4,21,23,24,33,37,38,40,48,49,54,65,70,71,74,98
random_eq,UPmaxentropy,1190,4,5,23,38,52,53,59,69,70,73,74,75,78,93,94,98
random_eq,UPmaxentropy,1191,25,26,32,37,38,39,45,57,58,63,64,65,67,76,80,96
random_eq,UPmaxentropy,1192,7,17,19,23,27,38,42,46,71,77,79,82,85,88,89,92
random_eq,UPmaxentropy,1193,1,7,10,26,34,38,46,48,60,69,72,75,76,80,94,99
random_eq,UPmaxentropy,1194,2,5,15,20,22,24,33,34,41,44,48,58,62,63,78,83
random_eq,UPmaxentropy,1195,13,15,28,34,41,47,48,60,61,62,69,70,79,88,89,97
random_eq,UPmaxentropy,1196,5,12,20,23,38,47,49,70,72,76,77,78,80,85,91,93
random_eq,UPmaxentropy,1197,7,8,11,12,15,21,30,37,38,50,51,58,61,70,79,88
random_eq,UPmaxentropy,1198,6,7,8,15,29,30,31,41,52,65,70,74,79,81,82,98
random_eq,UPmaxentropy,1199,5,6,7,9,20,23,35,40,54,57,63,71,88,91,96,99
random_eq,UPmaxentropy,1200,6,10,18,27,37,38,39,53,61,70,74,79,86,89,97,100
random_eq,UPmaxentropy,1201,7,15,26,31,33,35,40,42,44,51,61,71,73,82,92,100
random_eq,UPmaxentropy,1202,10,13,18,28,32,35,37,41,42,48,56,61,67,68,87,94
random_eq,UPmaxentropy,1203,1,3,5,6,28,29,35,36,41,60,61,67,70,75,88,89
random_eq,UPmaxentropy,1204,2,3,9,12,17,19,20,36,37,38,46,50,54,79,88,91
random_eq,UPmaxentropy,1205,7,15,16,36,39,48,49,51,58,59,69,70,78,84,93,97
random_eq,UPmaxentropy,1206,1,25,33,38,40,43,47,53,60,67,75,78,81,82,91,100
random_eq,UPmaxentropy,1207,6,11,17,19,37,38,40,53,55,61,76,77,80,81,86,99
random_eq,UPmaxentropy,1208,1,16,17,23,28,32,34,38,48,50,59,64,71,76,84,93
random_eq,UPmaxentropy,1209,12,14,19,20,34,35,53,54,62,67,69,70,71,82,91,92
random_eq,UPmaxentropy,1210,4,28,29,30,37,48,56,57,59,65,73,77,78,79,80,89
random_eq,UPmaxentropy,1211,17,21,22,30,36,38,39,56,63,64,66,70,77,84,85,97
random_eq,UPmaxentropy,1212,5,12,13,26,27,29,31,39,42,57,58,68,70,80,88,93
random_eq,UPmaxentropy,1213,3,4,7,8,12,13,17,36,37,43,48,66,70,87,89,90
random_eq,UPmaxentropy,1214,7,23,28,29,30,31,34,36,41,44,46,58,72,85,90,96
random_eq,UPmaxentropy,1215,1,2,3,7,10,17,19,25,53,55,62,73,75,79,81,82
random_eq,UPmaxentropy,1216,6,23,28,30,33,44,54,67,69,71,81,82,83,89,91,99
random_eq,UPmaxentropy,1217,4,7,10,17,39,49,59,69,73,75,76,77,85,86,93,95
random_eq,UPmaxentropy,1218,6,11,13,14,17,20,26,53,54,55,59,60,70,72,83,97
random_eq,UPmaxentropy,1219,5,6,16,26,29,38,39,42,47,52,61,63,67,76,84,94
random_eq,UPmaxentropy,1220,6,7,17,30,34,40,50,61,63,67,68,83,84,88,92,95
random_eq,UPmaxentropy,1221,1,14,17,21,28,33,36,43,48,54,69,73,74,75,89,93
random_eq,UPmaxentropy,1222,10,11,14,20,23,43,51,56,61,70,73,75,90,91,94,95
random_eq,UPmaxentropy,1223,4,6,7,24,26,31,39,45,67,72,78,79,87,90,97,99
random_eq,UPmaxentropy,1224,12,19,20,27,28,34,49,52,65,71,72,77,82,89,92,98
random_eq,UPmaxentropy,1225,3,6,7,11,15,18,20,35,52,58,59,61,64,76,89,95
random_eq,UPmaxentropy,1226,10,22,35,45,46,56,60,61,63,71,76,81,94,96,98,99
random_eq,UPmaxentropy,1227,7,17,19,23,24,45,46,52,56,64,65,69,76,83,93,98
random_eq,UPmaxentropy,1228,3,14,17,21,25,27,29,34,40,53,55,61,70,72,87,100
random_eq,UPmaxentropy,1229,11,15,20,27,28,35,36,54,63,68,74,76,85,91,93,98
random_eq,UPmaxentropy,1230,2,12,23,33,38,40,42,48,49,50,56,58,61,66,71,73
random_eq,UPmaxentropy,1231,11,22,23,28,45,54,55,57,69,72,76,79,82,88,90,93
random_eq,UPmaxentropy,1232,8,9,15,28,34,35,39,43,48,51,55,57,72,73,83,97
random_eq,UPmaxentropy,1233,5,6,25,30,36,43,45,50,51,56,59,60,71,72,74,75
random_eq,UPmaxentropy,1234,1,7,8,15,17,19,20,21,28,29,37,47,75,81,82,97
random_eq,UPmaxentropy,1235,3,5,6,14,19,23,31,32,34,64,70,76,83,88,96,99
random_eq,UPmaxentropy,1236,5,6,20,21,27,30,32,33,56,58,59,71,76,87,93,96
random_eq,UPmaxentropy,1237,3,5,13,15,17,18,28,29,40,44,50,56,66,79,81,82
random_eq,UPmaxentropy,1238,3,12,14,27,37,38,52,53,65,67,69,71,75,82,91,92
random_eq,UPmaxentropy,1239,7,9,40,46,58,62,63,65,71,72,73,80,81,85,91,98
random_eq,UPmaxentropy,1240,4,16,21,23,30,32,35,43,45,54,74,78,80,92,98,99
random_eq,UPmaxentropy,1241,7,9,17,23,26,27,34,48,58,66,67,68,82,84,96,100
random_eq,UPmaxentropy,1242,5,7,18,20,25,30,32,42,46,60,62,71,77,78,83,99
random_eq,UPmaxentropy,1243,9,16,19,30,36,38,42,51,62,65,73,87,90,91,97,98
random_eq,UPmaxentropy,1244,5,8,10,11,15,16,30,44,45,55,57,59,62,91,94,100
random_eq,UPmaxentropy,1245,12,14,25,31,46,47,52,54,60,69,76,81,94,96,98,100
random_eq,UPmaxentropy,1246,13,16,19,21,24,27,28,33,36,43,46,50,66,72,74,99
random_eq,UPmaxentropy,1247,2,9,20,21,22,31,35,44,47,48,56,57,60,82,84,95
random_eq,UPmaxentropy,1248,12,17,18,24,34,44,48,49,51,57,59,61,63,67,78,79
random_eq,UPmaxentropy,1249,11,12,25,33,38,56,61,64,67,80,81,83,87,92,95,98
random_eq,UPmaxentropy,1250,19,23,26,28,33,37,47,48,49,55,57,59,61,70,90,97
random_eq,UPmaxentropy,1251,2,11,14,21,25,27,37,38,41,47,50,71,74,78,98,100
random_eq,UPmaxentropy,1252,9,19,22,25,34,35,40,46,50,51,57,61,63,66,71,76
random_eq,UPmaxentropy,1253,20,28,37,42,44,48,59,62,64,69,70,72,77,79,95,96
random_eq,UPmaxentropy,1254,8,13,21,24,34,41,48,51,54,55,60,73,77,83,87,100
random_eq,UPmaxentropy,1255,2,10,11,16,17,21,25,32,42,53,60,69,70,76,84,85
random_eq,UPmaxentropy,1256,3,5,6,25,34,35,42,60,65,70,73,83,86,97,98,100
random_eq,UPmaxentropy,1257,1,2,4,18,20,22,40,43,44,45,56,59,70,76,83,92
random_eq,UPmaxentropy,1258,5,11,14,26,31,37,38,39,52,55,58,63,70,87,93,95
random_eq,UPmaxentropy,1259,6,10,11,25,31,38,51,57,62,67,71,79,82,91,92,96
random_eq,UPmaxentropy,1260,6,9,14,21,27,31,32,43,51,57,58,69,71,84,85,95
random_eq,UPmaxentropy,1261,8,13,25,36,38,47,53,59,65,66,68,73,80,84,88,97
random_eq,UPmaxentropy,1262,2,8,12,16,18,21,23,27,33,48,51,65,67,69,81,96
random_eq,UPmaxentropy,1263,18,21,24,28,33,45,46,48,53,56,69,78,81,85,88,89
random_eq,UPmaxentropy,1264,9,13,18,20,22,23,38,40,42,45,49,57,76,80,84,91
random_eq,UPmaxentropy,1265,1,23,41,43,44,47,56,64,69,72,73,80,82,85,90,93
random_eq,UPmaxentropy,1266,15,23,26,35,48,51,53,56,71,73,79,88,92,96,97,100
random_eq,UPmaxentropy,1267,7,17,18,20,30,63,65,69,70,74,77,79,92,95,96,100
random_eq,UPmaxentropy,1268,4,5,6,10,14,15,30,34,35,51,53,64,66,72,73,86
random_eq,UPmaxentropy,1269,6,9,12,22,27,29,37,48,58,67,69,71,82,84,91,100
random_eq,UPmaxentropy,1270,11,14,22,29,38,46,48,56,68,75,78,81,86,89,90,95
random_eq,UPmaxentropy,1271,2,12,17,31,39,40,46,49,54,62,70,71,80,84,89,99
random_eq,UPmaxentropy,1272,4,7,17,27,29,36,40,41,50,74,76,82,84,91,93,99
random_eq,UPmaxentropy,1273,5,6,10,20,24,25,28,31,32,40,62,70,76,84,97,98
random_eq,UPmaxentropy,1274,15,16,29,31,32,33,40,41,54,56,57,74,78,87,92,95
random_eq,UPmaxentropy,1275,2,16,23,46,48,58,59,60,69,73,81,88,91,93,94,96
random_eq,UPmaxentropy,1276,6,10,16,36,37,43,44,45,51,52,65,69,73,79,90,100
random_eq,UPmaxentropy,1277,20,24,25,28,41,47,50,56,68,78,83,84,91,92,95,96
random_eq,UPmaxentropy,1278,7,8,10,18,29,32,37,48,54,55,65,72,78,89,96,98
random_eq,UPmaxentropy,1279,19,29,32,40,46,48,54,57,58,63,67,69,79,83,86,87
random_eq,UPmaxentropy,1280,5,14,15,17,30,41,44,48,53,64,68,75,77,82,84,94
random_eq,UPmaxentropy,1281,18,22,27,32,33,38,44,60,61,66,67,69,83,89,94,97
random_eq,UPmaxentropy,1282,4,7,16,17,20,21,25,42,46,48,50,55,63,87,93,94
random_eq,UPmaxentropy,1283,11,15,17,23,30,32,36,47,57,59,65,68,82,88,90,100
random_eq,UPmaxentropy,1284,9,12,16,35,41,48,50,51,52,56,58,70,74,75,87,91
random_eq,UPmaxentropy,1285,5,21,24,27,38,44,47,49,65,66,71,73,74,77,87,95
random_eq,UPmaxentropy,1286,1,7,9,12,23,24,36,46,49,63,67,78,82,84,88,98
random_eq,UPmaxentropy,1287,14,24,27,31,41,44,52,57,58,66,67,69,72,78,80,95
random_eq,UPmaxentropy,1288,1,2,6,12,14,15,17,20,21,26,45,53,69,76,80,86
random_eq,UPmaxentropy,1289,1,4,13,22,23,36,42,57,59,63,65,70,74,82,86,88
random_eq,UPmaxentropy,1290,6,22,35,38,39,41,42,47,58,67,70,74,75,82,87,97
random_eq,UPmaxentropy,1291,3,5,11,17,44,45,49,53,58,67,74,75,80,86,99,100
random_eq,UPmaxentropy,1292,3,16,31,42,43,54,61,67,70,72,73,78,84,85,90,98
random_eq,UPmaxentropy,1293,1,18,42,43,47,48,50,60,61,62,65,66,75,79,84,94
random_eq,UPmaxentropy,1294,13,14,20,26,36,39,49,52,58,63,73,76,77,79,85,87
random_eq,UPmaxentropy,1295,13,16,20,27,29,31,47,51,61,69,76,80,83,84,85,92
random_eq,UPmaxentropy,1296,2,10,12,20,21,29,48,68,72,78,79,80,81,84,90,92
random_eq,UPmaxentropy,1297,2,4,9,18,29,36,61,62,64,65,72,81,82,83,85,99
random_eq,UPmaxentropy,1298,4,5,13,21,25,38,43,49,59,72,80,89,95,97,99,100
random_eq,UPmaxentropy,1299,10,13,16,21,26,29,31,36,54,73,77,87,93,95,96,97
random_eq,UPmaxentropy,1300,5,18,19,29,38,39,50,54,55,68,71,76,79,90,93,99
random_eq,UPmaxentropy,1301,2,10,12,14,24,57,59,60,63,67,69,72,77,85,92,97
random_eq,UPmaxentropy,1302,2,5,6,23,24,27,43,67,68,70,71,74,75,76,82,100
random_eq,UPmaxentropy,1303,2,11,20,29,32,41,42,45,47,55,75,80,86,89,94,97
random_eq,UPmaxentropy,1304,12,25,26,27,32,41,51,58,60,65,66,73,74,77,78,86
random_eq,UPmaxentropy,1305,6,20,22,25,33,34,35,49,53,56,59,87,90,94,96,98
random_eq,UPmaxentropy,1306,7,10,13,32,33,34,40,49,67,71,73,82,86,88,89,90
random_eq,UPmaxentropy,1307,5,9,15,20,24,26,32,34,38,47,49,59,66,80,88,93
random_eq,UPmaxentropy,1308,5,7,11,19,20,21,30,45,56,60,62,66,73,77,81,82
random_eq,UPmaxentropy,1309,1,3,15,20,22,33,44,46,47,53,57,86,87,90,93,97
random_eq,UPmaxentropy,1310,7,10,15,47,51,52,59,61,62,64,75,77,79,85,94,97
random_eq,UPmaxentropy,1311,1,18,20,23,24,27,33,37,43,64,68,81,91,97,99,100
random_eq,UPmaxentropy,1312,5,10,21,23,31,45,48,54,65,66,71,85,87,89,92,96
random_eq,UPmaxentropy,1313,6,10,14,15,17,27,32,39,48,49,66,71,81,88,91,99
random_eq,UPmaxentropy,1314,4,16,21,27,28,29,45,50,61,66,67,68,74,78,80,90
random_eq,UPmaxentropy,1315,16,25,28,31,36,38,48,55,63,67,76,83,85,90,93,100
random_eq,UPmaxentropy,1316,2,6,11,25,40,41,44,48,53,55,65,71,72,74,75,83
random_eq,UPmaxentropy,1317,1,4,14,31,42,45,50,51,61,70,78,80,82,90,92,95
random_eq,UPmaxentropy,1318,1,2,13,16,17,19,21,32,40,44,47,63,77,79,96,100
random_eq,UPmaxentropy,1319,1,2,26,33,37,51,56,65,67,72,78,84,90,92,94,95
random_eq,UPmaxentropy,1320,5,15,42,43,45,54,65,67,74,76,77,80,85,92,97,99
random_eq,UPmaxentropy,1321,6,11,26,27,29,41,42,46,49,63,64,78,79,80,81,83
random_eq,UPmaxentropy,1322,3,5,7,11,20,29,32,44,46,48,49,51,62,65,83,94
random_eq,UPmaxentropy,1323,4,8,18,21,26,39,40,45,70,79,80,81,88,90,97,100
random_eq,UPmaxentropy,1324,4,9,19,22,28,34,45,46,47,58,67,71,75,88,89,97
random_eq,UPmaxentropy,1325,8,16,29,32,38,46,47,53,54,64,65,71,74,76,79,98
random_eq,UPmaxentropy,1326,23,24,26,30,32,49,56,59,60,64,67,82,88,89,91,98
random_eq,UPmaxentropy,1327,2,12,24,35,39,40,46,51,57,58,63,70,78,79,92,96
random_eq,UPmaxentropy,1328,18,21,24,29,38,41,55,69,70,71,72,76,85,92,96,99
random_eq,UPmaxentropy,1329,4,19,24,37,39,42,50,55,56,73,74,75,82,88,96,97
random_eq,UPmaxentropy,1330,7,11,14,15,17,19,23,33,43,57,60,61,67,69,96,98
random_eq,UPmaxentropy,1331,5,9,11,16,26,29,33,39,54,63,65,70,71,86,92,94
random_eq,UPmaxentropy,1332,8,16,30,38,42,47,51,52,54,60,63,66,69,70,94,95
random_eq,UPmaxentropy,1333,6,8,12,31,32,35,51,52,57,59,63,64,66,73,96,97
random_eq,UPmaxentropy,1334,4,12,13,19,20,24,31,36,46,65,68,71,80,85,86,98
random_eq,UPmaxentropy,1335,12,16,20,24,38,43,50,68,69,71,75,78,87,91,97,99
random_eq,UPmaxentropy,1336,5,8,10,11,35,39,41,45,58,62,69,74,79,80,82,88
random_eq,UPmaxentropy,1337,4,5,7,14,22,23,33,51,59,60,66,68,82,85,87,100
random_eq,UPmaxentropy,1338,2,8,9,21,35,39,41,44,46,54,57,60,83,87,88,97
random_eq,UPmaxentropy,1339,5,6,23,29,33,36,37,39,47,48,57,62,71,73,82,88
random_eq,UPmaxentropy,1340,4,8,9,11,17,22,23,32,39,47,51,54,73,76,84,89
random_eq,UPmaxentropy,1341,4,8,13,15,18,36,37,43,58,64,68,74,89,90,93,99
random_eq,UPmaxentropy,1342,13,14,25,32,47,50,55,60,67,77,86,91,92,94,95,97
random_eq,UPmaxentropy,1343,4,8,15,18,19,25,37,39,45,47,63,68,72,79,92,94
random_eq,UPmaxentropy,1344,5,20,28,37,41,42,44,66,69,71,84,85,88,90,92,93
random_eq,UPmaxentropy,1345,15,20,23,24,32,33,37,38,57,61,62,64,70,71,90,92
random_eq,UPmaxentropy,1346,2,11,37,39,44,52,53,61,63,68,75,76,79,90,96,98
random_eq,UPmaxentropy,1347,9,18,28,29,32,33,34,42,45,47,55,64,66,71,75,80
random_eq,UPmaxentropy,1348,1,15,21,23,28,30,32,48,51,52,53,57,60,67,76,97
random_eq,UPmaxentropy,1349,4,8,16,26,39,43,54,57,62,71,75,80,86,92,97,99
random_eq,UPmaxentropy,1350,7,8,11,18,21,23,30,47,50,52,61,66,79,83,95,97
random_eq,UPmaxentropy,1351,2,7,9,24,34,37,39,49,69,74,78,83,86,88,97,99
random_eq,UPmaxentropy,1352,4,6,16,32,37,40,43,47,49,50,51,55,59,67,83,95
random_eq,UPmaxentropy,1353,3,12,20,32,48,51,54,60,66,77,80,81,82,90,92,96
random_eq,UPmaxentropy,1354,2,15,16,18,19,26,32,36,37,41,49,54,72,73,74,94
random_eq,UPmaxentropy,1355,3,10,11,18,21,22,24,30,35,69,70,73,89,95,96,97
random_eq,UPmaxentropy,1356,10,19,21,22,23,25,46,51,59,62,67,84,89,91,96,98
random_eq,UPmaxentropy,1357,3,8,10,31,32,45,47,53,61,62,70,77,80,81,88,90
random_eq,UPmaxentropy,1358,9,27,32,34,42,51,60,66,67,75,77,83,91,92,94,95
random_eq,UPmaxentropy,1359,2,6,19,21,35,43,45,49,51,53,55,56,68,72,95,99
random_eq,UPmaxentropy,1360,2,3,16,18,21,33,35,41,51,53,71,77,80,81,84,86
random_eq,UPmaxentropy,1361,16,17,18,21,26,30,31,38,53,64,73,78,79,81,82,97
random_eq,UPmaxentropy,1362,1,10,11,14,40,51,55,61,64,79,80,81,85,88,94,100
random_eq,UPmaxentropy,1363,3,6,24,35,42,44,50,58,63,64,69,78,79,91,96,98
random_eq,UPmaxentropy,1364,3,7,14,16,30,35,38,39,41,56,62,66,81,82,91,99
random_eq,UPmaxentropy,1365,28,38,40,44,54,59,60,65,66,71,72,75,87,90,91,96
random_eq,UPmaxentropy,1366,1,14,27,28,38,39,41,43,49,50,75,80,87,93,94,97
random_eq,UPmaxentropy,1367,1,2,18,30,50,53,65,66,67,71,72,79,84,88,97,99
random_eq,UPmaxentropy,1368,24,27,28,34,41,43,45,48,49,52,54,61,62,82,86,100
random_eq,UPmaxentropy,1369,2,12,22,24,26,38,40,42,47,50,55,61,68,69,73,74
random_eq,UPmaxentropy,1370,4,7,9,13,18,34,35,36,41,63,70,79,84,88,91,97
random_eq,UPmaxentropy,1371,2,3,14,17,18,22,28,29,44,54,57,70,72,73,74,77
random_eq,UPmaxentropy,1372,2,5,10,19,20,27,33,37,41,48,56,67,71,73,87,88
random_eq,UPmaxentropy,1373,1,9,18,19,26,29,32,33,47,55,65,78,81,86,88,92
random_eq,UPmaxentropy,1374,5,12,29,35,40,42,51,58,68,72,83,84,89,92,95,99
random_eq,UPmaxentropy,1375,20,27,36,49,51,56,57,61,64,67,71,72,79,83,85,87
random_eq,UPmaxentropy,1376,4,13,14,16,25,28,43,44,62,67,69,72,75,85,87,92
random_eq,UPmaxentropy,1377,2,11,13,19,26,48,52,54,61,65,74,75,87,92,95,100
random_eq,UPmaxentropy,1378,8,9,12,21,27,35,40,43,50,61,63,78,88,98,99,100
random_eq,UPmaxentropy,1379,6,11,13,15,23,32,34,41,46,51,52,53,59,73,74,96
random_eq,UPmaxentropy,1380,23,24,25,26,27,47,49,61,66,67,70,80,82,83,85,90
random_eq,UPmaxentropy,1381,1,7,8,9,19,27,35,41,49,53,58,59,87,90,92,98
random_eq,UPmaxentropy,1382,7,13,15,26,29,48,57,71,77,79,81,82,85,89,90,96
random_eq,UPmaxentropy,1383,5,6,9,11,18,19,20,32,50,57,66,75,81,90,95,98
random_eq,UPmaxentropy,1384,11,15,20,22,30,31,33,43,46,51,52,65,74,83,86,100
random_eq,UPmaxentropy,1385,8,12,18,20,33,35,37,47,50,55,58,64,65,87,97,99
random_eq,UPmaxentropy,1386,2,3,7,23,24,35,41,53,62,65,68,75,77,78,81,84
random_eq,UPmaxentropy,1387,6,9,14,23,24,36,42,48,50,54,63,78,80,88,95,96
random_eq,UPmaxentropy,1388,5,7,8,9,12,23,38,40,41,43,44,64,69,91,95,99
random_eq,UPmaxentropy,1389,9,20,23,25,28,30,55,56,58,59,64,72,77,84,88,92
random_eq,UPmaxentropy,1390,4,9,14,23,42,46,51,59,72,77,83,86,88,91,93,98
random_eq,UPmaxentropy,1391,1,13,17,23,28,29,43,51,54,56,63,81,84,85,90,91
random_eq,UPmaxentropy,1392,9,29,37,40,49,50,52,65,75,79,81,84,86,90,94,98
random_eq,UPmaxentropy,1393,4,5,11,14,32,46,47,49,56,57,61,62,90,91,92,99
random_eq,UPmaxentropy,1394,3,15,17,22,25,47,48,49,50,54,58,64,73,80,85,92
random_eq,UPmaxentropy,1395,9,20,22,30,36,39,46,48,52,54,55,69,80,84,85,100
random_eq,UPmaxentropy,1396,3,7,18,19,30,38,50,63,73,77,83,86,87,97,99,100
random_eq,UPmaxentropy,1397,3,4,14,17,18,30,37,47,52,55,62,63,65,72,76,94
random_eq,UPmaxentropy,1398,1,2,4,20,21,33,36,45,52,53,57,58,61,92,96,98
random_eq,UPmaxentropy,1399,2,4,8,26,28,31,34,36,40,44,59,65,77,78,85,96
random_eq,UPmaxentropy,1400,14,18,28,32,36,39,49,53,57,60,80,84,86,88,89,91
random_eq,UPmaxentropy,1401,2,15,17,20,26,27,29,44,46,49,50,56,67,86,87,88
random_eq,UPmaxentropy,1402,4,5,6,11,15,20,32,34,46,49,54,68,69,84,90,93
random_eq,UPmaxentropy,1403,6,7,22,27,29,31,33,43,49,50,51,58,66,68,92,96
random_eq,UPmaxentropy,1404,8,10,11,12,13,14,17,25,39,40,58,64,67,80,92,100
random_eq,UPmaxentropy,1405,8,24,30,36,50,57,60,62,66,74,80,84,86,90,96,99
random_eq,UPmaxentropy,1406,3,29,39,55,58,64,69,78,79,80,83,85,87,90,92,93
random_eq,UPmaxentropy,1407,10,16,23,25,27,28,37,49,56,71,77,81,84,88,90,94
random_eq,UPmaxentropy,1408,6,11,13,19,27,30,32,43,53,66,68,77,84,88,90,96
random_eq,UPmaxentropy,1409,6,11,25,26,33,34,35,41,47,60,63,67,77,81,82,99
random_eq,UPmaxentropy,1410,4,7,13,14,29,43,49,56,57,60,64,75,82,84,90,99
random_eq,UPmaxentropy,1411,3,9,22,26,27,28,33,40,41,48,55,71,74,75,84,87
random_eq,UPmaxentropy,1412,3,6,15,21,24,26,30,32,38,47,62,68,69,74,81,92
random_eq,UPmaxentropy,1413,5,18,20,23,24,25,29,45,52,59,62,68,77,83,85,95
random_eq,UPmaxentropy,1414,11,14,32,33,36,38,43,45,50,57,62,64,66,72,96,97
random_eq,UPmaxentropy,1415,3,4,9,13,15,23,39,44,48,72,73,74,79,82,92,94
random_eq,UPmaxentropy,1416,5,13,22,34,35,37,38,47,64,66,78,79,81,86,92,94
random_eq,UPmaxentropy,1417,12,16,19,21,27,31,33,34,37,41,61,71,76,79,83,89
random_eq,UPmaxentropy,1418,5,6,21,22,23,28,33,34,39,61,72,76,81,86,87,96
random_eq,UPmaxentropy,1419,19,20,21,27,31,34,35,36,47,60,68,75,78,80,83,97
random_eq,UPmaxentropy,1420,3,10,13,17,20,22,27,35,37,43,53,59,71,81,86,100
random_eq,UPmaxentropy,1421,2,4,10,14,19,37,41,47,55,56,64,80,88,90,92,94
random_eq,UPmaxentropy,1422,3,5,7,8,9,11,35,45,50,51,54,56,60,84,93,97
random_eq,UPmaxentropy,1423,12,14,19,27,31,35,36,37,38,45,57,64,77,85,91,94
random_eq,UPmaxentropy,1424,11,15,33,42,43,50,51,62,64,66,75,76,77,81,83,96
random_eq,UPmaxentropy,1425,2,5,11,15,16,20,23,26,36,38,39,46,62,82,83,96
random_eq,UPmaxentropy,1426,6,10,30,31,32,36,38,46,59,61,73,87,88,90,94,97
random_eq,UPmaxentropy,1427,15,37,49,56,58,60,67,70,71,72,73,76,86,88,94,95
random_eq,UPmaxentropy,1428,4,6,20,23,47,50,51,55,59,62,69,70,74,77,92,95
random_eq,UPmaxentropy,1429,5,13,34,43,51,60,65,69,73,74,82,84,85,86,93,94
random_eq,UPmaxentropy,1430,7,16,37,38,44,46,48,53,56,64,72,81,82,87,92,93
random_eq,UPmaxentropy,1431,13,16,20,21,24,45,48,55,70,79,81,82,84,89,94,97
random_eq,UPmaxentropy,1432,10,14,17,24,25,27,29,30,34,38,49,53,58,84,91,96
random_eq,UPmaxentropy,1433,7,15,16,17,18,20,21,27,34,61,62,65,82,88,90,94
random_eq,UPmaxentropy,1434,4,8,19,29,32,33,48,52,56,64,75,80,86,89,95,97
random_eq,UPmaxentropy,1435,8,14,17,24,25,30,38,40,57,62,70,78,93,94,95,99
random_eq,UPmaxentropy,1436,2,14,21,33,37,39,45,51,53,56,59,60,65,86,97,99
random_eq,UPmaxentropy,1437,1,5,15,27,31,41,44,47,61,62,79,85,89,97,98,99
random_eq,UPmaxentropy,1438,6,11,18,22,23,26,28,29,34,41,51,52,73,85,87,100
random_eq,UPmaxentropy,1439,6,12,13,33,60,61,62,66,68,70,76,77,79,89,90,93
random_eq,UPmaxentropy,1440,7,15,18,22,26,37,46,50,64,68,74,75,77,83,90,96
random_eq,UPmaxentropy,1441,3,9,24,27,32,38,48,51,52,65,78,79,86,88,94,95
random_eq,UPmaxentropy,1442,17,25,31,38,41,44,49,54,64,76,77,78,87,88,93,97
random_eq,UPmaxentropy,1443,2,13,15,18,22,40,50,53,54,58,63,65,66,84,89,96
random_eq,UPmaxentropy,1444,6,13,18,22,30,31,36,47,50,62,76,77,84,87,93,94
random_eq,UPmaxentropy,1445,10,17,22,36,38,53,62,66,69,70,74,76,79,80,81,95
random_eq,UPmaxentropy,1446,14,24,28,31,36,41,49,50,53,74,76,80,88,90,94,98
random_eq,UPmaxentropy,1447,4,9,19,21,22,23,28,33,39,46,52,58,64,72,76,80
random_eq,UPmaxentropy,1448,4,9,10,13,25,31,48,49,51,52,54,59,70,71,85,96
random_eq,UPmaxentropy,1449,10,13,20,22,30,36,48,64,65,66,79,81,86,91,93,99
random_eq,UPmaxentropy,1450,10,12,15,35,38,39,41,54,58,59,61,72,85,88,92,100
random_eq,UPmaxentropy,1451,8,9,17,26,29,38,42,43,44,46,56,60,63,65,84,91
random_eq,UPmaxentropy,1452,1,2,5,7,10,11,13,27,28,30,40,66,75,81,85,94
random_eq,UPmaxentropy,1453,3,10,13,17,21,22,29,30,31,46,59,66,75,86,89,96
random_eq,UPmaxentropy,1454,3,7,10,17,37,40,50,56,57,65,72,83,86,91,92,97
random_eq,UPmaxentropy,1455,2,8,12,24,25,29,31,36,39,41,51,53,80,89,91,100
random_eq,UPmaxentropy,1456,6,12,14,15,16,26,40,44,53,56,61,66,68,86,91,100
random_eq,UPmaxentropy,1457,3,5,15,17,20,28,32,40,52,54,56,59,62,67,68,98
random_eq,UPmaxentropy,1458,4,10,11,17,22,28,31,38,42,50,55,68,70,81,88,91
random_eq,UPmaxentropy,1459,1,9,10,26,42,43,49,55,61,64,65,77,78,89,92,99
random_eq,UPmaxentropy,1460,15,19,20,22,33,35,42,45,65,66,69,70,79,86,92,97
random_eq,UPmaxentropy,1461,8,11,18,22,31,34,35,36,38,39,41,46,50,59,83,91
random_eq,UPmaxentropy,1462,5,9,12,13,24,42,50,52,59,61,63,72,76,87,88,99
random_eq,UPmaxentropy,1463,7,8,10,19,21,27,32,36,48,51,60,66,72,76,77,87
random_eq,UPmaxentropy,1464,5,6,17,23,27,28,30,34,40,41,50,51,64,69,71,99
random_eq,UPmaxentropy,1465,1,13,16,21,25,27,29,36,40,45,52,57,58,74,87,90
random_eq,UPmaxentropy,1466,3,9,10,13,26,30,40,43,44,64,68,71,74,84,86,93
random_eq,UPmaxentropy,1467,4,11,12,25,27,32,38,39,50,53,55,59,66,72,76,99
random_eq,UPmaxentropy,1468,1,21,30,49,51,56,65,71,79,81,86,87,90,92,96,97
random_eq,UPmaxentropy,1469,8,9,14,18,22,24,27,40,51,52,68,79,80,89,98,100
random_eq,UPmaxentropy,1470,22,40,45,47,50,58,62,68,78,82,84,85,86,89,91,97
random_eq,UPmaxentropy,1471,8,18,25,29,40,45,48,54,56,58,72,75,76,79,81,100
random_eq,UPmaxentropy,1472,3,4,7,18,19,26,27,30,49,50,54,67,68,71,73,77
random_eq,UPmaxentropy,1473,1,2,6,7,15,26,34,36,54,62,72,74,76,84,89,92
random_eq,UPmaxentropy,1474,1,22,29,30,33,43,49,56,62,65,68,71,84,85,94,96
random_eq,UPmaxentropy,1475,1,10,14,20,31,42,49,50,51,52,59,67,78,82,88,94
random_eq,UPmaxentropy,1476,5,13,17,19,30,31,37,43,44,59,70,71,80,85,97,99
random_eq,UPmaxentropy,1477,3,7,19,30,33,46,57,60,63,64,71,75,77,90,92,94
random_eq,UPmaxentropy,1478,29,37,38,43,47,49,51,53,55,62,63,71,79,85,86,94
random_eq,UPmaxentropy,1479,11,14,22,27,32,43,50,58,64,69,77,82,94,95,96,100
random_eq,UPmaxentropy,1480,2,5,9,22,25,31,33,34,44,52,54,73,82,84,87,96
random_eq,UPmaxentropy,1481,4,5,14,34,35,38,45,46,53,56,62,65,68,80,89,99
random_eq,UPmaxentropy,1482,7,15,19,22,34,57,60,62,65,77,78,81,83,84,97,98
random_eq,UPmaxentropy,1483,2,20,26,31,42,47,50,53,55,66,71,80,82,89,93,99
random_eq,UPmaxentropy,1484,2,3,6,15,24,41,42,45,48,49,51,74,82,85,87,90
random_eq,UPmaxentropy,1485,9,10,15,30,31,33,35,38,42,61,64,67,68,74,83,87
random_eq,UPmaxentropy,1486,3,6,7,34,40,43,48,51,53,65,67,70,80,84,85,87
random_eq,UPmaxentropy,1487,2,11,23,28,31,32,37,55,60,65,66,67,71,74,83,99
random_eq,UPmaxentropy,1488,12,18,25,31,42,43,47,64,73,75,78,80,83,89,93,95
random_eq,UPmaxentropy,1489,7,9,36,46,54,55,57,70,74,77,80,81,82,84,92,100
random_eq,UPmaxentropy,1490,1,11,26,37,45,61,64,66,67,71,74,89,91,95,97,99
random_eq,UPmaxentropy,1491,2,5,7,14,16,17,25,34,37,39,46,53,75,80,90,97
random_eq,UPmaxentropy,1492,9,12,13,14,18,42,44,49,58,60,63,67,70,87,89,98
random_eq,UPmaxentropy,1493,5,7,10,11,17,25,30,33,44,54,57,63,70,83,92,97
random_eq,UPmaxentropy,1494,5,7,8,12,19,24,33,42,57,69,70,73,78,85,96,99
random_eq,UPmaxentropy,1495,4,9,11,12,23,27,31,42,45,48,52,55,59,62,63,77
random_eq,UPmaxentropy,1496,3,16,18,31,33,34,38,39,44,48,51,55,66,67,96,98
random_eq,UPmaxentropy,1497,1,9,14,17,19,21,42,45,46,50,54,77,81,91,94,99
random_eq,UPmaxentropy,1498,16,29,30,33,36,42,43,58,60,62,65,79,86,88,90,92
random_eq,UPmaxentropy,1499,13,19,24,28,34,35,40,41,55,64,66,68,93,96,98,99
random_eq,UPmaxentropy,1500,17,21,24,28,30,32,37,45,52,53,55,64,75,84,85,91
random_eq,UPmaxentropy,1501,1,4,12,17,21,27,45,54,56,63,65,89,93,96,98,99
random_eq,UPmaxentropy,1502,13,16,19,26,28,49,51,68,76,78,86,88,90,93,95,98
random_eq,UPmaxentropy,1503,18,20,23,27,44,58,67,70,74,83,84,85,86,92,95,96
random_eq,UPmaxentropy,1504,11,15,17,31,34,38,40,53,55,59,69,73,75,78,90,98
random_eq,UPmaxentropy,1505,11,17,23,32,36,41,51,57,59,68,70,76,79,81,83,96
random_eq,UPmaxentropy,1506,9,11,19,21,26,33,43,48,49,50,66,68,78,80,86,93
random_eq,UPmaxentropy,1507,19,23,29,30,40,44,48,55,56,57,58,67,70,93,95,99
random_eq,UPmaxentropy,1508,1,4,18,30,39,43,58,63,68,70,73,77,80,84,85,98
random_eq,UPmaxentropy,1509,6,15,18,19,25,26,30,37,47,54,57,58,60,65,89,98
random_eq,UPmaxentropy,1510,4,6,7,8,16,22,30,33,49,60,73,77,87,89,90,95
random_eq,UPmaxentropy,1511,14,17,21,36,38,53,54,55,58,66,75,85,86,87,89,99
random_eq,UPmaxentropy,1512,1,11,16,20,26,31,33,40,45,49,52,68,75,86,92,93
random_eq,UPmaxentropy,1513,3,4,6,20,23,34,42,46,49,50,53,59,62,67,73,91
random_eq,UPmaxentropy,1514,3,4,14,25,38,42,61,62,64,67,81,84,85,90,93,95
random_eq,UPmaxentropy,1515,15,19,23,25,31,33,41,42,54,63,66,70,77,80,88,94
random_eq,UPmaxentropy,1516,9,14,21,32,44,47,48,53,60,65,68,69,70,76,87,88
random_eq,UPmaxentropy,1517,2,7,54,58,64,69,70,73,74,80,82,89,90,97,98,99
random_eq,UPmaxentropy,1518,7,13,18,24,33,35,39,42,43,44,57,58,65,83,89,96
random_eq,UPmaxentropy,1519,12,22,33,34,35,36,38,41,42,43,45,48,52,54,55,96
random_eq,UPmaxentropy,1520,14,16,17,25,31,37,44,46,47,48,49,63,64,76,79,85
random_eq,UPmaxentropy,1521,2,18,29,32,36,39,40,43,49,55,58,73,74,75,94,96
random_eq,UPmaxentropy,1522,24,25,27,32,37,38,48,51,56,64,72,76,79,88,91,93
random_eq,UPmaxentropy,1523,5,10,17,21,30,32,41,49,52,56,66,67,72,75,79,93
random_eq,UPmaxentropy,1524,2,8,21,22,27,28,30,32,36,50,56,61,73,75,79,96
random_eq,UPmaxentropy,1525,4,12,15,24,27,28,36,42,43,46,64,72,83,88,94,97
random_eq,UPmaxentropy,1526,6,16,17,24,34,40,46,50,51,52,58,63,66,67,90,92
random_eq,UPmaxentropy,1527,2,4,11,23,26,46,57,63,66,68,70,71,76,82,83,95
random_eq,UPmaxentropy,1528,3,8,10,15,19,33,35,39,59,60,62,63,80,81,96,98
random_eq,UPmaxentropy,1529,11,15,19,36,39,41,50,52,75,76,81,83,86,90,95,100
random_eq,UPmaxentropy,1530,7,10,11,15,18,20,22,33,37,38,48,56,59,62,74,85
random_eq,UPmaxentropy,1531,1,3,4,10,14,21,29,54,57,59,66,67,70,80,82,93
random_eq,UPmaxentropy,1532,1,14,22,23,25,43,48,53,56,57,64,76,79,86,90,93
random_eq,UPmaxentropy,1533,4,5,14,16,33,35,37,43,45,46,47,63,79,83,99,100
random_eq,UPmaxentropy,1534,3,7,22,25,29,32,41,55,56,62,63,69,76,84,89,99
random_eq,UPmaxentropy,1535,1,6,13,18,22,26,30,43,60,63,64,65,72,82,83,99
random_eq,UPmaxentropy,1536,17,24,28,34,35,36,43,45,49,70,72,74,75,89,93,94
random_eq,UPmaxentropy,1537,1,4,15,18,41,45,48,53,56,62,73,76,79,80,92,99
random_eq,UPmaxentropy,1538,7,10,14,17,18,30,34,42,50,61,66,69,84,85,92,93
random_eq,UPmaxentropy,1539,1,18,23,24,30,31,37,39,47,50,58,64,65,77,91,99
random_eq,UPmaxentropy,1540,5,9,12,14,17,23,27,28,39,40,45,51,60,70,73,90
random_eq,UPmaxentropy,1541,15,19,28,37,38,46,53,54,56,62,66,72,79,85,87,99
random_eq,UPmaxentropy,1542,8,21,26,29,31,42,47,49,52,70,72,79,81,86,98,99
random_eq,UPmaxentropy,1543,6,25,32,38,46,49,50,52,57,59,62,63,70,72,74,88
random_eq,UPmaxentropy,1544,4,7,22,58,63,68,69,72,75,80,88,91,94,97,98,99
random_eq,UPmaxentropy,1545,4,11,22,23,30,36,37,40,42,51,57,76,84,91,93,97
random_eq,UPmaxentropy,1546,6,9,12,14,15,20,21,22,29,57,61,71,83,88,90,96
random_eq,UPmaxentropy,1547,1,3,9,11,20,22,23,37,38,49,54,55,68,78,81,89
random_eq,UPmaxentropy,1548,7,19,25,42,44,56,65,67,69,71,81,82,85,87,96,98
random_eq,UPmaxentropy,1549,3,5,21,23,24,27,40,46,63,64,66,74,77,78,93,100
random_eq,UPmaxentropy,1550,3,13,20,31,41,62,65,69,83,87,88,92,93,96,97,98
random_eq,UPmaxentropy,1551,2,9,20,37,39,43,53,60,64,65,77,80,82,95,96,99
random_eq,UPmaxentropy,1552,4,6,13,17,18,21,23,36,43,45,51,54,57,63,97,99
random_eq,UPmaxentropy,1553,11,17,30,33,34,35,36,42,53,56,64,70,72,74,82,83
random_eq,UPmaxentropy,1554,1,4,8,10,11,21,24,27,29,36,43,53,58,76,90,98
random_eq,UPmaxentropy,1555,1,8,18,26,29,41,50,53,55,56,58,65,70,74,99,100
random_eq,UPmaxentropy,1556,5,12,15,17,34,35,39,50,54,56,59,66,69,70,80,94
random_eq,UPmaxentropy,1557,12,15,22,27,30,32,43,45,46,61,67,68,72,84,86,95
random_eq,UPmaxentropy,1558,1,2,10,28,35,46,47,54,55,56,76,77,80,89,91,92
random_eq,UPmaxentropy,1559,5,15,16,31,39,41,46,47,50,55,58,66,74,81,82,91
random_eq,UPmaxentropy,1560,1,2,3,7,14,19,20,25,43,44,47,50,57,63,79,90
random_eq,UPmaxentropy,1561,10,14,21,37,38,39,47,52,56,62,66,70,75,90,96,98
random_eq,UPmaxentropy,1562,12,28,31,53,59,60,61,66,70,72,77,86,87,90,95,98
random_eq,UPmaxentropy,1563,4,7,20,24,34,36,38,52,56,58,62,68,73,78,89,100
random_eq,UPmaxentropy,1564,11,18,26,31,38,48,53,54,56,59,61,62,63,65,66,73
random_eq,UPmaxentropy,1565,21,27,35,39,42,53,64,72,76,81,87,89,91,93,98,100
random_eq,UPmaxentropy,1566,7,12,20,27,32,38,46,50,59,73,79,82,84,88,93,98
random_eq,UPmaxentropy,1567,12,14,25,32,52,55,56,59,62,71,73,82,86,87,88,99
random_eq,UPmaxentropy,1568,2,7,15,34,35,39,42,46,66,68,71,74,78,82,89,91
random_eq,UPmaxentropy,1569,1,9,10,21,22,29,30,32,33,36,51,59,68,69,80,95
random_eq,UPmaxentropy,1570,1,6,7,9,12,14,17,22,24,28,30,41,45,47,71,99
random_eq,UPmaxentropy,1571,3,5,16,19,22,30,31,35,47,56,61,65,74,84,86,87
random_eq,UPmaxentropy,1572,2,14,17,19,22,25,42,44,45,50,56,77,89,95,96,99
random_eq,UPmaxentropy,1573,11,12,18,20,27,29,43,59,62,63,68,74,78,81,85,87
random_eq,UPmaxentropy,1574,2,7,10,12,14,18,25,30,33,37,41,46,52,66,72,98
random_eq,UPmaxentropy,1575,6,11,16,22,29,36,43,53,56,67,71,78,82,88,91,93
random_eq,UPmaxentropy,1576,11,16,18,22,25,31,36,38,47,66,69,72,78,86,88,95
random_eq,UPmaxentropy,1577,11,12,19,28,33,52,57,59,62,64,73,78,84,91,95,99
random_eq,UPmaxentropy,1578,10,11,15,20,24,25,61,63,71,77,80,81,89,90,92,94
random_eq,UPmaxentropy,1579,12,23,24,33,34,35,39,51,56,63,64,69,70,73,90,96
random_eq,UPmaxentropy,1580,10,16,20,24,37,40,59,60,66,68,70,76,82,96,98,99
random_eq,UPmaxentropy,1581,4,8,22,26,29,30,42,43,53,56,62,74,78,81,90,99
random_eq,UPmaxentropy,1582,13,15,28,34,36,52,53,54,57,59,65,66,81,82,93,100
random_eq,UPmaxentropy,1583,2,21,32,37,47,55,57,62,65,70,74,83,87,88,91,92
random_eq,UPmaxentropy,1584,1,14,23,27,28,44,45,55,57,66,69,78,85,93,95,99
random_eq,UPmaxentropy,1585,6,23,27,29,30,34,55,70,75,77,80,81,92,96,97,99
random_eq,UPmaxentropy,1586,3,4,5,9,18,28,31,35,48,50,61,66,77,92,93,98
random_eq,UPmaxentropy,1587,6,23,32,36,37,49,51,60,63,65,67,70,79,85,90,100
random_eq,UPmaxentropy,1588,3,4,5,17,35,39,42,44,52,66,72,81,82,83,84,86
random_eq,UPmaxentropy,1589,4,7,16,27,29,45,57,62,69,72,82,85,89,94,97,99
random_eq,UPmaxentropy,1590,1,14,18,40,41,46,63,67,68,70,77,86,89,93,94,99
random_eq,UPmaxentropy,1591,5,6,7,19,21,32,36,45,50,64,72,81,83,88,94,99
random_eq,UPmaxentropy,1592,10,13,14,18,19,21,22,37,62,66,67,70,79,82,97,98
random_eq,UPmaxentropy,1593,7,9,12,16,22,23,30,44,61,68,72,78,83,89,90,93
random_eq,UPmaxentropy,1594,18,23,30,34,39,41,44,50,54,65,67,71,80,97,98,99
random_eq,UPmaxentropy,1595,4,8,14,21,30,32,37,40,61,64,81,83,89,91,94,95
random_eq,UPmaxentropy,1596,15,16,28,33,36,37,47,53,62,66,71,78,85,89,97,98
random_eq,UPmaxentropy,1597,10,16,20,33,54,59,65,66,67,71,75,88,91,94,96,97
random_eq,UPmaxentropy,1598,8,11,21,37,47,50,51,53,64,65,67,74,84,91,92,96
random_eq,UPmaxentropy,1599,2,8,14,18,25,26,30,31,32,51,53,54,61,65,78,94
random_eq,UPmaxentropy,1600,6,21,23,26,33,34,35,44,53,55,56,61,78,86,87,98
random_eq,UPmaxentropy,1601,17,35,47,48,54,71,74,75,81,83,84,89,90,94,97,99
random_eq,UPmaxentropy,1602,4,10,17,23,34,36,41,49,50,52,55,57,73,82,94,99
random_eq,UPmaxentropy,1603,3,5,20,23,27,32,39,44,58,59,60,71,73,80,89,91
random_eq,UPmaxentropy,1604,11,14,15,20,30,31,37,43,56,57,58,60,62,63,65,83
random_eq,UPmaxentropy,1605,1,19,20,25,53,64,65,68,69,70,73,76,77,89,95,98
random_eq,UPmaxentropy,1606,2,8,13,20,23,25,29,33,37,44,45,52,55,57,76,87
random_eq,UPmaxentropy,1607,6,17,18,43,56,65,67,68,70,71,75,76,78,79,86,95
random_eq,UPmaxentropy,1608,12,21,31,36,38,51,53,55,58,68,71,79,85,88,95,99
random_eq,UPmaxentropy,1609,1,6,11,17,19,22,31,37,51,54,61,64,67,68,85,97
random_eq,UPmaxentropy,1610,4,6,7,8,10,15,28,36,44,45,51,60,84,88,90,99
random_eq,UPmaxentropy,1611,6,8,10,11,13,21,29,35,46,53,60,61,65,69,72,73
random_eq,UPmaxentropy,1612,3,20,23,32,35,40,43,48,53,54,57,70,78,80,81,94
random_eq,UPmaxentropy,1613,3,4,11,12,22,28,36,53,61,68,71,72,73,79,97,100
random_eq,UPmaxentropy,1614,4,7,8,10,15,16,32,41,42,44,48,71,86,88,90,94
random_eq,UPmaxentropy,1615,3,5,8,11,13,20,22,34,61,66,70,77,78,87,89,91
random_eq,UPmaxentropy,1616,8,20,23,24,32,37,47,48,57,68,78,83,84,89,92,99
random_eq,UPmaxentropy,1617,4,12,16,19,33,41,46,47,49,58,65,68,81,82,87,97
random_eq,UPmaxentropy,1618,8,13,14,22,26,29,37,42,43,50,55,64,69,75,81,86
random_eq,UPmaxentropy,1619,1,2,9,21,22,27,31,40,46,51,55,57,63,66,67,94
random_eq,UPmaxentropy,1620,6,7,19,27,33,34,37,41,42,57,63,65,73,82,84,97
random_eq,UPmaxentropy,1621,2,8,13,17,18,23,24,31,37,49,50,55,85,86,87,97
random_eq,UPmaxentropy,1622,4,6,9,12,20,40,47,49,62,63,67,69,71,73,88,95
random_eq,UPmaxentropy,1623,1,9,17,21,23,45,46,48,51,54,55,76,79,91,94,100
random_eq,UPmaxentropy,1624,1,3,7,26,34,47,48,50,59,66,73,79,82,85,97,100
random_eq,UPmaxentropy,1625,5,13,27,31,41,54,57,66,68,74,75,83,84,90,97,98
random_eq,UPmaxentropy,1626,9,11,12,15,18,29,45,76,79,80,83,85,86,87,89,95
random_eq,UPmaxentropy,1627,5,19,21,48,56,64,66,68,71,76,78,81,84,86,90,100
random_eq,UPmaxentropy,1628,10,15,16,30,35,39,52,55,69,70,73,76,80,85,95,98
random_eq,UPmaxentropy,1629,12,13,35,40,45,49,52,56,60,62,68,77,85,86,93,98
random_eq,UPmaxentropy,1630,1,10,12,18,19,27,28,32,38,41,52,56,58,65,93,99
random_eq,UPmaxentropy,1631,4,5,13,27,28,31,33,50,63,65,68,69,75,90,91,94
random_eq,UPmaxentropy,1632,17,22,24,28,31,43,53,56,57,60,62,68,76,78,89,95
random_eq,UPmaxentropy,1633,1,8,9,17,18,38,40,45,47,48,52,67,82,84,89,94
random_eq,UPmaxentropy,1634,10,12,24,28,30,32,48,49,56,58,60,61,74,87,89,96
random_eq,UPmaxentropy,1635,15,34,38,39,41,45,49,56,58,60,73,75,80,84,91,94
random_eq,UPmaxentropy,1636,1,2,6,10,17,19,25,27,38,40,57,65,68,72,84,90
random_eq,UPmaxentropy,1637,3,6,11,18,39,43,51,52,65,67,72,76,83,84,88,97
random_eq,UPmaxentropy,1638,1,9,13,15,25,27,28,43,46,69,75,79,87,89,95,100
random_eq,UPmaxentropy,1639,1,3,13,15,18,21,23,40,49,52,57,58,65,66,80,86
random_eq,UPmaxentropy,1640,6,14,16,18,23,25,29,35,38,43,70,75,87,90,91,92
random_eq,UPmaxentropy,1641,13,14,18,20,22,25,27,41,49,50,53,54,55,76,77,79
random_eq,UPmaxentropy,1642,12,14,19,30,33,49,50,59,60,64,66,70,74,78,98,99
random_eq,UPmaxentropy,1643,7,10,12,13,23,27,34,45,50,58,59,65,73,78,84,93
random_eq,UPmaxentropy,1644,2,7,11,12,13,21,22,37,48,52,56,65,80,84,85,97
random_eq,UPmaxentropy,1645,1,18,25,38,47,48,52,53,55,57,65,73,78,85,92,97
random_eq,UPmaxentropy,1646,3,16,27,34,39,40,46,50,53,61,63,65,77,78,88,97
random_eq,UPmaxentropy,1647,1,11,14,26,37,47,49,50,54,61,65,70,80,82,92,93
random_eq,UPmaxentropy,1648,16,17,34,52,53,56,60,66,69,71,74,78,79,82,85,94
random_eq,UPmaxentropy,1649,6,19,23,25,27,36,45,46,47,55,59,76,77,82,93,95
random_eq,UPmaxentropy,1650,7,10,12,13,21,28,32,34,45,50,53,59,74,87,92,95
random_eq,UPmaxentropy,1651,6,9,11,13,14,16,17,27,33,38,44,60,64,68,78,86
random_eq,UPmaxentropy,1652,1,4,6,12,19,24,40,46,49,51,57,58,78,84,85,93
random_eq,UPmaxentropy,1653,2,32,33,39,40,42,46,50,51,55,57,81,84,85,92,97
random_eq,UPmaxentropy,1654,1,5,7,11,14,19,22,29,32,35,49,50,54,57,88,99
random_eq,UPmaxentropy,1655,4,9,11,18,24,33,41,45,46,60,61,63,77,78,89,99
random_eq,UPmaxentropy,1656,1,12,13,26,30,33,34,35,38,39,49,59,60,73,79,91
random_eq,UPmaxentropy,1657,1,6,27,31,34,35,38,40,45,58,64,65,70,78,87,94
random_eq,UPmaxentropy,1658,2,9,16,17,20,25,47,50,52,61,63,65,69,81,93,97
random_eq,UPmaxentropy,1659,5,9,11,12,16,28,31,43,45,52,55,58,76,82,85,97
random_eq,UPmaxentropy,1660,6,11,13,15,16,25,26,27,38,64,66,70,83,84,94,95
random_eq,UPmaxentropy,1661,8,14,18,35,37,41,42,43,50,55,63,73,82,89,92,99
random_eq,UPmaxentropy,1662,3,14,15,17,19,20,27,34,56,57,62,80,93,94,96,100
random_eq,UPmaxentropy,1663,8,12,14,24,35,47,54,55,60,62,75,76,78,80,90,92
random_eq,UPmaxentropy,1664,3,4,9,10,12,30,37,41,45,49,54,63,66,70,93,94
random_eq,UPmaxentropy,1665,2,8,21,28,33,36,41,47,55,56,59,65,73,74,85,92
random_eq,UPmaxentropy,1666,11,14,29,33,39,40,44,47,49,69,73,86,89,95,96,97
random_eq,UPmaxentropy,1667,8,9,10,22,24,30,34,35,39,42,45,53,66,72,91,98
random_eq,UPmaxentropy,1668,2,6,14,24,29,41,54,56,64,65,69,75,80,85,94,96
random_eq,UPmaxentropy,1669,6,9,16,18,28,32,37,42,43,48,57,74,85,90,92,99
random_eq,UPmaxentropy,1670,4,7,12,18,25,31,34,35,43,44,48,57,59,69,73,93
random_eq,UPmaxentropy,1671,13,15,20,22,32,37,42,53,57,78,80,86,89,90,93,96
random_eq,UPmaxentropy,1672,6,8,10,15,19,31,34,50,57,77,78,79,85,87,92,93
random_eq,UPmaxentropy,1673,18,22,28,30,46,54,57,60,76,78,83,84,87,93,94,95
random_eq,UPmaxentropy,1674,6,15,17,28,45,47,48,55,60,65,67,77,79,84,95,98
random_eq,UPmaxentropy,1675,2,20,22,28,35,43,47,57,71,72,76,82,84,85,90,97
random_eq,UPmaxentropy,1676,1,2,8,25,27,28,42,46,68,69,70,79,82,83,94,98
random_eq,UPmaxentropy,1677,12,13,19,21,25,27,30,33,41,57,60,61,81,86,91,95
random_eq,UPmaxentropy,1678,4,18,30,31,34,39,41,45,54,56,60,67,75,77,80,83
random_eq,UPmaxentropy,1679,3,15,21,35,36,41,44,45,48,54,56,66,67,71,73,99
random_eq,UPmaxentropy,1680,6,10,14,18,35,38,39,42,43,49,57,68,85,91,93,97
random_eq,UPmaxentropy,1681,23,33,34,39,45,48,50,56,59,72,73,77,80,90,95,100
random_eq,UPmaxentropy,1682,15,16,21,22,23,32,33,40,42,62,65,66,72,73,90,97
random_eq,UPmaxentropy,1683,4,6,11,17,22,26,29,41,42,59,62,63,69,77,79,96
random_eq,UPmaxentropy,1684,5,10,13,18,24,26,32,36,39,61,71,80,86,89,95,99
random_eq,UPmaxentropy,1685,4,18,23,43,51,61,62,72,77,81,84,87,90,91,97,100
random_eq,UPmaxentropy,1686,7,14,22,23,25,31,32,39,45,53,55,57,60,77,92,100
random_eq,UPmaxentropy,1687,19,20,24,25,29,36,37,41,43,44,46,60,63,79,82,98
random_eq,UPmaxentropy,1688,4,10,15,17,28,29,33,34,39,49,59,70,83,87,91,98
random_eq,UPmaxentropy,1689,19,23,27,34,37,57,69,73,82,86,88,89,90,93,96,97
random_eq,UPmaxentropy,1690,23,24,33,40,42,43,44,49,52,53,56,60,63,75,89,91
random_eq,UPmaxentropy,1691,5,6,13,16,27,31,32,33,39,40,41,51,53,65,81,85
random_eq,UPmaxentropy,1692,5,6,12,23,29,30,39,58,63,66,68,78,81,95,96,100
random_eq,UPmaxentropy,1693,5,14,24,26,29,42,43,48,65,66,72,75,77,82,86,98
random_eq,UPmaxentropy,1694,1,3,13,17,18,40,47,49,53,57,58,64,65,86,91,100
random_eq,UPmaxentropy,1695,10,18,27,41,48,50,55,72,76,84,86,87,90,91,95,98
random_eq,UPmaxentropy,1696,1,3,5,7,16,24,41,47,50,54,57,70,82,88,89,100
random_eq,UPmaxentropy,1697,2,9,19,20,22,23,30,33,37,52,54,57,67,77,84,98
random_eq,UPmaxentropy,1698,3,10,11,23,26,28,37,41,49,50,55,61,64,65,89,91
random_eq,UPmaxentropy,1699,7,10,28,36,37,38,41,49,57,62,72,79,83,89,90,96
random_eq,UPmaxentropy,1700,2,6,12,16,24,40,45,55,62,67,83,85,87,88,93,95
random_eq,UPmaxentropy,1701,15,23,32,38,44,54,55,61,70,71,75,77,78,87,88,100
random_eq,UPmaxentropy,1702,3,8,13,19,23,31,44,47,56,67,73,75,77,82,91,95
random_eq,UPmaxentropy,1703,18,19,27,28,35,42,43,45,53,55,64,70,76,81,84,88
random_eq,UPmaxentropy,1704,1,11,16,19,32,48,49,50,51,53,62,81,84,87,90,95
random_eq,UPmaxentropy,1705,1,13,17,23,24,26,28,32,35,49,53,66,73,76,87,92
random_eq,UPmaxentropy,1706,10,13,14,15,26,32,33,38,42,46,47,60,61,71,79,93
random_eq,UPmaxentropy,1707,5,10,18,28,33,35,41,46,49,52,53,65,72,76,80,86
random_eq,UPmaxentropy,1708,1,3,12,17,24,29,37,49,55,56,59,61,76,79,91,93
random_eq,UPmaxentropy,1709,3,4,9,13,20,28,39,59,72,73,81,83,88,93,96,99
random_eq,UPmaxentropy,1710,19,25,31,32,35,49,53,57,65,66,74,75,81,85,91,97
random_eq,UPmaxentropy,1711,11,22,31,32,33,40,44,45,48,52,64,70,72,75,91,99
random_eq,UPmaxentropy,1712,1,3,9,16,27,35,38,58,62,66,77,80,83,89,91,95
random_eq,UPmaxentropy,1713,3,16,23,24,26,32,35,36,48,65,76,80,81,84,92,96
random_eq,UPmaxentropy,1714,11,15,17,22,23,24,25,38,64,73,79,81,82,88,95,96
random_eq,UPmaxentropy,1715,3,12,20,22,32,38,41,42,55,57,60,61,65,73,80,96
random_eq,UPmaxentropy,1716,10,11,19,22,24,31,36,37,39,41,51,55,61,70,86,98
random_eq,UPmaxentropy,1717,2,5,6,10,13,18,22,24,32,34,38,65,68,73,86,91
random_eq,UPmaxentropy,1718,3,16,20,23,25,26,31,39,41,43,46,52,70,73,93,94
random_eq,UPmaxentropy,1719,3,10,20,31,37,42,44,49,64,67,75,77,79,87,89,92
random_eq,UPmaxentropy,1720,3,4,11,14,16,25,28,30,48,60,62,66,69,82,86,91
random_eq,UPmaxentropy,1721,10,17,18,28,44,46,51,65,71,74,79,80,86,88,89,97
random_eq,UPmaxentropy,1722,1,2,7,10,25,28,41,45,48,54,62,76,79,81,85,92
random_eq,UPmaxentropy,1723,7,15,20,26,28,46,53,55,57,62,76,82,86,89,90,94
random_eq,UPmaxentropy,1724,1,10,31,45,53,54,63,65,71,76,85,86,92,94,95,98
random_eq,UPmaxentropy,1725,8,15,23,24,26,32,48,68,69,70,75,79,85,88,91,94
random_eq,UPmaxentropy,1726,5,6,16,18,21,30,33,44,46,53,57,76,80,81,84,89
random_eq,UPmaxentropy,1727,13,28,39,40,41,43,49,51,52,66,67,68,77,85,90,94
random_eq,UPmaxentropy,1728,7,8,9,20,31,32,35,37,38,40,49,59,62,76,85,87
random_eq,UPmaxentropy,1729,5,7,14,20,22,33,34,43,74,77,81,83,86,87,94,99
random_eq,UPmaxentropy,1730,14,16,24,31,45,47,57,64,71,72,77,79,81,92,93,97
random_eq,UPmaxentropy,1731,6,9,10,15,23,31,35,56,65,69,81,86,94,95,96,99
random_eq,UPmaxentropy,1732,1,3,20,27,32,34,38,40,67,70,80,86,88,89,93,99
random_eq,UPmaxentropy,1733,8,17,42,45,47,53,54,60,66,68,82,85,87,94,98,99
random_eq,UPmaxentropy,1734,3,5,17,21,27,43,47,49,53,59,60,73,82,88,91,97
random_eq,UPmaxentropy,1735,1,8,10,11,17,22,23,24,26,37,60,65,67,79,80,89
random_eq,UPmaxentropy,1736,18,29,38,39,40,44,49,64,65,72,73,75,80,86,87,91
random_eq,UPmaxentropy,1737,2,6,14,34,35,36,39,47,49,50,55,66,71,85,89,95
random_eq,UPmaxentropy,1738,2,11,16,20,30,32,34,41,44,51,55,56,66,67,81,97
random_eq,UPmaxentropy,1739,15,16,30,32,40,41,46,53,58,64,69,77,81,84,88,95
random_eq,UPmaxentropy,1740,1,5,23,28,30,38,52,61,64,66,68,71,77,95,99,100
random_eq,UPmaxentropy,1741,1,6,15,26,29,42,44,53,55,64,67,71,79,84,88,96
random_eq,UPmaxentropy,1742,4,10,20,22,24,38,45,48,49,61,64,70,71,76,79,91
random_eq,UPmaxentropy,1743,4,13,14,26,35,46,47,50,64,65,66,67,75,84,89,98
random_eq,UPmaxentropy,1744,2,10,11,18,20,21,28,30,35,38,49,56,64,73,77,92
random_eq,UPmaxentropy,1745,3,4,9,12,34,38,44,47,49,54,60,70,78,83,87,98
random_eq,UPmaxentropy,1746,24,25,43,44,45,52,53,58,64,65,69,78,82,87,88,91
random_eq,UPmaxentropy,1747,6,16,18,21,24,39,41,43,48,54,57,63,74,79,92,93
random_eq,UPmaxentropy,1748,2,4,8,10,20,23,46,47,48,54,57,60,61,72,76,80
random_eq,UPmaxentropy,1749,4,6,10,11,15,23,26,43,47,51,56,57,65,76,90,99
random_eq,UPmaxentropy,1750,2,10,21,24,37,42,46,48,56,57,63,79,82,83,93,95
random_eq,UPmaxentropy,1751,1,7,12,28,31,33,38,41,44,46,59,60,68,71,72,90
random_eq,UPmaxentropy,1752,1,6,13,14,19,28,36,37,46,52,55,62,67,70,79,83
random_eq,UPmaxentropy,1753,15,16,17,25,26,29,33,41,45,48,51,62,79,83,92,96
random_eq,UPmaxentropy,1754,1,3,7,22,27,30,33,56,65,74,79,80,87,94,96,99
random_eq,UPmaxentropy,1755,3,5,12,16,22,23,24,25,30,37,46,70,75,78,82,95
random_eq,UPmaxentropy,1756,3,13,16,18,29,32,42,48,54,55,56,60,62,76,80,87
random_eq,UPmaxentropy,1757,1,21,28,38,46,51,58,64,70,71,77,81,86,88,90,95
random_eq,UPmaxentropy,1758,7,11,21,26,30,35,36,43,47,50,56,58,82,89,94,99
random_eq,UPmaxentropy,1759,11,19,20,23,27,34,42,49,55,57,68,72,74,90,95,100
random_eq,UPmaxentropy,1760,2,5,6,22,28,29,33,36,38,41,43,64,70,92,94,97
random_eq,UPmaxentropy,1761,6,7,9,10,11,21,25,33,43,52,65,66,78,82,90,100
random_eq,UPmaxentropy,1762,14,15,19,23,24,33,36,45,47,53,66,69,74,81,83,93
random_eq,UPmaxentropy,1763,2,6,14,25,28,62,65,72,79,80,82,86,90,95,98,100
random_eq,UPmaxentropy,1764,5,7,23,29,32,36,39,44,45,47,52,56,68,73,78,89
random_eq,UPmaxentropy,1765,4,7,9,26,36,39,45,51,60,68,70,73,74,90,92,95
random_eq,UPmaxentropy,1766,7,14,16,22,31,42,53,57,60,63,64,66,70,81,84,93
random_eq,UPmaxentropy,1767,4,12,13,21,23,39,43,46,47,48,59,63,72,89,94,95
random_eq,UPmaxentropy,1768,14,24,27,34,36,48,53,56,57,61,62,83,85,86,93,97
random_eq,UPmaxentropy,1769,4,20,23,24,30,31,42,53,56,60,64,65,71,76,83,85
random_eq,UPmaxentropy,1770,5,7,10,12,15,18,24,26,42,50,73,76,82,85,91,99
random_eq,UPmaxentropy,1771,4,12,15,32,37,42,44,45,48,49,58,59,60,70,82,89
random_eq,UPmaxentropy,1772,3,23,27,38,41,42,60,63,68,69,73,74,76,87,95,97
random_eq,UPmaxentropy,1773,4,11,19,20,31,33,44,45,56,63,65,69,78,86,87,99
random_eq,UPmaxentropy,1774,9,13,20,27,32,43,45,48,58,62,73,74,80,83,89,100
random_eq,UPmaxentropy,1775,14,21,24,27,37,46,54,60,67,68,69,80,81,84,89,90
random_eq,UPmaxentropy,1776,11,22,23,28,32,33,35,44,45,58,72,74,84,86,90,96
random_eq,UPmaxentropy,1777,8,16,21,27,32,44,49,53,54,65,67,74,79,82,89,100
random_eq,UPmaxentropy,1778,5,6,15,22,26,32,34,35,37,42,52,54,61,81,87,95
random_eq,UPmaxentropy,1779,11,21,26,43,48,51,55,57,60,70,73,74,79,87,92,100
random_eq,UPmaxentropy,1780,4,9,17,18,27,32,34,42,45,49,55,56,66,78,80,90
random_eq,UPmaxentropy,1781,12,17,29,39,41,42,50,51,52,57,63,65,67,82,91,94
random_eq,UPmaxentropy,1782,7,12,15,28,29,30,37,38,45,54,55,64,70,74,89,94
random_eq,UPmaxentropy,1783,5,7,26,30,35,38,39,41,48,50,63,66,68,69,71,78
random_eq,UPmaxentropy,1784,7,15,22,25,29,35,39,42,46,50,51,71,73,74,85,89
random_eq,UPmaxentropy,1785,15,27,31,33,38,44,53,60,63,73,74,76,79,82,86,99
random_eq,UPmaxentropy,1786,2,16,18,22,27,30,35,37,39,56,69,70,72,73,77,93
random_eq,UPmaxentropy,1787,3,15,20,26,27,30,35,49,63,64,65,77,78,80,98,99
random_eq,UPmaxentropy,1788,17,22,38,41,49,53,55,57,64,65,74,78,81,89,91,95
random_eq,UPmaxentropy,1789,5,10,18,25,26,30,34,36,43,55,58,66,79,82,90,96
random_eq,UPmaxentropy,1790,3,5,30,34,47,49,57,59,60,64,69,73,80,91,95,96
random_eq,UPmaxentropy,1791,5,7,15,31,34,37,46,49,57,77,83,87,91,94,95,97
random_eq,UPmaxentropy,1792,4,5,7,8,14,16,18,22,25,47,57,69,71,74,83,95
random_eq,UPmaxentropy,1793,1,6,12,14,17,18,20,21,39,41,45,49,54,72,80,83
random_eq,UPmaxentropy,1794,8,9,10,17,18,19,24,34,37,42,54,62,63,67,81,89
random_eq,UPmaxentropy,1795,4,12,18,19,23,31,32,36,43,45,54,57,65,72,96,97
random_eq,UPmaxentropy,1796,7,12,19,23,28,34,35,42,50,54,57,60,70,96,97,99
random_eq,UPmaxentropy,1797,3,7,13,14,15,16,17,20,29,48,61,62,64,86,90,97
random_eq,UPmaxentropy,1798,5,15,17,19,33,38,40,46,49,65,66,67,71,77,87,93
random_eq,UPmaxentropy,1799,3,11,16,30,34,44,45,53,55,57,66,67,68,70,71,100
random_eq,UPmaxentropy,1800,16,18,24,25,44,47,48,54,60,64,76,80,83,95,96,99
random_eq,UPmaxentropy,1801,1,4,9,12,15,17,41,43,49,52,56,57,59,65,86,100
random_eq,UPmaxentropy,1802,5,11,21,25,26,30,31,33,45,56,62,68,70,76,79,92
random_eq,UPmaxentropy,1803,9,17,37,40,45,46,61,65,69,74,76,77,82,83,84,85
random_eq,UPmaxentropy,1804,4,6,17,27,37,40,42,44,53,62,69,76,77,81,98,99
random_eq,UPmaxentropy,1805,11,13,15,27,34,35,36,53,59,69,70,72,83,90,93,94
random_eq,UPmaxentropy,1806,8,11,36,48,52,55,64,67,79,81,82,86,89,90,91,94
random_eq,UPmaxentropy,1807,12,16,19,33,35,45,48,51,53,54,60,63,64,71,84,88
random_eq,UPmaxentropy,1808,1,6,7,11,18,25,29,31,39,46,55,74,76,79,97,100
random_eq,UPmaxentropy,1809,11,17,18,19,21,22,23,24,26,32,35,45,49,52,70,98
random_eq,UPmaxentropy,1810,8,14,21,23,28,37,40,49,56,60,64,66,80,82,89,97
random_eq,UPmaxentropy,1811,4,7,17,32,36,37,41,42,44,45,49,53,61,64,72,81
random_eq,UPmaxentropy,1812,9,24,28,30,46,48,49,60,63,71,77,78,80,82,85,97
random_eq,UPmaxentropy,1813,10,14,21,22,36,37,43,58,64,65,68,70,83,89,97,99
random_eq,UPmaxentropy,1814,7,8,11,26,33,38,41,42,43,45,55,63,78,82,87,89
random_eq,UPmaxentropy,1815,1,4,16,24,34,42,45,51,53,67,71,81,86,91,92,95
random_eq,UPmaxentropy,1816,3,7,11,19,30,31,33,39,44,59,60,72,79,86,88,99
random_eq,UPmaxentropy,1817,2,8,9,20,24,34,35,37,43,46,50,51,60,69,74,97
random_eq,UPmaxentropy,1818,5,6,7,16,18,19,25,29,39,56,65,75,83,87,92,94
random_eq,UPmaxentropy,1819,3,8,17,21,29,35,41,47,49,50,53,60,77,87,88,94
random_eq,UPmaxentropy,1820,7,14,20,37,51,57,59,60,67,76,78,79,84,85,95,98
random_eq,UPmaxentropy,1821,6,10,12,14,17,28,33,36,44,46,63,77,78,79,84,89
random_eq,UPmaxentropy,1822,12,18,19,24,29,41,47,48,65,72,77,83,85,86,97,99
random_eq,UPmaxentropy,1823,4,5,10,18,26,37,43,49,51,52,83,85,89,92,93,100
random_eq,UPmaxentropy,1824,18,23,32,35,47,58,65,66,69,76,77,81,84,86,93,97
random_eq,UPmaxentropy,1825,2,16,21,22,24,27,30,35,59,64,69,74,90,91,94,98
random_eq,UPmaxentropy,1826,5,10,18,21,25,33,39,41,43,53,55,70,77,81,92,100
random_eq,UPmaxentropy,1827,6,9,26,29,33,45,46,47,49,51,54,58,59,74,86,98
random_eq,UPmaxentropy,1828,9,18,21,23,37,41,44,54,58,65,73,78,87,90,95,99
random_eq,UPmaxentropy,1829,3,26,27,30,35,36,41,46,50,57,67,76,77,89,94,95
random_eq,UPmaxentropy,1830,4,15,20,34,35,38,41,49,51,55,60,64,76,79,96,99
random_eq,UPmaxentropy,1831,4,20,28,39,41,43,51,52,53,63,65,67,81,96,98,100
random_eq,UPmaxentropy,1832,5,8,40,49,56,60,63,65,67,69,77,80,82,83,85,100
random_eq,UPmaxentropy,1833,7,30,34,37,40,41,42,43,46,58,60,73,80,91,96,99
random_eq,UPmaxentropy,1834,1,4,13,18,24,28,37,39,40,41,60,74,79,80,82,100
random_eq,UPmaxentropy,1835,7,8,10,12,13,17,24,38,39,42,59,72,75,79,80,96
random_eq,UPmaxentropy,1836,2,8,9,13,23,31,32,34,40,41,42,44,57,64,67,99
random_eq,UPmaxentropy,1837,2,7,8,9,21,30,39,44,46,54,55,60,61,64,81,90
random_eq,UPmaxentropy,1838,1,5,18,28,48,51,57,66,68,69,84,86,91,94,95,99
random_eq,UPmaxentropy,1839,3,10,12,14,15,18,21,43,44,55,64,72,73,80,87,89
random_eq,UPmaxentropy,1840,2,6,16,28,30,33,43,49,54,77,80,83,95,96,97,99
random_eq,UPmaxentropy,1841,5,11,19,21,28,34,40,48,55,63,66,78,87,91,94,98
random_eq,UPmaxentropy,1842,13,15,21,26,28,29,30,34,44,57,62,66,70,79,93,94
random_eq,UPmaxentropy,1843,2,4,8,17,22,25,28,34,40,44,55,60,68,73,92,97
random_eq,UPmaxentropy,1844,19,30,39,45,47,58,59,63,66,69,71,80,84,85,87,88
random_eq,UPmaxentropy,1845,10,13,16,20,25,27,30,31,37,41,57,58,62,67,70,88
random_eq,UPmaxentropy,1846,2,9,20,33,37,41,43,48,55,56,64,66,68,70,78,100
random_eq,UPmaxentropy,1847,21,28,31,37,39,41,43,47,53,78,87,89,92,93,94,96
random_eq,UPmaxentropy,1848,4,5,7,10,19,21,23,27,33,39,41,51,52,53,64,67
random_eq,UPmaxentropy,1849,1,3,5,22,31,34,37,39,47,59,64,77,79,81,94,96
random_eq,UPmaxentropy,1850,26,27,31,34,37,52,68,71,74,78,89,91,96,97,98,99
random_eq,UPmaxentropy,1851,12,29,40,50,54,57,58,60,61,63,73,77,80,81,86,98
random_eq,UPmaxentropy,1852,1,13,15,19,23,25,42,45,47,54,59,79,86,89,90,92
random_eq,UPmaxentropy,1853,6,10,16,23,27,28,37,47,54,64,65,78,86,94,99,100
random_eq,UPmaxentropy,1854,3,5,8,13,14,24,28,45,52,54,70,73,80,86,98,100
random_eq,UPmaxentropy,1855,5,12,20,21,28,36,39,42,57,64,65,77,80,81,93,97
random_eq,UPmaxentropy,1856,3,4,5,9,29,31,33,50,52,53,56,58,62,78,81,90
random_eq,UPmaxentropy,1857,15,17,22,25,28,29,38,42,43,48,51,52,70,71,76,90
random_eq,UPmaxentropy,1858,7,8,17,21,25,35,37,38,40,45,53,59,79,81,82,89
random_eq,UPmaxentropy,1859,4,5,22,23,30,35,39,41,47,53,55,65,68,72,91,96
random_eq,UPmaxentropy,1860,3,10,12,13,24,26,31,36,44,55,60,66,67,69,78,97
random_eq,UPmaxentropy,1861,2,4,7,10,16,20,21,30,36,69,73,84,86,87,94,98
random_eq,UPmaxentropy,1862,19,24,32,48,61,62,66,68,73,74,77,79,81,82,88,98
random_eq,UPmaxentropy,1863,7,8,14,19,21,23,24,32,34,35,42,71,73,79,80,94
random_eq,UPmaxentropy,1864,3,21,29,31,39,42,47,60,69,79,80,81,86,90,93,96
random_eq,UPmaxentropy,1865,1,2,9,20,24,30,35,37,43,49,58,66,68,70,80,94
random_eq,UPmaxentropy,1866,6,10,21,26,29,35,46,54,55,57,70,73,85,92,97,100
random_eq,UPmaxentropy,1867,3,7,22,28,31,33,35,36,41,56,57,65,67,76,83,86
random_eq,UPmaxentropy,1868,1,9,19,23,32,36,43,47,61,70,72,73,74,86,92,95
random_eq,UPmaxentropy,1869,7,13,20,21,36,40,45,47,60,63,70,73,75,87,94,95
random_eq,UPmaxentropy,1870,6,7,8,15,26,31,36,37,42,43,45,53,67,69,84,91
random_eq,UPmaxentropy,1871,3,4,5,9,25,30,44,45,47,48,50,75,85,87,89,96
random_eq,UPmaxentropy,1872,5,10,28,30,36,38,39,41,47,50,67,69,75,76,91,95
random_eq,UPmaxentropy,1873,2,4,18,32,37,43,54,57,60,65,66,73,76,86,88,91
random_eq,UPmaxentropy,1874,4,11,13,22,37,38,41,49,53,57,60,62,80,81,82,91
random_eq,UPmaxentropy,1875,11,13,20,25,32,38,50,52,55,67,72,74,77,81,83,84
random_eq,UPmaxentropy,1876,3,24,25,26,27,35,41,42,46,47,49,50,57,69,83,97
random_eq,UPmaxentropy,1877,10,26,28,31,37,39,53,56,58,69,71,78,86,89,93,99
random_eq,UPmaxentropy,1878,13,19,28,29,30,32,36,50,61,62,71,73,78,80,83,86
random_eq,UPmaxentropy,1879,7,8,11,33,35,46,47,58,62,66,80,82,88,90,96,100
random_eq,UPmaxentropy,1880,6,8,26,35,42,47,49,56,62,70,78,83,88,92,95,99
random_eq,UPmaxentropy,1881,14,24,25,29,33,48,51,65,66,70,73,76,79,80,94,95
random_eq,UPmaxentropy,1882,5,10,12,48,49,62,63,64,66,74,77,90,93,95,96,100
random_eq,UPmaxentropy,1883,2,8,17,18,27,30,40,44,45,60,75,79,85,86,89,90
random_eq,UPmaxentropy,1884,1,2,4,22,26,42,43,45,46,52,57,62,67,68,74,79
random_eq,UPmaxentropy,1885,24,29,35,39,41,45,50,59,63,65,66,70,82,87,90,100
random_eq,UPmaxentropy,1886,3,6,21,24,39,42,43,57,60,61,63,67,69,71,89,100
random_eq,UPmaxentropy,1887,15,34,39,52,54,59,62,63,65,68,74,78,79,83,86,89
random_eq,UPmaxentropy,1888,5,9,11,18,22,26,37,41,42,51,63,64,73,79,87,92
random_eq,UPmaxentropy,1889,3,5,17,29,36,55,58,59,67,69,71,80,83,88,89,92
random_eq,UPmaxentropy,1890,2,16,17,24,28,33,42,43,50,55,58,59,61,66,78,82
random_eq,UPmaxentropy,1891,3,9,22,25,26,28,32,34,38,43,47,51,65,68,93,99
random_eq,UPmaxentropy,1892,3,11,32,39,42,44,45,60,64,70,73,75,79,80,84,87
random_eq,UPmaxentropy,1893,5,13,18,31,34,38,55,61,64,65,67,69,82,89,95,97
random_eq,UPmaxentropy,1894,10,15,19,22,23,24,28,31,39,40,42,50,59,83,86,90
random_eq,UPmaxentropy,1895,4,5,20,28,33,43,44,48,50,59,60,70,76,84,92,97
random_eq,UPmaxentropy,1896,1,2,20,25,26,27,32,37,38,50,58,59,68,75,85,87
random_eq,UPmaxentropy,1897,17,20,25,28,31,41,49,54,56,57,58,61,68,71,83,97
random_eq,UPmaxentropy,1898,6,7,11,14,24,31,33,39,53,58,59,62,83,85,97,99
random_eq,UPmaxentropy,1899,2,20,29,37,44,52,56,58,69,76,78,80,85,87,90,95
random_eq,UPmaxentropy,1900,15,17,22,33,37,46,48,49,55,57,58,74,78,84,86,97
random_eq,UPmaxentropy,1901,4,5,9,16,19,25,27,39,45,49,50,61,71,77,90,97
random_eq,UPmaxentropy,1902,13,15,17,18,20,22,30,32,40,55,59,61,62,63,67,79
random_eq,UPmaxentropy,1903,2,3,13,18,21,22,23,30,38,39,42,63,66,69,73,97
random_eq,UPmaxentropy,1904,1,8,12,15,17,28,29,30,43,53,61,80,86,92,93,96
random_eq,UPmaxentropy,1905,8,15,17,19,21,27,36,41,51,54,63,64,69,78,85,95
random_eq,UPmaxentropy,1906,22,35,39,48,51,52,57,67,69,71,72,76,88,91,92,97
random_eq,UPmaxentropy,1907,6,11,12,17,19,23,28,36,41,45,61,62,65,73,94,98
random_eq,UPmaxentropy,1908,6,7,8,11,15,27,38,40,50,51,53,76,81,86,88,100
random_eq,UPmaxentropy,1909,10,12,16,21,25,42,43,54,56,62,71,73,74,83,92,93
random_eq,UPmaxentropy,1910,2,5,6,7,9,14,29,31,32,38,61,65,87,91,92,97
random_eq,UPmaxentropy,1911,12,23,26,28,34,35,38,40,44,52,73,78,82,85,95,96
random_eq,UPmaxentropy,1912,6,7,8,9,15,23,27,30,34,38,57,60,72,75,92,100
random_eq,UPmaxentropy,1913,2,7,11,15,16,19,20,30,45,61,64,69,77,78,98,99
random_eq,UPmaxentropy,1914,4,26,28,35,36,45,46,56,57,63,76,77,90,94,95,100
random_eq,UPmaxentropy,1915,2,4,6,7,8,11,25,29,32,46,48,57,61,71,76,82
random_eq,UPmaxentropy,1916,1,4,8,12,15,44,63,68,70,76,77,87,89,90,96,99
random_eq,UPmaxentropy,1917,2,5,12,24,27,40,42,48,49,58,67,75,91,94,96,98
random_eq,UPmaxentropy,1918,3,4,5,12,15,24,25,34,58,74,80,81,84,91,95,100
random_eq,UPmaxentropy,1919,8,12,13,17,21,25,28,50,51,55,56,66,79,88,89,96
random_eq,UPmaxentropy,1920,3,5,12,13,14,19,22,24,27,28,46,49,51,68,70,93
random_eq,UPmaxentropy,1921,1,7,24,33,43,46,53,58,59,64,73,78,83,89,91,92
random_eq,UPmaxentropy,1922,1,2,3,10,13,27,38,46,47,51,59,60,72,74,84,99
random_eq,UPmaxentropy,1923,3,12,13,14,16,24,26,29,41,45,53,60,70,78,79,89
random_eq,UPmaxentropy,1924,5,8,14,15,16,19,25,31,56,60,61,68,92,97,98,100
random_eq,UPmaxentropy,1925,1,4,8,18,19,21,39,58,61,68,72,74,81,90,92,97
random_eq,UPmaxentropy,1926,5,34,42,45,46,47,51,59,60,66,68,71,75,79,92,97
random_eq,UPmaxentropy,1927,6,10,12,24,27,36,51,62,64,74,75,78,79,89,91,99
random_eq,UPmaxentropy,1928,1,17,18,21,23,30,33,38,46,48,63,65,83,91,92,98
random_eq,UPmaxentropy,1929,5,19,28,35,43,44,59,69,72,80,81,84,92,94,95,99
random_eq,UPmaxentropy,1930,10,16,21,51,55,57,61,63,70,77,80,84,85,93,95,99
random_eq,UPmaxentropy,1931,2,6,11,12,21,39,47,48,50,59,64,69,74,79,83,99
random_eq,UPmaxentropy,1932,5,24,25,29,34,38,40,47,49,52,60,64,70,76,82,97
random_eq,UPmaxentropy,1933,3,6,7,11,21,29,31,35,39,56,58,59,61,64,73,89
random_eq,UPmaxentropy,1934,3,15,20,22,31,36,42,54,57,59,66,71,77,82,89,96
random_eq,UPmaxentropy,1935,2,4,6,8,20,21,25,29,38,47,54,58,60,77,93,98
random_eq,UPmaxentropy,1936,12,18,26,30,33,39,50,53,58,60,64,66,74,82,89,94
random_eq,UPmaxentropy,1937,8,18,19,20,30,36,42,43,62,70,78,79,84,87,91,93
random_eq,UPmaxentropy,1938,3,6,9,12,14,23,32,48,51,55,73,83,85,86,91,98
random_eq,UPmaxentropy,1939,4,14,22,26,35,36,37,39,40,48,53,63,75,80,82,94
random_eq,UPmaxentropy,1940,7,9,10,15,18,23,28,29,39,43,46,62,66,69,76,95
random_eq,UPmaxentropy,1941,6,11,15,25,27,28,35,39,65,67,73,75,79,83,88,94
random_eq,UPmaxentropy,1942,5,7,23,27,28,31,41,47,52,54,57,60,78,79,85,100
random_eq,UPmaxentropy,1943,1,8,10,29,32,33,36,44,49,54,57,59,70,76,89,99
random_eq,UPmaxentropy,1944,1,2,20,28,41,42,46,48,54,57,59,62,81,84,93,96
random_eq,UPmaxentropy,1945,15,16,41,42,45,46,47,54,57,60,62,66,75,78,86,95
random_eq,UPmaxentropy,1946,1,5,28,36,39,44,47,64,66,69,70,71,79,84,93,95
random_eq,UPmaxentropy,1947,26,29,30,31,40,42,46,50,51,61,70,77,81,83,84,98
random_eq,UPmaxentropy,1948,5,10,16,23,24,25,26,31,37,38,42,71,74,79,83,96
random_eq,UPmaxentropy,1949,3,8,14,16,20,22,31,42,49,51,60,65,84,86,96,100
random_eq,UPmaxentropy,1950,9,14,16,26,27,33,40,41,43,47,59,71,73,78,84,86
random_eq,UPmaxentropy,1951,1,4,22,24,27,28,32,39,56,57,61,66,71,92,93,94
random_eq,UPmaxentropy,1952,8,25,37,42,46,48,53,56,60,63,65,74,77,80,81,85
random_eq,UPmaxentropy,1953,1,3,4,6,10,13,15,18,25,38,42,48,55,77,80,89
random_eq,UPmaxentropy,1954,1,2,12,16,22,24,34,45,49,50,60,61,66,67,71,94
random_eq,UPmaxentropy,1955,20,22,29,44,53,56,58,60,63,72,74,75,78,87,91,96
random_eq,UPmaxentropy,1956,1,4,6,8,19,26,27,35,55,57,58,59,60,78,91,95
random_eq,UPmaxentropy,1957,1,3,5,6,7,10,15,33,45,49,70,71,73,88,92,97
random_eq,UPmaxentropy,1958,4,13,16,26,42,47,52,59,63,64,77,79,82,88,93,96
random_eq,UPmaxentropy,1959,1,5,8,10,20,26,27,32,33,40,46,59,61,82,88,97
random_eq,UPmaxentropy,1960,8,11,19,24,38,44,56,57,61,68,75,80,85,86,92,95
random_eq,UPmaxentropy,1961,2,4,5,8,9,26,30,31,41,52,63,74,75,78,83,89
random_eq,UPmaxentropy,1962,17,19,24,25,31,46,52,56,59,63,69,71,78,90,92,100
random_eq,UPmaxentropy,1963,1,8,25,29,31,41,42,50,52,55,58,59,61,80,93,96
random_eq,UPmaxentropy,1964,5,9,11,17,19,24,27,30,33,37,55,62,69,72,77,85
random_eq,UPmaxentropy,1965,9,15,19,24,49,57,65,67,72,82,83,84,85,86,92,100
random_eq,UPmaxentropy,1966,8,9,11,12,34,35,40,43,49,53,77,78,84,94,95,96
random_eq,UPmaxentropy,1967,2,6,19,31,44,54,56,59,67,68,70,77,90,91,93,94
random_eq,UPmaxentropy,1968,20,21,25,29,32,33,47,52,59,60,62,70,82,88,92,96
random_eq,UPmaxentropy,1969,3,4,25,28,51,55,61,63,66,73,83,92,93,94,95,99
random_eq,UPmaxentropy,1970,9,11,12,14,23,55,64,66,67,70,73,74,81,84,85,96
random_eq,UPmaxentropy,1971,1,4,9,16,19,22,30,31,36,57,59,73,75,84,86,99
random_eq,UPmaxentropy,1972,23,28,35,42,50,54,57,64,77,81,82,85,86,93,95,100
random_eq,UPmaxentropy,1973,2,7,21,24,33,42,44,48,50,63,76,78,80,82,83,98
random_eq,UPmaxentropy,1974,5,11,15,21,22,23,45,47,49,50,51,76,77,78,95,97
random_eq,UPmaxentropy,1975,2,3,6,9,10,14,29,33,35,37,39,40,60,76,79,89
random_eq,UPmaxentropy,1976,30,43,47,49,54,56,57,60,61,70,73,74,76,87,97,99
random_eq,UPmaxentropy,1977,7,8,9,17,24,34,54,65,67,71,74,79,87,89,96,98
random_eq,UPmaxentropy,1978,4,5,18,34,39,47,54,59,62,63,64,67,69,70,90,97
random_eq,UPmaxentropy,1979,4,10,21,22,25,27,37,48,58,63,64,68,74,81,87,89
random_eq,UPmaxentropy,1980,6,8,12,32,33,41,50,55,63,64,65,70,79,88,91,92
random_eq,UPmaxentropy,1981,8,10,11,21,30,31,35,36,39,47,65,77,84,94,96,97
random_eq,UPmaxentropy,1982,2,15,17,25,32,40,50,51,53,61,65,75,87,88,94,100
random_eq,UPmaxentropy,1983,23,25,27,32,41,43,44,45,52,54,55,63,70,78,91,97
random_eq,UPmaxentropy,1984,3,4,12,17,40,44,47,50,64,70,72,76,80,81,94,95
random_eq,UPmaxentropy,1985,6,7,12,21,24,52,57,62,65,73,80,84,85,90,92,93
random_eq,UPmaxentropy,1986,3,5,7,9,13,18,22,40,41,64,68,70,71,90,92,93
random_eq,UPmaxentropy,1987,4,9,17,26,33,36,42,59,60,63,68,78,80,89,94,96
random_eq,UPmaxentropy,1988,15,23,24,34,35,47,51,54,55,56,59,80,85,86,94,98
random_eq,UPmaxentropy,1989,21,28,29,31,33,37,44,53,56,60,64,78,88,93,94,96
random_eq,UPmaxentropy,1990,16,18,27,41,47,59,62,64,66,68,70,72,74,86,89,94
random_eq,UPmaxentropy,1991,4,5,10,13,27,28,37,39,52,62,67,68,73,74,79,93
random_eq,UPmaxentropy,1992,9,11,13,17,21,22,31,44,56,58,79,84,92,93,95,97
random_eq,UPmaxentropy,1993,2,7,9,13,18,25,33,35,39,50,54,59,83,87,88,93
random_eq,UPmaxentropy,1994,7,13,15,22,28,29,35,39,41,51,55,57,65,71,72,92
random_eq,UPmaxentropy,1995,2,18,28,30,34,38,46,50,52,53,63,68,74,76,92,94
random_eq,UPmaxentropy,1996,8,12,27,46,56,59,60,64,67,68,73,74,78,85,88,89
random_eq,UPmaxentropy,1997,16,20,37,43,48,51,53,56,57,59,73,78,81,87,92,97
random_eq,UPmaxentropy,1998,5,19,24,36,50,64,65,67,69,76,78,83,86,87,88,98
random_eq,UPmaxentropy,1999,13,21,25,27,30,31,33,42,50,70,72,73,75,84,92,99
random_eq,UPmaxentropy,2000,9,12,21,24,28,29,30,34,40,44,56,62,64,69,82,100
clust_eq,lpm2,1,3,4,7,17,19,20,22,24,25,33,51,59,66,68,86,87
clust_eq,lpm2,2,8,9,11,15,20,25,26,35,38,39,40,41,45,49,90,100
clust_eq,lpm2,3,23,28,29,36,42,53,67,73,77,78,79,84,86,87,89,92
clust_eq,lpm2,4,8,30,35,36,43,45,48,61,73,75,81,83,90,91,93,99
clust_eq,lpm2,5,3,7,16,22,23,30,35,38,45,51,53,57,71,75,81,95
clust_eq,lpm2,6,26,28,30,43,45,54,57,59,62,69,75,76,77,87,89,93
clust_eq,lpm2,7,2,4,7,9,13,19,20,23,30,35,39,42,50,53,70,79
clust_eq,lpm2,8,2,8,28,30,33,34,49,52,66,67,70,74,80,88,96,97
clust_eq,lpm2,9,3,5,10,22,23,36,38,39,54,56,61,68,69,90,97,98
clust_eq,lpm2,10,4,7,14,15,29,33,34,43,46,47,50,60,76,84,88,97
clust_eq,lpm2,11,5,34,44,57,58,59,61,66,72,73,78,79,86,90,94,99
clust_eq,lpm2,12,9,33,34,35,38,41,50,52,56,57,61,65,75,90,95,100
clust_eq,lpm2,13,10,14,15,23,39,42,49,65,74,77,81,84,86,87,88,93
clust_eq,lpm2,14,1,2,3,17,21,30,34,36,41,74,76,78,91,92,99,100
clust_eq,lpm2,15,3,7,14,21,30,31,33,35,39,56,60,72,80,90,92,99
clust_eq,lpm2,16,10,32,35,36,42,45,52,54,60,68,82,89,90,92,94,100
clust_eq,lpm2,17,1,4,6,8,16,19,23,28,38,41,62,66,78,87,96,98
clust_eq,lpm2,18,12,14,18,19,32,33,42,45,46,48,58,82,83,86,93,97
clust_eq,lpm2,19,2,3,13,25,29,30,54,56,67,69,71,72,75,78,85,96
clust_eq,lpm2,20,19,22,24,29,38,39,42,43,48,56,57,61,67,94,95,100
clust_eq,lpm2,21,1,12,15,21,24,26,27,29,31,32,38,53,88,92,94,98
clust_eq,lpm2,22,2,5,9,18,20,36,53,56,61,79,93,94,96,98,99,100
clust_eq,lpm2,23,15,17,33,35,41,44,47,52,54,60,61,68,88,89,92,97
clust_eq,lpm2,24,3,9,15,16,17,21,22,36,38,41,59,77,83,88,91,97
clust_eq,lpm2,25,7,16,28,40,41,46,54,64,71,78,86,91,93,94,96,98
clust_eq,lpm2,26,6,23,24,27,47,57,65,71,75,77,78,81,82,83,86,93
clust_eq,lpm2,27,3,11,16,18,27,56,68,69,71,74,76,88,89,94,97,100
clust_eq,lpm2,28,3,6,7,11,12,13,15,18,35,38,61,78,79,82,84,89
clust_eq,lpm2,29,15,18,26,28,42,52,59,67,73,77,78,85,90,91,94,98
clust_eq,lpm2,30,2,5,7,10,13,20,22,28,39,50,52,56,73,85,87,100
clust_eq,lpm2,31,10,19,23,37,44,47,55,57,58,60,71,74,75,83,88,92
clust_eq,lpm2,32,3,8,18,24,38,42,47,65,67,72,73,75,78,85,92,98
clust_eq,lpm2,33,5,7,8,11,13,14,15,45,51,60,67,73,75,78,90,93
clust_eq,lpm2,34,15,48,53,54,55,57,58,64,70,75,80,82,86,87,97,98
clust_eq,lpm2,35,5,6,10,15,19,21,22,37,40,50,51,67,70,72,81,89
clust_eq,lpm2,36,8,9,20,21,26,51,52,54,65,72,76,83,92,94,95,100
clust_eq,lpm2,37,5,10,13,15,18,28,40,61,70,73,87,89,91,93,96,98
clust_eq,lpm2,38,4,10,22,34,40,46,47,48,49,50,63,74,77,81,89,95
clust_eq,lpm2,39,2,3,4,5,17,20,35,37,43,49,56,61,63,75,78,98
clust_eq,lpm2,40,3,11,17,20,22,26,32,37,40,41,42,60,85,88,95,100
clust_eq,lpm2,41,7,17,24,28,40,41,52,54,59,61,66,68,78,87,92,100
clust_eq,lpm2,42,3,9,10,15,20,34,35,41,42,53,57,70,71,72,75,92
clust_eq,lpm2,43,16,17,34,38,49,51,56,59,62,63,67,84,87,91,95,99
clust_eq,lpm2,44,3,6,15,16,30,35,45,54,67,70,71,82,83,91,96,100
clust_eq,lpm2,45,2,4,10,15,22,23,27,37,43,55,56,69,74,80,89,93
clust_eq,lpm2,46,11,14,17,19,22,27,29,30,43,61,62,80,82,88,95,98
clust_eq,lpm2,47,3,4,11,16,17,20,30,35,37,38,39,41,54,77,78,81
clust_eq,lpm2,48,5,13,16,20,22,30,33,34,40,50,52,54,66,73,90,92
clust_eq,lpm2,49,10,11,15,22,23,44,47,53,54,57,66,67,69,70,72,85
clust_eq,lpm2,50,10,16,17,20,22,29,32,35,51,56,60,63,73,86,87,100
clust_eq,lpm2,51,4,8,9,20,21,35,36,40,48,52,53,59,71,80,81,91
clust_eq,lpm2,52,3,15,16,20,26,30,31,36,50,53,73,74,76,78,87,96
clust_eq,lpm2,53,3,9,11,13,26,29,34,38,43,59,66,69,84,87,99,100
clust_eq,lpm2,54,1,4,5,8,9,10,14,16,23,24,41,46,53,62,85,98
clust_eq,lpm2,55,1,3,23,31,49,59,61,63,64,65,71,80,81,85,93,95
clust_eq,lpm2,56,10,17,19,22,25,44,48,49,53,61,64,71,86,96,98,100
clust_eq,lpm2,57,5,9,10,21,43,51,53,62,66,70,72,73,74,89,94,98
clust_eq,lpm2,58,3,14,25,34,37,45,51,53,55,58,62,68,79,85,95,100
clust_eq,lpm2,59,6,15,36,37,42,49,58,62,71,73,75,76,80,83,92,94
clust_eq,lpm2,60,3,8,13,27,31,33,53,59,61,76,81,82,86,87,95,98
clust_eq,lpm2,61,2,8,12,13,26,31,43,59,60,67,74,75,83,86,88,94
clust_eq,lpm2,62,1,2,6,25,26,38,41,48,52,70,71,83,86,92,94,100
clust_eq,lpm2,63,1,5,6,13,27,37,44,56,64,65,69,83,87,93,99,100
clust_eq,lpm2,64,11,16,24,26,27,48,50,53,55,57,66,67,68,82,84,93
clust_eq,lpm2,65,3,6,9,13,22,31,32,35,38,39,42,70,78,88,94,95
clust_eq,lpm2,66,4,12,13,18,33,34,39,42,52,54,60,66,68,69,77,82
clust_eq,lpm2,67,7,8,21,27,29,30,35,36,54,73,83,85,91,96,97,99
clust_eq,lpm2,68,1,14,25,28,31,33,36,37,40,43,71,83,84,85,92,94
clust_eq,lpm2,69,4,5,9,10,12,15,17,30,54,68,69,87,88,96,97,98
clust_eq,lpm2,70,16,23,29,30,35,42,43,44,45,55,57,64,65,79,84,99
clust_eq,lpm2,71,14,16,22,28,38,39,55,67,72,77,80,88,91,94,95,100
clust_eq,lpm2,72,4,6,7,12,13,17,19,21,35,37,38,39,40,42,48,96
clust_eq,lpm2,73,3,14,27,30,31,40,41,47,55,74,75,82,88,94,96,98
clust_eq,lpm2,74,4,5,8,10,12,28,34,37,39,42,44,46,54,64,65,87
clust_eq,lpm2,75,1,3,10,20,24,28,30,31,34,40,43,50,63,73,81,87
clust_eq,lpm2,76,5,7,10,14,22,29,39,43,48,72,73,80,81,90,93,99
clust_eq,lpm2,77,18,27,29,30,36,37,56,59,61,63,66,67,74,88,93,98
clust_eq,lpm2,78,4,9,17,19,22,33,34,42,53,56,69,74,80,87,93,99
clust_eq,lpm2,79,3,4,7,15,20,36,39,47,60,77,78,79,80,82,89,92
clust_eq,lpm2,80,2,10,18,21,22,24,40,57,58,60,67,68,89,94,96,98
clust_eq,lpm2,81,39,46,47,50,53,55,57,60,62,70,71,72,81,82,84,89
clust_eq,lpm2,82,15,17,18,22,39,47,58,63,64,67,69,78,85,86,88,100
clust_eq,lpm2,83,14,18,21,28,49,55,63,70,79,83,85,88,93,95,96,97
clust_eq,lpm2,84,5,8,12,14,36,37,39,49,54,60,61,65,67,78,90,93
clust_eq,lpm2,85,5,11,13,15,26,34,38,47,51,54,61,63,91,93,94,99
clust_eq,lpm2,86,8,20,23,26,37,47,49,55,57,60,62,66,96,97,99,100
clust_eq,lpm2,87,5,24,30,34,36,39,50,51,52,61,65,70,78,88,89,99
clust_eq,lpm2,88,5,18,20,23,27,34,44,58,68,81,86,87,91,95,97,100
clust_eq,lpm2,89,1,10,15,16,43,51,52,69,72,73,74,76,77,81,90,91
clust_eq,lpm2,90,26,31,35,42,43,49,58,60,62,67,77,79,80,82,86,95
clust_eq,lpm2,91,6,14,46,50,58,61,62,65,72,76,84,85,87,91,95,100
clust_eq,lpm2,92,6,8,16,41,46,52,56,65,66,68,72,83,85,87,92,99
clust_eq,lpm2,93,1,10,40,43,47,49,55,57,58,74,77,82,83,84,86,95
clust_eq,lpm2,94,1,19,23,25,26,36,37,38,47,52,63,69,72,85,89,92
clust_eq,lpm2,95,3,4,7,9,12,15,25,33,40,42,65,66,76,84,96,100
clust_eq,lpm2,96,6,13,24,31,40,42,45,53,56,69,75,76,83,86,93,96
clust_eq,lpm2,97,10,19,23,30,38,42,49,51,53,56,62,68,69,95,96,98
clust_eq,lpm2,98,7,11,12,18,20,23,38,42,47,52,63,71,72,75,82,88
clust_eq,lpm2,99,4,9,15,18,25,35,42,45,47,53,62,67,75,77,78,94
clust_eq,lpm2,100,18,34,37,46,55,62,66,70,71,73,84,87,91,96,97,99
clust_eq,lpm2,101,2,6,11,17,24,27,29,46,57,64,67,68,71,77,86,98
clust_eq,lpm2,102,12,32,36,39,40,43,44,45,46,55,65,76,86,90,95,99
clust_eq,lpm2,103,14,22,26,27,29,34,38,46,47,53,55,57,62,82,85,93
clust_eq,lpm2,104,1,10,25,30,37,43,52,57,65,69,77,84,87,89,94,95
clust_eq,lpm2,105,3,5,6,16,22,23,28,45,54,56,61,71,73,75,78,87
clust_eq,lpm2,106,14,36,39,40,45,46,47,53,58,61,68,70,74,80,82,98
clust_eq,lpm2,107,7,9,10,17,36,45,53,62,67,73,74,79,87,90,93,96
clust_eq,lpm2,108,2,7,14,26,27,28,29,40,55,57,59,63,70,75,85,95
clust_eq,lpm2,109,9,13,17,21,26,35,42,45,57,65,75,77,81,92,93,95
clust_eq,lpm2,110,1,9,15,32,33,36,38,40,46,61,64,65,77,80,84,87
clust_eq,lpm2,111,4,21,44,49,54,55,58,59,65,74,77,78,79,83,86,99
clust_eq,lpm2,112,2,11,12,17,34,39,48,49,51,60,66,69,77,79,91,99
clust_eq,lpm2,113,1,5,10,11,17,20,29,32,44,46,48,49,55,63,71,84
clust_eq,lpm2,114,5,20,21,26,28,56,57,59,62,64,69,73,79,91,93,99
clust_eq,lpm2,115,11,34,36,40,44,51,60,63,71,76,79,87,90,94,99,100
clust_eq,lpm2,116,5,7,9,10,14,34,36,39,40,51,53,54,58,77,79,86
clust_eq,lpm2,117,1,5,10,21,41,42,43,51,52,56,60,66,67,73,79,93
clust_eq,lpm2,118,4,21,37,41,48,54,59,63,66,71,76,78,91,93,94,98
clust_eq,lpm2,119,1,10,37,41,45,47,56,61,62,63,64,74,83,94,99,100
clust_eq,lpm2,120,2,3,5,13,27,32,39,40,48,53,56,67,73,79,86,95
clust_eq,lpm2,121,5,8,10,19,20,21,24,29,37,41,51,62,65,81,96,97
clust_eq,lpm2,122,7,11,12,24,36,37,38,41,42,44,46,51,89,90,91,94
clust_eq,lpm2,123,2,5,18,20,22,28,33,42,45,46,56,69,71,94,96,100
clust_eq,lpm2,124,4,5,6,10,13,15,16,25,29,32,54,66,75,77,82,93
clust_eq,lpm2,125,6,7,11,20,22,25,26,28,37,50,55,70,72,80,86,100
clust_eq,lpm2,126,5,12,14,16,17,31,33,34,59,62,78,84,86,90,95,96
clust_eq,lpm2,127,4,11,18,19,23,35,38,42,46,61,62,63,77,82,83,95
clust_eq,lpm2,128,3,5,9,16,20,22,23,28,29,31,59,69,72,90,91,97
clust_eq,lpm2,129,10,16,23,25,28,29,30,44,64,68,80,83,91,95,97,100
clust_eq,lpm2,130,1,8,14,18,34,37,41,62,72,76,81,88,89,91,94,97
clust_eq,lpm2,131,1,2,10,17,25,32,38,39,41,50,51,62,74,84,92,95
clust_eq,lpm2,132,2,3,14,29,30,39,41,50,53,61,72,75,76,87,97,100
clust_eq,lpm2,133,15,17,19,20,26,34,37,39,40,47,56,68,74,78,99,100
clust_eq,lpm2,134,3,5,10,12,32,34,41,42,45,51,53,57,59,86,95,99
clust_eq,lpm2,135,2,13,14,19,23,31,37,42,44,58,59,83,86,91,92,95
clust_eq,lpm2,136,17,20,31,32,33,36,41,42,48,60,62,66,77,79,90,96
clust_eq,lpm2,137,3,5,8,11,15,18,19,20,22,23,25,26,27,42,60,63
clust_eq,lpm2,138,5,20,21,22,23,44,54,55,66,68,69,72,78,80,97,99
clust_eq,lpm2,139,17,18,20,37,39,40,42,45,48,55,63,70,76,83,84,91
clust_eq,lpm2,140,15,17,40,42,46,47,57,59,69,76,78,79,80,82,85,89
clust_eq,lpm2,141,5,9,16,18,26,43,45,56,67,73,75,81,87,91,93,95
clust_eq,lpm2,142,8,11,25,27,31,34,35,36,38,46,48,52,56,63,80,87
clust_eq,lpm2,143,8,10,14,24,36,52,61,75,84,85,86,88,94,96,97,98
clust_eq,lpm2,144,5,15,17,25,31,36,37,38,42,43,44,53,75,78,83,84
clust_eq,lpm2,145,1,27,29,34,35,36,56,78,79,82,84,85,87,92,94,95
clust_eq,lpm2,146,12,15,22,24,30,31,41,43,46,54,65,66,81,87,93,94
clust_eq,lpm2,147,2,13,16,19,22,24,31,37,52,55,60,77,89,94,96,97
clust_eq,lpm2,148,21,22,30,32,39,48,50,51,52,60,61,72,84,88,91,95
clust_eq,lpm2,149,2,14,22,34,35,40,46,56,58,59,60,61,71,73,78,97
clust_eq,lpm2,150,13,16,17,18,22,24,25,29,68,76,78,84,88,89,90,96
clust_eq,lpm2,151,15,26,28,31,34,38,41,44,45,47,59,60,69,77,91,93
clust_eq,lpm2,152,17,23,31,36,42,46,49,53,56,74,86,89,90,95,96,98
clust_eq,lpm2,153,3,9,16,19,22,25,28,41,46,50,56,68,69,85,89,92
clust_eq,lpm2,154,5,33,36,37,42,51,52,54,55,59,62,66,69,71,75,77
clust_eq,lpm2,155,17,20,22,28,30,41,44,46,52,69,71,74,87,88,92,100
clust_eq,lpm2,156,5,20,22,33,34,36,43,46,47,48,58,61,70,73,80,86
clust_eq,lpm2,157,1,3,7,12,13,17,45,47,66,67,80,86,89,91,92,97
clust_eq,lpm2,158,10,15,19,36,41,44,58,61,64,65,69,83,86,88,94,96
clust_eq,lpm2,159,9,13,16,17,30,40,46,51,52,54,64,65,79,83,90,92
clust_eq,lpm2,160,2,14,17,25,37,40,42,43,57,65,74,76,77,78,88,99
clust_eq,lpm2,161,15,20,25,31,35,42,44,53,54,58,68,85,86,87,88,97
clust_eq,lpm2,162,13,19,35,48,51,52,59,69,74,77,78,82,83,87,91,92
clust_eq,lpm2,163,4,10,16,23,28,30,39,45,54,55,58,66,67,74,79,82
clust_eq,lpm2,164,3,5,15,20,25,26,43,45,47,50,51,64,70,73,91,92
clust_eq,lpm2,165,12,15,16,25,26,36,37,50,52,53,54,68,85,90,91,98
clust_eq,lpm2,166,4,9,10,17,32,43,44,46,47,60,61,71,75,76,77,80
clust_eq,lpm2,167,6,13,24,34,45,50,54,55,56,61,79,85,87,91,93,95
clust_eq,lpm2,168,6,15,19,23,25,30,33,44,55,58,67,71,72,80,88,96
clust_eq,lpm2,169,1,3,19,20,23,24,38,44,59,60,69,78,80,82,88,90
clust_eq,lpm2,170,15,16,17,33,36,40,41,51,59,66,67,68,70,85,88,98
clust_eq,lpm2,171,4,8,10,20,21,40,45,48,53,56,69,73,74,81,86,97
clust_eq,lpm2,172,1,17,21,26,32,36,38,52,60,65,70,72,81,92,98,100
clust_eq,lpm2,173,3,4,12,13,42,51,59,65,66,67,78,81,84,85,86,95
clust_eq,lpm2,174,2,12,13,19,20,24,28,32,40,51,53,56,78,81,91,99
clust_eq,lpm2,175,5,13,17,21,22,27,33,43,46,48,52,55,59,77,83,86
clust_eq,lpm2,176,3,6,13,20,29,33,38,54,59,60,69,74,79,81,84,90
clust_eq,lpm2,177,3,11,18,26,28,35,36,38,42,67,71,73,77,79,83,97
clust_eq,lpm2,178,23,34,35,43,46,55,60,61,70,72,75,77,78,80,82,92
clust_eq,lpm2,179,1,8,10,13,32,33,35,37,38,48,52,59,77,87,89,100
clust_eq,lpm2,180,2,14,18,19,42,43,48,49,52,53,58,59,71,74,82,83
clust_eq,lpm2,181,5,12,14,16,26,34,36,40,42,45,53,68,73,79,82,86
clust_eq,lpm2,182,18,19,26,27,30,48,50,58,61,65,66,67,77,81,82,96
clust_eq,lpm2,183,11,17,32,36,40,42,43,46,64,68,70,71,81,82,85,91
clust_eq,lpm2,184,4,27,39,41,42,46,53,55,62,71,82,83,85,90,93,97
clust_eq,lpm2,185,4,19,20,24,29,42,43,48,62,64,65,69,72,81,94,97
clust_eq,lpm2,186,6,14,17,22,31,36,37,46,47,52,60,65,77,83,95,98
clust_eq,lpm2,187,1,8,9,10,14,15,21,27,28,31,32,40,43,57,81,93
clust_eq,lpm2,188,9,21,22,23,25,31,38,51,58,63,69,72,75,88,89,95
clust_eq,lpm2,189,3,6,13,15,27,32,47,51,55,56,60,66,79,82,98,100
clust_eq,lpm2,190,11,17,43,44,45,48,54,57,58,66,68,76,81,82,87,90
clust_eq,lpm2,191,3,17,24,28,33,34,35,40,42,57,68,69,73,86,88,92
clust_eq,lpm2,192,4,6,12,17,23,33,35,38,39,41,47,48,51,66,79,83
clust_eq,lpm2,193,1,6,27,31,32,40,41,48,51,56,57,59,60,71,83,87
clust_eq,lpm2,194,7,8,11,16,30,33,37,41,46,52,67,75,84,85,99,100
clust_eq,lpm2,195,5,6,9,10,13,14,18,22,23,24,49,53,58,67,70,87
clust_eq,lpm2,196,16,18,28,30,33,44,46,58,59,67,71,75,77,87,95,100
clust_eq,lpm2,197,2,6,15,26,27,32,34,38,52,56,57,75,82,89,92,100
clust_eq,lpm2,198,11,15,46,49,51,52,54,55,56,66,69,78,86,89,91,94
clust_eq,lpm2,199,1,4,8,11,15,25,38,46,47,54,62,63,66,70,80,86
clust_eq,lpm2,200,1,3,7,9,12,20,36,46,51,53,59,60,76,95,98,99
clust_eq,lpm2,201,5,6,34,36,37,46,48,51,56,61,66,78,90,91,93,94
clust_eq,lpm2,202,2,3,24,34,36,41,53,56,58,68,69,73,84,86,89,96
clust_eq,lpm2,203,1,6,7,10,11,29,30,31,44,47,48,64,71,72,80,82
clust_eq,lpm2,204,4,5,17,25,33,35,42,51,60,75,77,82,83,92,93,97
clust_eq,lpm2,205,9,12,15,22,25,31,43,54,64,67,68,71,72,77,87,92
clust_eq,lpm2,206,10,11,15,16,18,19,21,22,28,29,44,49,66,68,70,83
clust_eq,lpm2,207,4,6,7,22,32,36,48,50,61,62,63,72,74,77,78,89
clust_eq,lpm2,208,3,7,21,26,31,66,70,75,77,85,86,88,89,92,97,98
clust_eq,lpm2,209,1,2,8,31,33,35,38,40,55,57,65,70,88,89,92,99
clust_eq,lpm2,210,6,12,13,21,26,37,38,50,57,61,62,64,67,73,75,95
clust_eq,lpm2,211,1,7,11,21,37,40,51,52,53,56,64,72,88,95,97,99
clust_eq,lpm2,212,22,31,45,57,60,61,62,65,70,75,81,82,84,89,94,95
clust_eq,lpm2,213,5,9,15,21,22,26,34,72,75,77,80,81,89,92,93,100
clust_eq,lpm2,214,1,5,8,16,25,26,34,36,39,44,56,60,71,72,99,100
clust_eq,lpm2,215,2,11,13,17,25,42,58,62,66,67,74,75,78,82,88,100
clust_eq,lpm2,216,1,6,7,8,21,29,30,51,57,60,67,71,89,91,92,93
clust_eq,lpm2,217,14,16,18,21,22,28,30,31,45,50,62,63,74,77,83,97
clust_eq,lpm2,218,1,7,12,17,35,36,40,46,53,60,72,73,81,86,92,95
clust_eq,lpm2,219,3,19,25,37,47,50,51,58,59,66,67,72,76,91,97,99
clust_eq,lpm2,220,21,32,39,55,65,66,70,75,77,80,86,88,89,93,99,100
clust_eq,lpm2,221,1,2,5,27,30,32,39,40,49,51,53,61,62,64,82,94
clust_eq,lpm2,222,3,9,12,15,18,32,35,42,43,45,51,58,65,75,81,100
clust_eq,lpm2,223,2,32,33,37,40,52,56,64,66,68,73,80,84,95,96,97
clust_eq,lpm2,224,4,5,7,14,32,46,52,68,72,77,79,82,87,92,94,97
clust_eq,lpm2,225,12,17,20,21,33,36,40,54,61,68,72,74,76,79,83,99
clust_eq,lpm2,226,9,15,21,22,32,41,44,54,57,64,70,85,91,92,93,98
clust_eq,lpm2,227,7,12,14,20,31,33,42,43,46,49,58,59,74,76,82,84
clust_eq,lpm2,228,2,6,10,11,19,36,40,44,58,61,66,68,76,82,85,98
clust_eq,lpm2,229,5,15,20,26,32,39,49,53,64,68,70,80,84,87,88,94
clust_eq,lpm2,230,2,11,32,49,54,58,63,74,79,80,82,83,89,93,94,95
clust_eq,lpm2,231,1,6,13,14,17,28,31,32,42,68,76,85,87,88,93,96
clust_eq,lpm2,232,1,4,10,14,22,25,29,38,48,54,55,67,80,90,94,96
clust_eq,lpm2,233,8,33,42,47,49,51,65,67,68,70,71,73,76,85,92,93
clust_eq,lpm2,234,4,8,15,16,25,26,35,37,38,44,51,57,61,65,79,93
clust_eq,lpm2,235,1,10,21,27,29,30,35,48,53,55,57,64,71,73,77,93
clust_eq,lpm2,236,5,9,20,23,39,42,51,55,58,64,72,75,87,88,91,97
clust_eq,lpm2,237,3,8,14,18,24,26,27,28,30,54,55,68,71,87,91,92
clust_eq,lpm2,238,3,4,8,11,13,14,19,21,26,30,48,55,69,83,95,97
clust_eq,lpm2,239,4,12,23,26,32,45,47,51,60,64,68,79,83,93,95,96
clust_eq,lpm2,240,2,19,25,26,48,49,58,60,65,68,69,70,71,80,92,95
clust_eq,lpm2,241,20,28,41,53,62,66,73,75,76,78,80,82,83,87,91,93
clust_eq,lpm2,242,24,26,28,40,41,51,61,64,67,70,73,86,92,93,97,98
clust_eq,lpm2,243,4,6,20,39,42,57,58,66,68,70,81,84,85,91,94,99
clust_eq,lpm2,244,4,5,6,10,13,32,44,47,56,60,65,66,81,92,94,99
clust_eq,lpm2,245,4,14,15,18,19,38,43,47,56,58,62,85,86,88,91,98
clust_eq,lpm2,246,4,12,16,41,43,47,49,66,67,74,77,78,79,81,82,97
clust_eq,lpm2,247,15,17,25,29,35,49,60,61,67,75,78,84,88,90,91,96
clust_eq,lpm2,248,2,8,12,22,23,28,39,46,61,63,66,72,80,84,85,98
clust_eq,lpm2,249,3,4,10,12,13,16,22,25,37,45,48,64,67,93,95,96
clust_eq,lpm2,250,7,10,15,18,19,20,35,36,45,47,48,50,58,66,70,96
clust_eq,lpm2,251,5,7,12,33,34,36,42,43,44,66,68,77,80,82,88,90
clust_eq,lpm2,252,2,25,30,34,43,45,50,58,64,70,75,80,85,91,92,100
clust_eq,lpm2,253,9,11,18,24,32,38,44,49,50,61,63,66,68,70,78,84
clust_eq,lpm2,254,13,16,19,27,35,37,52,53,58,68,69,81,88,89,95,96
clust_eq,lpm2,255,12,16,24,26,30,31,36,37,50,52,65,67,88,89,90,92
clust_eq,lpm2,256,3,5,6,8,14,20,36,46,49,61,63,73,86,87,91,95
clust_eq,lpm2,257,11,12,13,24,31,33,38,40,42,45,46,48,68,69,75,98
clust_eq,lpm2,258,2,14,23,29,34,36,45,48,53,54,74,77,79,81,92,99
clust_eq,lpm2,259,4,9,10,13,19,23,34,35,38,56,62,66,69,74,91,96
clust_eq,lpm2,260,20,22,23,41,47,51,52,56,74,76,83,87,88,91,92,95
clust_eq,lpm2,261,4,6,7,8,13,24,26,28,40,54,58,59,63,71,83,90
clust_eq,lpm2,262,9,18,21,22,23,53,54,56,61,63,68,74,81,93,98,99
clust_eq,lpm2,263,6,19,35,36,40,42,47,49,59,64,77,83,88,92,93,99
clust_eq,lpm2,264,3,5,7,9,10,13,15,16,32,37,45,50,51,53,58,75
clust_eq,lpm2,265,6,20,21,36,38,48,51,52,56,66,73,75,81,82,91,96
clust_eq,lpm2,266,1,5,7,10,17,21,23,31,32,39,41,54,63,64,86,95
clust_eq,lpm2,267,3,17,19,32,43,51,55,60,64,65,74,75,78,87,88,95
clust_eq,lpm2,268,11,24,30,40,45,53,56,57,61,73,75,85,90,93,97,98
clust_eq,lpm2,269,10,14,18,29,30,46,50,62,63,64,65,79,82,83,90,100
clust_eq,lpm2,270,4,5,15,17,21,23,27,34,43,59,62,75,86,88,89,90
clust_eq,lpm2,271,11,12,28,31,34,36,61,62,66,74,78,79,86,88,90,94
clust_eq,lpm2,272,18,26,28,30,41,52,53,69,70,73,74,79,89,90,97,98
clust_eq,lpm2,273,4,25,29,39,48,50,51,52,54,66,67,75,78,86,87,97
clust_eq,lpm2,274,6,9,19,21,25,27,33,52,56,57,61,64,71,75,94,95
clust_eq,lpm2,275,1,2,4,8,10,18,23,35,43,48,61,62,65,71,86,98
clust_eq,lpm2,276,4,10,23,28,29,55,59,68,69,74,77,80,85,86,90,91
clust_eq,lpm2,277,13,19,22,23,31,39,44,46,58,60,64,69,87,95,97,98
clust_eq,lpm2,278,11,21,23,25,29,38,42,57,63,67,72,73,74,92,94,99
clust_eq,lpm2,279,20,31,38,39,43,47,50,61,68,70,71,72,80,82,88,93
clust_eq,lpm2,280,5,14,18,21,24,29,39,40,49,57,67,79,84,97,98,99
clust_eq,lpm2,281,1,10,14,21,29,30,34,43,46,48,55,77,84,85,94,100
clust_eq,lpm2,282,8,24,31,39,41,43,48,51,61,63,64,67,70,88,90,91
clust_eq,lpm2,283,5,6,8,10,18,22,28,31,34,35,62,71,86,87,88,93
clust_eq,lpm2,284,8,14,15,32,33,45,61,68,70,72,78,84,86,93,98,100
clust_eq,lpm2,285,2,7,20,23,24,27,29,32,36,37,59,60,65,80,84,88
clust_eq,lpm2,286,1,3,12,28,34,38,40,57,67,81,86,88,90,91,97,100
clust_eq,lpm2,287,1,5,8,15,36,47,49,54,58,65,66,86,88,89,96,98
clust_eq,lpm2,288,4,15,33,35,38,47,48,50,52,54,56,57,68,79,89,97
clust_eq,lpm2,289,21,25,27,32,33,36,37,44,50,59,63,71,73,76,93,99
clust_eq,lpm2,290,1,3,4,11,12,15,30,35,37,42,49,55,84,91,94,98
clust_eq,lpm2,291,1,11,14,17,19,24,52,55,61,65,77,81,86,88,99,100
clust_eq,lpm2,292,2,3,17,25,27,48,54,57,61,63,71,76,77,79,86,96
clust_eq,lpm2,293,1,3,7,11,16,49,54,56,66,76,78,83,86,88,91,93
clust_eq,lpm2,294,4,5,11,20,21,23,27,33,34,36,58,68,78,81,86,99
clust_eq,lpm2,295,2,23,35,42,48,51,56,58,65,68,69,71,72,96,97,100
clust_eq,lpm2,296,5,9,18,20,22,27,34,42,59,62,70,77,78,90,95,100
clust_eq,lpm2,297,4,7,12,15,17,26,30,33,48,49,51,62,74,75,83,90
clust_eq,lpm2,298,3,13,17,19,37,47,53,59,64,78,79,81,83,85,99,100
clust_eq,lpm2,299,2,3,10,25,26,43,49,56,58,61,64,68,74,80,88,99
clust_eq,lpm2,300,11,14,41,46,51,52,54,61,68,76,77,82,83,86,87,91
clust_eq,lpm2,301,4,11,12,21,26,41,42,50,67,71,72,76,86,88,97,99
clust_eq,lpm2,302,4,11,15,16,22,30,34,45,52,54,57,76,77,78,89,90
clust_eq,lpm2,303,16,30,35,44,46,50,51,53,56,64,67,71,72,79,95,96
clust_eq,lpm2,304,1,7,9,19,25,39,44,45,51,64,77,90,91,92,93,95
clust_eq,lpm2,305,1,4,15,17,18,22,35,40,43,45,46,47,48,61,67,76
clust_eq,lpm2,306,13,21,25,28,33,46,51,57,58,62,64,69,77,85,95,96
clust_eq,lpm2,307,4,8,27,29,30,35,40,46,47,53,54,68,89,95,96,98
clust_eq,lpm2,308,6,7,8,11,16,20,28,29,44,54,64,72,75,86,88,95
clust_eq,lpm2,309,4,5,6,20,25,26,27,29,32,42,49,75,77,86,94,95
clust_eq,lpm2,310,12,26,31,41,47,51,53,55,66,76,79,85,89,94,96,99
clust_eq,lpm2,311,2,6,7,10,24,30,37,56,57,60,68,72,89,93,94,96
clust_eq,lpm2,312,1,3,5,12,34,53,57,67,69,82,87,88,91,95,97,100
clust_eq,lpm2,313,9,17,29,30,40,43,66,67,78,79,88,89,90,92,98,100
clust_eq,lpm2,314,1,3,5,13,15,17,25,35,45,53,77,80,87,89,96,100
clust_eq,lpm2,315,1,2,6,7,9,10,30,31,34,58,62,65,72,77,89,95
clust_eq,lpm2,316,16,27,40,47,48,57,58,59,60,65,66,70,73,78,83,92
clust_eq,lpm2,317,17,18,21,28,31,33,38,50,54,62,67,78,79,92,95,98
clust_eq,lpm2,318,10,20,29,42,48,49,63,69,70,73,76,77,79,82,90,92
clust_eq,lpm2,319,1,2,9,14,19,25,38,44,45,58,67,70,79,80,89,96
clust_eq,lpm2,320,5,14,23,24,36,42,45,58,65,67,68,70,91,97,98,100
clust_eq,lpm2,321,3,6,17,19,20,27,32,41,42,51,56,59,76,82,85,95
clust_eq,lpm2,322,4,13,20,21,32,44,48,51,56,61,66,75,78,91,92,93
clust_eq,lpm2,323,8,32,33,39,41,42,46,48,49,55,60,76,90,93,96,100
clust_eq,lpm2,324,2,6,13,27,30,35,38,44,55,57,60,65,73,79,93,98
clust_eq,lpm2,325,6,10,19,21,23,31,39,41,55,58,64,66,72,85,98,99
clust_eq,lpm2,326,13,14,22,26,29,35,54,55,57,60,67,77,90,92,94,99
clust_eq,lpm2,327,3,7,12,16,19,21,22,39,73,76,78,80,85,94,97,99
clust_eq,lpm2,328,5,12,13,22,23,44,46,47,51,53,54,61,81,82,85,92
clust_eq,lpm2,329,18,19,25,37,38,40,43,45,58,61,67,71,78,91,94,99
clust_eq,lpm2,330,1,6,14,18,27,33,34,37,41,54,55,60,83,93,94,95
clust_eq,lpm2,331,2,17,18,24,28,33,36,40,54,60,61,70,75,89,92,98
clust_eq,lpm2,332,2,3,4,24,32,33,34,41,50,60,65,70,86,88,89,97
clust_eq,lpm2,333,6,9,17,25,35,36,40,44,65,67,68,73,78,84,85,90
clust_eq,lpm2,334,1,4,5,8,12,28,34,39,40,42,51,83,88,91,95,97
clust_eq,lpm2,335,11,12,13,15,23,24,33,47,51,55,69,72,75,83,85,93
clust_eq,lpm2,336,4,5,10,11,17,20,21,25,41,45,46,48,52,68,71,90
clust_eq,lpm2,337,1,5,11,17,18,30,32,39,52,57,78,82,87,88,95,98
clust_eq,lpm2,338,2,19,34,39,41,48,57,62,66,69,79,81,91,94,97,99
clust_eq,lpm2,339,3,11,14,15,17,29,32,42,46,48,53,57,60,72,79,84
clust_eq,lpm2,340,5,12,15,21,22,28,32,34,36,45,46,77,81,84,93,96
clust_eq,lpm2,341,6,15,30,34,41,44,46,55,56,74,76,78,79,84,94,100
clust_eq,lpm2,342,1,14,15,17,21,26,38,40,51,63,65,69,72,77,86,89
clust_eq,lpm2,343,3,11,20,28,29,30,34,39,41,47,50,51,74,81,84,91
clust_eq,lpm2,344,3,10,24,28,38,49,51,53,55,56,58,60,75,83,87,96
clust_eq,lpm2,345,3,10,12,19,30,41,50,51,60,66,69,79,81,83,97,100
clust_eq,lpm2,346,3,12,16,19,20,22,36,38,50,59,63,71,74,81,88,99
clust_eq,lpm2,347,2,3,4,10,11,16,23,34,35,46,68,72,84,86,95,99
clust_eq,lpm2,348,6,9,10,17,21,25,28,29,41,46,52,64,69,85,91,100
clust_eq,lpm2,349,8,10,13,25,42,44,51,52,66,69,76,79,85,86,88,96
clust_eq,lpm2,350,1,2,9,18,30,33,44,49,50,64,69,71,81,82,88,92
clust_eq,lpm2,351,4,11,14,16,19,27,28,33,49,50,52,58,67,68,86,90
clust_eq,lpm2,352,5,6,16,19,22,27,30,32,49,52,66,70,80,90,96,98
clust_eq,lpm2,353,5,6,21,25,27,36,44,48,49,53,56,67,75,86,88,89
clust_eq,lpm2,354,8,11,12,15,16,17,25,37,45,46,54,57,65,67,76,91
clust_eq,lpm2,355,3,8,9,11,15,18,19,36,43,50,60,64,69,78,91,98
clust_eq,lpm2,356,4,7,13,23,30,34,38,53,59,61,75,85,88,94,95,97
clust_eq,lpm2,357,9,12,13,23,24,33,51,61,62,64,73,79,81,90,92,97
clust_eq,lpm2,358,1,4,8,10,19,20,29,40,42,48,51,64,81,86,90,96
clust_eq,lpm2,359,6,28,34,38,42,45,49,52,58,65,68,73,74,80,89,94
clust_eq,lpm2,360,1,2,11,12,19,29,33,41,60,67,76,78,89,94,95,100
clust_eq,lpm2,361,6,7,26,38,39,44,48,49,50,53,54,58,74,81,83,87
clust_eq,lpm2,362,16,19,24,25,32,40,49,60,63,67,70,75,77,80,96,99
clust_eq,lpm2,363,3,4,19,24,42,55,57,58,63,65,75,85,89,91,94,98
clust_eq,lpm2,364,1,15,19,29,33,37,40,45,55,63,65,72,74,87,94,98
clust_eq,lpm2,365,2,10,17,18,29,31,39,44,55,60,63,64,72,95,98,99
clust_eq,lpm2,366,4,23,44,45,58,60,65,67,71,78,80,81,86,87,92,99
clust_eq,lpm2,367,21,22,34,35,36,40,45,54,61,67,75,85,86,94,96,97
clust_eq,lpm2,368,6,8,13,19,20,32,39,40,45,47,48,51,53,71,84,85
clust_eq,lpm2,369,8,21,25,37,38,43,45,51,56,59,63,66,73,83,93,99
clust_eq,lpm2,370,4,6,11,14,24,34,42,47,48,49,51,52,56,58,60,78
clust_eq,lpm2,371,2,6,15,17,18,22,28,29,32,44,45,64,79,86,98,100
clust_eq,lpm2,372,1,3,6,10,18,30,35,45,47,48,53,56,72,81,83,85
clust_eq,lpm2,373,9,10,16,18,19,24,32,50,52,75,77,81,88,90,92,96
clust_eq,lpm2,374,5,7,15,17,21,27,28,29,32,33,37,39,62,79,96,100
clust_eq,lpm2,375,4,5,11,13,14,23,25,42,56,62,65,68,76,90,99,100
clust_eq,lpm2,376,1,4,15,28,35,40,41,42,46,51,53,56,60,64,69,94
clust_eq,lpm2,377,1,8,16,37,51,58,65,70,71,72,79,85,87,88,98,99
clust_eq,lpm2,378,6,7,9,35,40,45,49,57,59,60,62,65,71,73,77,89
clust_eq,lpm2,379,2,23,24,28,34,36,44,47,59,67,73,75,76,84,86,92
clust_eq,lpm2,380,18,19,30,33,34,42,59,60,62,67,68,77,82,88,93,97
clust_eq,lpm2,381,2,20,29,37,40,51,60,63,69,71,72,81,84,91,94,96
clust_eq,lpm2,382,8,10,31,39,40,49,55,64,66,67,68,70,86,87,95,97
clust_eq,lpm2,383,3,15,17,21,30,31,40,41,48,55,68,76,79,83,88,97
clust_eq,lpm2,384,3,7,9,16,35,46,51,63,65,66,67,72,86,93,94,96
clust_eq,lpm2,385,2,8,10,15,19,22,42,48,49,51,52,64,65,70,97,98
clust_eq,lpm2,386,3,6,10,14,21,22,24,35,41,46,55,77,82,90,96,100
clust_eq,lpm2,387,5,7,16,18,20,22,24,26,30,43,50,58,66,73,84,93
clust_eq,lpm2,388,5,7,11,13,29,30,31,45,47,62,63,64,68,77,78,83
clust_eq,lpm2,389,7,17,20,21,33,36,45,56,62,64,66,68,74,84,96,97
clust_eq,lpm2,390,5,8,9,14,21,24,31,41,43,44,58,65,67,69,80,88
clust_eq,lpm2,391,1,4,27,32,37,44,55,58,63,66,72,76,90,92,94,98
clust_eq,lpm2,392,4,14,22,28,30,42,53,58,61,62,80,84,85,88,94,96
clust_eq,lpm2,393,1,2,3,6,7,8,19,29,45,51,64,65,74,76,81,96
clust_eq,lpm2,394,4,9,12,14,18,22,23,24,49,55,58,63,68,87,92,98
clust_eq,lpm2,395,6,9,19,26,36,39,47,51,52,66,67,69,73,74,94,99
clust_eq,lpm2,396,1,2,8,20,27,34,41,57,62,65,73,76,81,86,95,97
clust_eq,lpm2,397,2,13,21,37,39,45,52,56,64,66,73,79,82,83,94,97
clust_eq,lpm2,398,10,16,22,29,31,38,43,45,57,65,67,85,89,90,94,99
clust_eq,lpm2,399,11,30,33,39,40,42,43,48,57,66,69,70,80,88,90,99
clust_eq,lpm2,400,5,7,14,22,24,28,36,44,53,54,59,67,70,72,78,90
clust_eq,lpm2,401,1,12,17,25,32,39,40,45,47,48,65,74,76,80,97,100
clust_eq,lpm2,402,5,8,10,13,28,29,30,31,32,35,40,42,72,89,91,92
clust_eq,lpm2,403,5,7,20,23,24,26,27,31,34,47,54,70,77,79,86,92
clust_eq,lpm2,404,9,11,16,18,23,24,26,29,32,49,62,68,73,76,92,98
clust_eq,lpm2,405,6,19,21,24,26,28,36,39,41,52,56,61,67,73,85,91
clust_eq,lpm2,406,3,11,17,19,27,28,44,47,49,51,55,59,63,64,66,82
clust_eq,lpm2,407,2,10,15,20,35,41,42,43,46,57,58,64,68,70,73,93
clust_eq,lpm2,408,9,18,19,20,21,22,29,35,49,50,58,60,63,67,92,95
clust_eq,lpm2,409,2,3,4,11,19,25,48,49,56,63,65,75,83,94,95,99
clust_eq,lpm2,410,14,15,23,27,36,37,39,48,50,55,58,61,63,74,80,84
clust_eq,lpm2,411,2,5,11,20,32,34,35,36,50,56,68,72,76,84,93,97
clust_eq,lpm2,412,7,11,16,26,52,54,58,64,66,72,77,79,80,82,86,98
clust_eq,lpm2,413,3,9,42,44,45,49,50,57,59,63,66,79,81,84,85,89
clust_eq,lpm2,414,5,11,32,35,36,40,45,71,75,77,78,81,84,87,93,99
clust_eq,lpm2,415,5,12,20,33,40,42,46,48,49,50,65,73,76,90,97,98
clust_eq,lpm2,416,3,5,16,20,28,35,39,41,46,57,68,73,77,87,94,98
clust_eq,lpm2,417,2,14,25,26,35,40,43,52,56,57,72,73,77,79,82,95
clust_eq,lpm2,418,17,19,22,24,41,57,63,67,68,71,77,81,82,85,96,98
clust_eq,lpm2,419,5,18,22,27,32,37,39,40,56,57,61,62,63,64,83,90
clust_eq,lpm2,420,15,17,19,21,43,48,49,51,53,61,65,67,70,74,75,86
clust_eq,lpm2,421,6,21,32,33,35,36,44,58,61,73,75,80,85,94,95,96
clust_eq,lpm2,422,1,11,14,25,27,28,29,42,49,51,56,67,76,91,94,97
clust_eq,lpm2,423,1,3,6,7,12,14,16,27,31,38,41,54,59,82,83,94
clust_eq,lpm2,424,5,8,9,10,14,27,31,41,42,53,56,79,81,90,95,96
clust_eq,lpm2,425,1,2,12,17,26,31,38,43,44,45,48,55,67,74,84,89
clust_eq,lpm2,426,4,23,25,39,44,46,61,67,70,78,80,85,86,90,92,95
clust_eq,lpm2,427,4,23,35,42,43,58,60,62,65,78,80,82,84,90,91,98
clust_eq,lpm2,428,10,21,24,27,30,31,34,44,56,68,79,81,84,89,93,96
clust_eq,lpm2,429,28,29,36,43,45,51,55,59,66,67,69,76,84,86,91,94
clust_eq,lpm2,430,2,3,7,8,10,18,27,41,43,56,67,73,75,86,89,95
clust_eq,lpm2,431,1,24,27,30,41,42,56,58,59,60,62,67,79,81,84,97
clust_eq,lpm2,432,1,6,11,30,32,42,48,50,51,52,72,73,74,78,81,89
clust_eq,lpm2,433,1,6,15,19,21,26,34,52,58,62,72,74,81,82,91,100
clust_eq,lpm2,434,4,16,17,20,23,33,34,37,38,46,49,52,66,82,92,97
clust_eq,lpm2,435,6,10,14,15,21,22,23,29,30,55,59,67,76,88,90,100
clust_eq,lpm2,436,1,6,10,18,29,32,42,44,60,66,73,84,89,93,95,96
clust_eq,lpm2,437,2,4,10,11,13,20,28,42,45,52,61,68,70,74,76,86
clust_eq,lpm2,438,5,9,11,15,16,23,29,36,53,73,80,81,83,85,91,97
clust_eq,lpm2,439,1,7,11,26,36,45,47,56,60,67,73,76,82,90,91,93
clust_eq,lpm2,440,4,17,33,37,40,43,45,51,52,55,59,71,76,77,83,87
clust_eq,lpm2,441,5,17,28,44,49,51,55,57,58,60,64,68,69,90,91,92
clust_eq,lpm2,442,3,5,24,25,31,34,36,41,43,47,48,58,63,68,79,89
clust_eq,lpm2,443,1,4,10,16,17,28,29,34,69,71,72,74,76,80,90,92
clust_eq,lpm2,444,9,10,12,24,38,42,44,49,50,57,65,67,68,71,97,100
clust_eq,lpm2,445,7,17,25,35,43,44,47,49,54,75,78,86,89,92,99,100
clust_eq,lpm2,446,9,11,29,32,33,46,47,52,57,61,66,73,76,77,80,99
clust_eq,lpm2,447,4,7,8,15,19,22,24,40,41,42,43,47,56,68,72,76
clust_eq,lpm2,448,27,31,33,41,43,52,56,58,60,66,67,68,82,87,88,98
clust_eq,lpm2,449,3,9,18,20,24,27,34,38,42,56,57,63,75,92,94,99
clust_eq,lpm2,450,2,7,9,22,27,43,44,48,49,57,65,70,74,77,88,89
clust_eq,lpm2,451,11,13,20,25,37,46,47,51,69,73,74,76,84,93,94,97
clust_eq,lpm2,452,2,15,24,28,34,39,40,45,56,67,79,80,86,91,94,100
clust_eq,lpm2,453,2,3,6,12,25,35,38,39,50,51,57,64,65,69,75,88
clust_eq,lpm2,454,1,7,9,15,16,31,36,38,41,44,45,50,56,90,96,97
clust_eq,lpm2,455,3,15,24,37,38,41,42,45,50,51,53,69,73,75,96,98
clust_eq,lpm2,456,6,7,11,13,21,24,40,49,54,58,62,67,76,78,85,86
clust_eq,lpm2,457,21,30,32,39,41,44,45,46,50,56,60,75,76,84,98,99
clust_eq,lpm2,458,9,12,22,27,37,41,43,55,57,69,71,76,88,94,97,99
clust_eq,lpm2,459,1,2,3,17,25,26,30,36,49,70,73,74,78,83,95,97
clust_eq,lpm2,460,26,27,28,38,43,50,59,61,66,67,68,70,80,88,93,95
clust_eq,lpm2,461,2,3,21,22,24,30,34,48,50,57,67,77,78,80,84,97
clust_eq,lpm2,462,8,18,28,30,34,49,50,59,61,74,75,81,90,91,92,100
clust_eq,lpm2,463,1,8,10,11,12,14,15,19,36,60,61,62,82,90,91,98
clust_eq,lpm2,464,4,11,12,16,17,27,32,35,40,41,48,53,54,79,83,99
clust_eq,lpm2,465,2,3,8,12,13,15,19,38,43,45,59,69,82,89,97,98
clust_eq,lpm2,466,4,6,7,13,19,20,33,37,44,47,76,77,79,94,95,98
clust_eq,lpm2,467,2,9,12,20,27,54,61,63,68,76,77,80,91,92,95,98
clust_eq,lpm2,468,7,9,14,24,37,45,52,57,59,65,70,78,80,81,87,94
clust_eq,lpm2,469,11,13,15,18,19,24,30,34,42,62,79,89,90,92,93,97
clust_eq,lpm2,470,2,5,8,25,31,33,36,41,46,59,62,66,67,93,97,99
clust_eq,lpm2,471,3,11,14,19,21,22,24,27,29,61,63,81,86,94,95,100
clust_eq,lpm2,472,5,21,22,30,31,33,40,45,51,58,65,69,74,83,97,99
clust_eq,lpm2,473,4,12,13,15,20,21,25,52,60,61,66,68,88,91,93,97
clust_eq,lpm2,474,7,8,14,16,30,46,48,56,65,67,72,73,80,91,95,97
clust_eq,lpm2,475,2,8,15,22,23,24,25,26,34,43,60,70,72,73,80,84
clust_eq,lpm2,476,3,6,18,26,28,32,38,44,55,59,66,72,75,86,87,88
clust_eq,lpm2,477,9,14,15,26,32,34,39,47,49,70,77,79,80,81,91,97
clust_eq,lpm2,478,3,4,19,28,45,46,50,63,71,74,75,80,87,89,91,98
clust_eq,lpm2,479,9,10,20,23,28,35,36,39,42,55,56,62,64,72,73,79
clust_eq,lpm2,480,3,7,20,38,47,57,58,66,73,79,80,86,89,94,96,97
clust_eq,lpm2,481,37,41,45,50,58,61,64,65,71,75,83,84,95,96,99,100
clust_eq,lpm2,482,4,6,8,12,14,18,22,23,26,32,42,49,59,86,87,95
clust_eq,lpm2,483,2,7,16,29,39,40,43,50,57,67,74,75,82,88,95,100
clust_eq,lpm2,484,2,5,27,29,35,37,43,46,51,61,65,75,83,93,99,100
clust_eq,lpm2,485,12,19,23,31,34,37,38,43,44,46,67,85,87,91,99,100
clust_eq,lpm2,486,6,21,31,39,41,48,49,55,58,60,71,75,82,83,91,94
clust_eq,lpm2,487,4,23,28,34,36,45,46,47,61,65,70,71,77,85,95,96
clust_eq,lpm2,488,3,6,11,14,23,26,28,36,45,57,67,73,76,85,90,98
clust_eq,lpm2,489,4,7,21,28,33,37,46,50,51,52,54,58,59,67,76,97
clust_eq,lpm2,490,2,4,5,7,9,14,15,23,53,56,79,80,83,88,93,96
clust_eq,lpm2,491,2,6,19,31,34,37,44,59,64,72,74,78,81,91,94,95
clust_eq,lpm2,492,4,5,12,19,22,30,53,55,62,67,89,90,94,95,96,97
clust_eq,lpm2,493,2,3,13,16,18,22,30,33,35,39,48,54,55,67,70,94
clust_eq,lpm2,494,3,20,21,22,27,39,49,58,73,76,77,80,86,90,97,98
clust_eq,lpm2,495,9,13,14,26,36,38,43,61,62,73,77,81,90,92,93,99
clust_eq,lpm2,496,1,8,19,21,29,35,44,49,51,63,67,76,79,81,85,88
clust_eq,lpm2,497,3,5,7,9,15,19,21,39,43,49,62,67,75,78,94,100
clust_eq,lpm2,498,1,10,12,14,18,22,29,30,34,36,43,45,48,50,61,71
clust_eq,lpm2,499,2,5,7,10,19,31,42,49,50,56,60,63,65,66,83,93
clust_eq,lpm2,500,3,4,10,14,31,34,35,43,50,55,56,73,75,82,90,92
clust_eq,lpm2,501,2,7,8,21,23,31,35,48,65,66,72,75,88,89,91,97
clust_eq,lpm2,502,7,15,27,31,42,43,46,54,56,59,63,76,77,82,90,98
clust_eq,lpm2,503,2,4,9,11,15,19,20,23,45,50,64,70,74,75,83,97
clust_eq,lpm2,504,4,10,15,16,17,43,53,55,59,60,70,72,74,76,80,98
clust_eq,lpm2,505,8,15,22,26,28,36,43,59,61,62,64,67,73,80,90,94
clust_eq,lpm2,506,3,4,25,27,28,33,34,39,54,58,62,66,76,79,89,97
clust_eq,lpm2,507,10,16,27,30,37,44,53,54,55,57,60,66,68,76,83,94
clust_eq,lpm2,508,4,11,12,15,20,26,27,37,38,40,43,47,57,66,77,98
clust_eq,lpm2,509,3,28,36,43,45,47,50,54,55,58,60,64,65,69,71,79
clust_eq,lpm2,510,3,5,6,7,9,16,27,39,49,58,60,67,73,80,90,91
clust_eq,lpm2,511,6,7,18,21,22,29,35,46,50,72,73,78,81,82,93,95
clust_eq,lpm2,512,13,20,21,26,29,30,31,32,37,40,45,50,63,71,96,99
clust_eq,lpm2,513,4,11,15,30,32,33,37,42,47,50,52,65,73,74,80,83
clust_eq,lpm2,514,1,6,18,21,25,50,58,59,67,70,72,73,76,82,85,88
clust_eq,lpm2,515,14,29,40,43,53,56,57,61,67,68,73,74,76,79,81,88
clust_eq,lpm2,516,12,15,20,23,37,45,47,54,55,57,64,65,85,91,92,93
clust_eq,lpm2,517,4,9,15,25,33,39,40,47,49,53,68,70,71,76,80,90
clust_eq,lpm2,518,8,13,14,21,23,29,32,33,38,39,42,43,51,83,85,88
clust_eq,lpm2,519,2,4,16,37,49,53,58,65,70,71,74,81,84,88,94,97
clust_eq,lpm2,520,1,3,8,16,26,32,33,34,38,51,63,71,72,73,82,85
clust_eq,lpm2,521,7,13,28,29,33,35,38,40,42,54,57,61,88,92,96,99
clust_eq,lpm2,522,7,9,10,16,36,50,52,54,59,63,72,76,79,85,87,98
clust_eq,lpm2,523,3,4,5,12,20,39,42,43,48,51,75,82,87,88,91,98
clust_eq,lpm2,524,6,11,18,20,28,29,31,44,50,54,61,66,86,88,91,98
clust_eq,lpm2,525,3,7,13,15,16,28,29,38,45,50,54,66,78,89,96,97
clust_eq,lpm2,526,4,10,14,17,18,27,28,32,44,59,75,76,77,81,84,85
clust_eq,lpm2,527,5,9,11,15,17,26,27,42,47,49,57,62,68,82,83,93
clust_eq,lpm2,528,10,14,24,32,38,39,42,48,49,50,54,59,62,77,88,92
clust_eq,lpm2,529,1,2,10,16,25,34,39,57,64,66,77,79,80,84,93,95
clust_eq,lpm2,530,4,12,13,18,22,34,40,42,48,55,58,66,75,76,91,92
clust_eq,lpm2,531,10,12,24,30,32,39,41,42,46,51,56,65,85,87,94,99
clust_eq,lpm2,532,3,5,6,10,19,37,49,58,77,81,83,88,90,95,96,99
clust_eq,lpm2,533,7,23,24,36,44,63,66,67,79,80,86,87,88,92,99,100
clust_eq,lpm2,534,33,35,38,46,47,49,51,68,70,81,82,88,89,93,94,96
clust_eq,lpm2,535,3,8,25,38,40,42,43,46,57,59,60,68,69,88,90,91
clust_eq,lpm2,536,10,40,41,55,56,68,71,78,81,84,85,87,89,91,93,99
clust_eq,lpm2,537,4,5,7,10,12,38,42,43,47,48,50,58,65,72,73,98
clust_eq,lpm2,538,4,23,25,28,29,38,47,54,57,61,65,66,78,83,88,96
clust_eq,lpm2,539,6,14,19,24,33,42,46,47,50,52,56,80,82,86,89,100
clust_eq,lpm2,540,1,8,11,13,21,26,29,48,49,53,62,73,81,82,85,89
clust_eq,lpm2,541,1,5,7,23,29,31,33,36,47,48,54,59,62,79,89,95
clust_eq,lpm2,542,6,14,18,23,25,27,30,31,47,50,53,68,79,83,85,95
clust_eq,lpm2,543,25,29,31,32,33,36,39,53,62,77,82,83,85,87,88,95
clust_eq,lpm2,544,4,6,7,19,24,29,30,33,56,80,82,83,88,90,92,94
clust_eq,lpm2,545,29,33,37,40,51,69,76,79,83,84,85,88,92,95,97,98
clust_eq,lpm2,546,1,6,9,13,33,34,39,42,52,56,64,69,88,93,95,100
clust_eq,lpm2,547,3,19,22,48,49,55,56,66,74,78,80,83,87,88,92,93
clust_eq,lpm2,548,10,11,21,25,27,40,41,43,54,57,60,64,69,74,75,94
clust_eq,lpm2,549,2,6,18,21,25,26,31,40,54,59,70,85,86,94,95,96
clust_eq,lpm2,550,8,10,18,28,42,46,52,53,64,68,70,71,72,74,84,98
clust_eq,lpm2,551,9,16,25,39,40,46,50,55,57,58,63,64,71,72,91,100
clust_eq,lpm2,552,2,29,37,44,48,49,50,51,55,65,66,68,95,97,98,100
clust_eq,lpm2,553,5,6,7,19,20,25,28,30,37,40,47,51,72,77,79,84
clust_eq,lpm2,554,14,23,26,35,41,56,62,63,68,69,73,83,87,88,96,99
clust_eq,lpm2,555,15,16,17,27,38,40,58,63,64,68,79,80,82,87,98,100
clust_eq,lpm2,556,4,5,12,39,44,48,61,68,71,77,80,87,91,97,98,99
clust_eq,lpm2,557,2,8,9,12,14,17,32,33,41,55,65,68,88,95,97,100
clust_eq,lpm2,558,13,20,25,43,45,47,60,63,70,71,74,79,82,84,93,100
clust_eq,lpm2,559,1,6,9,12,17,21,32,42,50,51,53,57,64,74,88,99
clust_eq,lpm2,560,14,23,27,28,30,33,35,41,42,44,59,63,69,73,75,98
clust_eq,lpm2,561,5,15,22,24,26,34,40,41,42,52,55,63,77,84,86,92
clust_eq,lpm2,562,5,8,23,25,31,37,41,46,53,64,69,85,87,88,90,96
clust_eq,lpm2,563,1,8,9,12,23,27,41,55,66,67,76,85,87,91,96,100
clust_eq,lpm2,564,2,34,37,39,41,43,49,56,61,62,66,79,84,85,94,95
clust_eq,lpm2,565,2,7,8,14,18,30,31,45,48,49,56,67,91,93,96,97
clust_eq,lpm2,566,3,8,10,16,17,37,38,51,55,57,63,66,67,69,73,75
clust_eq,lpm2,567,5,6,13,21,22,26,28,31,45,52,55,56,71,84,86,89
clust_eq,lpm2,568,2,5,7,10,12,13,20,40,43,62,65,66,73,75,81,86
clust_eq,lpm2,569,2,4,13,14,26,34,38,39,50,55,56,62,68,78,95,97
clust_eq,lpm2,570,5,16,17,24,26,32,50,52,68,79,80,96,97,98,99,100
clust_eq,lpm2,571,11,16,21,30,33,35,44,45,48,67,70,71,79,80,84,94
clust_eq,lpm2,572,6,22,28,31,32,33,42,47,52,62,64,72,74,77,86,92
clust_eq,lpm2,573,14,19,22,24,31,34,37,38,40,41,43,45,63,90,93,99
clust_eq,lpm2,574,19,20,23,30,36,48,52,56,69,75,80,81,87,88,95,96
clust_eq,lpm2,575,13,29,40,47,63,65,67,69,74,75,77,86,89,92,95,100
clust_eq,lpm2,576,3,7,14,17,19,21,22,24,27,36,51,70,81,86,92,97
clust_eq,lpm2,577,2,17,27,29,33,38,39,42,49,55,60,62,65,73,74,79
clust_eq,lpm2,578,3,8,28,31,32,35,36,39,46,51,60,63,65,86,87,89
clust_eq,lpm2,579,6,10,24,30,32,39,44,49,51,57,61,82,87,89,93,94
clust_eq,lpm2,580,9,12,23,26,43,45,58,61,74,80,84,85,89,91,98,100
clust_eq,lpm2,581,23,41,53,64,73,76,77,83,84,85,90,91,92,93,98,99
clust_eq,lpm2,582,10,16,25,32,40,43,45,51,59,62,74,77,79,82,85,100
clust_eq,lpm2,583,4,7,12,13,26,28,35,37,39,54,62,66,90,94,97,98
clust_eq,lpm2,584,5,21,24,25,29,41,44,54,69,72,75,78,86,91,93,96
clust_eq,lpm2,585,9,10,23,25,31,45,47,58,66,75,80,87,89,91,95,96
clust_eq,lpm2,586,12,13,17,24,26,43,45,48,52,55,65,76,86,87,98,100
clust_eq,lpm2,587,6,8,21,29,38,44,67,68,72,78,84,86,90,91,95,100
clust_eq,lpm2,588,2,9,12,22,23,25,42,49,57,74,78,84,89,92,93,99
clust_eq,lpm2,589,2,5,7,15,17,18,23,28,37,45,53,59,62,78,81,84
clust_eq,lpm2,590,4,9,12,15,30,32,45,48,55,62,63,66,69,72,79,80
clust_eq,lpm2,591,24,33,34,38,40,55,57,59,62,65,69,73,77,80,82,88
clust_eq,lpm2,592,7,22,28,42,43,44,50,52,64,67,73,80,86,88,96,97
clust_eq,lpm2,593,9,12,15,19,20,29,30,42,57,76,78,79,81,92,96,100
clust_eq,lpm2,594,3,10,13,16,24,30,31,32,45,50,65,70,71,79,89,97
clust_eq,lpm2,595,7,8,16,40,43,49,53,54,57,59,60,70,74,83,88,99
clust_eq,lpm2,596,5,12,13,14,17,30,33,36,54,55,67,68,81,88,97,99
clust_eq,lpm2,597,1,9,10,15,21,41,44,61,63,67,79,83,92,93,94,100
clust_eq,lpm2,598,5,11,13,29,30,39,42,53,64,67,78,81,82,84,93,100
clust_eq,lpm2,599,1,8,10,18,23,29,32,48,61,63,66,85,86,96,98,100
clust_eq,lpm2,600,13,24,25,36,38,40,43,60,67,68,70,72,77,87,88,91
clust_eq,lpm2,601,11,24,25,45,47,50,52,54,57,58,63,67,80,85,86,91
clust_eq,lpm2,602,1,3,5,13,21,28,29,33,35,40,43,46,57,67,69,100
clust_eq,lpm2,603,3,8,13,19,20,22,24,33,37,39,64,69,81,82,87,88
clust_eq,lpm2,604,2,4,7,12,19,20,23,36,37,43,60,66,75,77,78,97
clust_eq,lpm2,605,3,7,17,33,38,39,41,42,46,51,67,84,86,90,95,100
clust_eq,lpm2,606,3,5,20,36,37,42,45,52,53,54,81,85,92,94,95,97
clust_eq,lpm2,607,4,8,9,13,16,33,35,36,39,46,47,53,55,58,60,99
clust_eq,lpm2,608,8,11,14,36,41,42,44,48,54,63,67,68,72,74,83,93
clust_eq,lpm2,609,1,11,16,35,38,42,48,52,70,79,83,88,94,95,97,100
clust_eq,lpm2,610,22,25,36,37,47,64,65,74,80,82,84,88,93,94,97,98
clust_eq,lpm2,611,12,14,17,31,32,33,38,44,48,65,73,79,80,85,87,98
clust_eq,lpm2,612,1,24,25,36,45,47,56,65,70,76,79,83,86,93,99,100
clust_eq,lpm2,613,5,17,18,21,25,33,37,49,52,58,59,65,69,71,73,84
clust_eq,lpm2,614,10,28,35,40,47,57,59,61,65,66,70,84,86,87,97,100
clust_eq,lpm2,615,5,11,15,18,19,20,21,29,30,33,46,48,61,62,77,100
clust_eq,lpm2,616,1,10,12,14,25,31,39,40,42,47,63,83,86,88,99,100
clust_eq,lpm2,617,1,8,20,27,29,30,47,53,54,57,74,76,81,82,95,96
clust_eq,lpm2,618,1,5,9,11,32,36,40,41,52,56,64,71,79,81,84,97
clust_eq,lpm2,619,9,21,22,25,27,30,41,44,63,64,70,73,80,94,95,96
clust_eq,lpm2,620,16,17,20,41,43,48,49,55,56,71,73,74,76,87,88,91
clust_eq,lpm2,621,3,4,7,18,20,23,25,38,42,46,58,68,78,85,97,99
clust_eq,lpm2,622,2,10,12,18,24,28,35,40,49,55,83,84,88,91,92,94
clust_eq,lpm2,623,8,10,11,19,29,30,35,55,62,65,69,79,80,82,83,85
clust_eq,lpm2,624,9,13,14,15,22,23,33,58,61,62,67,76,78,88,90,100
clust_eq,lpm2,625,6,13,20,23,26,34,54,58,61,66,68,76,77,79,92,99
clust_eq,lpm2,626,5,8,10,18,25,32,37,43,47,48,65,70,73,74,84,94
clust_eq,lpm2,627,6,15,16,17,26,29,34,41,44,48,51,73,79,85,89,92
clust_eq,lpm2,628,9,12,15,18,20,23,24,33,55,61,63,75,77,87,88,96
clust_eq,lpm2,629,3,7,19,28,33,38,39,41,45,46,57,61,74,81,83,93
clust_eq,lpm2,630,2,4,5,8,32,35,36,37,43,45,52,65,79,80,85,98
clust_eq,lpm2,631,2,19,26,30,33,34,39,48,51,52,61,62,65,70,76,89
clust_eq,lpm2,632,10,13,17,21,24,25,27,43,54,61,62,64,65,71,93,99
clust_eq,lpm2,633,7,20,25,28,29,36,37,47,50,53,73,74,80,88,92,93
clust_eq,lpm2,634,4,7,17,19,21,23,26,27,29,31,35,37,53,71,83,85
clust_eq,lpm2,635,4,12,28,42,47,50,68,71,72,76,79,84,89,93,96,100
clust_eq,lpm2,636,4,9,10,13,15,21,38,59,61,62,66,68,70,77,83,88
clust_eq,lpm2,637,3,13,21,34,35,37,51,54,58,59,61,78,79,85,94,95
clust_eq,lpm2,638,14,25,30,33,41,42,45,48,50,56,59,79,83,84,90,93
clust_eq,lpm2,639,12,16,17,18,26,27,54,55,59,62,67,74,75,86,95,97
clust_eq,lpm2,640,1,2,3,17,24,26,36,51,53,56,71,78,89,96,98,99
clust_eq,lpm2,641,6,13,15,26,29,30,33,34,38,40,47,50,68,81,84,88
clust_eq,lpm2,642,7,16,23,32,35,37,39,41,48,51,53,58,62,75,78,89
clust_eq,lpm2,643,1,2,4,7,17,29,46,48,63,64,83,84,87,93,96,99
clust_eq,lpm2,644,4,16,17,18,20,22,24,27,29,34,53,60,81,86,97,99
clust_eq,lpm2,645,4,5,10,18,34,35,37,39,44,47,49,50,68,69,97,99
clust_eq,lpm2,646,2,4,25,26,43,52,54,56,57,58,60,66,67,76,82,91
clust_eq,lpm2,647,8,9,24,43,46,47,48,56,57,59,69,70,75,78,80,81
clust_eq,lpm2,648,2,5,26,30,33,44,57,58,59,61,63,68,71,80,83,99
clust_eq,lpm2,649,5,9,15,21,22,32,41,45,51,58,62,66,78,81,92,94
clust_eq,lpm2,650,7,9,12,13,14,19,23,26,30,43,49,59,77,79,90,98
clust_eq,lpm2,651,1,27,29,41,43,45,47,51,64,81,86,90,92,94,95,98
clust_eq,lpm2,652,1,3,8,10,36,39,48,55,56,66,69,74,85,88,90,100
clust_eq,lpm2,653,14,21,22,23,25,27,28,36,53,54,60,61,64,93,94,96
clust_eq,lpm2,654,5,9,15,16,33,44,46,49,53,64,67,68,77,83,93,100
clust_eq,lpm2,655,2,4,8,25,40,41,43,46,69,72,78,84,86,89,93,95
clust_eq,lpm2,656,9,21,22,31,32,50,53,58,70,72,76,88,89,90,92,99
clust_eq,lpm2,657,7,21,23,24,31,32,33,45,52,54,58,65,83,85,96,99
clust_eq,lpm2,658,4,7,11,12,15,23,24,26,30,37,41,42,52,53,72,81
clust_eq,lpm2,659,2,9,17,23,25,31,32,38,41,52,53,66,68,80,82,91
clust_eq,lpm2,660,3,5,6,29,33,47,49,54,55,57,64,68,83,85,88,92
clust_eq,lpm2,661,2,9,10,12,15,23,25,27,39,50,53,69,73,74,75,80
clust_eq,lpm2,662,4,5,6,8,12,23,37,39,46,47,66,67,69,72,76,84
clust_eq,lpm2,663,24,27,29,31,33,43,44,53,59,67,71,76,77,82,84,87
clust_eq,lpm2,664,11,30,35,39,44,48,51,57,61,63,71,73,75,77,90,94
clust_eq,lpm2,665,1,4,13,26,42,44,48,51,53,55,56,66,67,76,90,99
clust_eq,lpm2,666,11,20,23,32,48,52,54,56,64,72,74,79,80,82,87,92
clust_eq,lpm2,667,4,5,7,13,29,35,52,63,67,70,71,79,80,81,91,96
clust_eq,lpm2,668,18,20,27,29,33,37,44,54,55,59,68,69,76,77,90,95
clust_eq,lpm2,669,4,22,28,29,43,44,45,47,56,59,67,68,76,78,85,87
clust_eq,lpm2,670,6,11,17,18,28,52,55,64,65,66,69,78,84,86,90,100
clust_eq,lpm2,671,5,8,11,22,33,40,42,48,55,57,67,70,88,89,90,100
clust_eq,lpm2,672,2,5,12,19,22,26,28,34,35,40,53,55,57,89,96,100
clust_eq,lpm2,673,17,18,22,23,27,31,35,37,39,61,62,76,85,87,89,91
clust_eq,lpm2,674,3,5,8,24,42,43,46,49,57,59,62,66,67,78,87,91
clust_eq,lpm2,675,12,18,26,29,48,50,55,57,59,65,67,69,71,74,84,96
clust_eq,lpm2,676,10,21,24,28,36,37,38,39,45,55,65,66,77,84,93,98
clust_eq,lpm2,677,14,15,30,39,41,44,45,48,56,58,65,67,79,87,98,100
clust_eq,lpm2,678,4,5,21,22,25,28,33,34,45,52,65,67,70,73,77,95
clust_eq,lpm2,679,7,20,24,27,39,41,47,48,53,58,75,76,77,91,94,100
clust_eq,lpm2,680,2,8,23,24,39,41,43,46,49,54,55,56,60,67,76,82
clust_eq,lpm2,681,2,7,8,13,15,25,29,31,44,60,64,65,79,82,88,96
clust_eq,lpm2,682,4,9,12,17,18,25,32,35,49,59,63,71,82,87,91,93
clust_eq,lpm2,683,2,12,13,23,27,33,48,57,61,74,77,79,81,83,92,95
clust_eq,lpm2,684,6,11,14,18,22,27,32,42,57,58,62,66,73,85,94,99
clust_eq,lpm2,685,11,12,18,20,24,33,34,47,52,54,58,60,72,89,90,97
clust_eq,lpm2,686,2,7,10,11,29,35,38,39,52,64,72,73,79,80,82,94
clust_eq,lpm2,687,9,23,42,43,49,58,62,64,65,75,78,80,86,98,99,100
clust_eq,lpm2,688,11,12,18,20,21,22,30,36,52,53,54,74,77,81,98,99
clust_eq,lpm2,689,3,6,11,14,18,19,21,37,49,58,61,74,79,81,85,91
clust_eq,lpm2,690,10,13,35,36,37,40,43,47,50,54,56,65,66,79,87,98
clust_eq,lpm2,691,12,23,26,28,31,33,34,35,36,44,60,67,68,84,90,96
clust_eq,lpm2,692,1,11,13,20,24,25,32,52,58,60,70,78,84,85,88,90
clust_eq,lpm2,693,2,14,22,27,33,39,44,49,58,69,83,84,85,94,95,97
clust_eq,lpm2,694,1,10,11,13,20,25,30,40,45,60,71,73,77,80,87,92
clust_eq,lpm2,695,1,5,6,9,11,18,25,27,69,73,82,84,89,90,93,94
clust_eq,lpm2,696,1,2,11,18,23,28,29,31,38,45,46,54,55,63,66,83
clust_eq,lpm2,697,3,7,16,26,27,30,37,43,68,71,76,78,80,83,93,100
clust_eq,lpm2,698,6,20,23,31,36,37,47,60,65,69,77,80,91,95,96,98
clust_eq,lpm2,699,1,26,28,29,40,42,51,54,63,65,66,69,74,87,88,89
clust_eq,lpm2,700,5,9,14,16,20,27,33,39,40,51,62,68,69,70,72,97
clust_eq,lpm2,701,13,14,17,43,46,51,53,58,62,69,81,85,88,89,91,95
clust_eq,lpm2,702,13,33,34,37,47,51,54,56,57,61,65,70,74,83,92,99
clust_eq,lpm2,703,9,23,24,30,36,42,46,49,59,65,70,71,73,81,83,97
clust_eq,lpm2,704,5,8,26,40,43,47,48,57,66,69,70,81,88,89,91,100
clust_eq,lpm2,705,9,14,23,25,27,34,41,42,43,49,50,52,60,68,84,92
clust_eq,lpm2,706,20,22,31,33,34,37,41,55,57,58,82,85,90,94,95,97
clust_eq,lpm2,707,7,14,17,26,28,42,45,49,52,53,54,56,59,60,81,95
clust_eq,lpm2,708,1,25,28,37,40,43,46,47,51,52,61,70,74,76,78,96
clust_eq,lpm2,709,2,3,12,27,28,32,35,38,46,55,68,84,86,94,96,100
clust_eq,lpm2,710,8,9,10,11,15,16,31,44,46,68,74,82,83,84,87,93
clust_eq,lpm2,711,3,6,13,15,34,37,42,45,56,65,67,68,73,74,79,94
clust_eq,lpm2,712,6,7,17,41,57,58,59,65,66,82,84,85,86,90,93,98
clust_eq,lpm2,713,2,3,5,13,28,30,32,54,56,65,66,80,96,97,98,100
clust_eq,lpm2,714,4,17,19,24,27,29,43,46,47,53,61,68,71,76,82,98
clust_eq,lpm2,715,2,4,11,14,24,26,29,30,32,47,50,82,84,91,97,98
clust_eq,lpm2,716,3,9,12,13,15,16,31,35,54,65,66,81,90,91,94,97
clust_eq,lpm2,717,1,5,13,27,32,33,35,44,48,50,56,65,71,84,92,98
clust_eq,lpm2,718,2,11,13,15,16,17,18,20,27,38,53,54,56,60,74,82
clust_eq,lpm2,719,2,7,26,37,49,50,57,58,59,62,71,75,81,85,89,96
clust_eq,lpm2,720,1,6,7,29,30,31,35,36,62,66,81,83,91,94,96,99
clust_eq,lpm2,721,1,2,13,15,30,35,45,51,53,54,56,61,62,82,83,97
clust_eq,lpm2,722,2,4,7,10,12,14,20,23,30,43,49,51,52,53,74,99
clust_eq,lpm2,723,24,32,37,41,44,48,53,57,61,64,73,75,84,90,94,96
clust_eq,lpm2,724,5,7,11,19,30,34,36,40,47,63,66,77,78,82,92,100
clust_eq,lpm2,725,3,20,27,36,39,47,53,55,62,64,79,80,85,86,94,99
clust_eq,lpm2,726,4,9,13,15,19,21,26,47,48,59,68,70,77,78,94,98
clust_eq,lpm2,727,2,7,8,24,28,30,31,36,39,43,52,62,67,69,79,84
clust_eq,lpm2,728,10,20,23,30,41,46,47,48,58,62,73,74,76,96,97,98
clust_eq,lpm2,729,3,5,9,10,11,13,21,23,35,63,69,75,83,92,99,100
clust_eq,lpm2,730,1,11,18,27,34,36,37,40,56,58,66,69,85,87,88,95
clust_eq,lpm2,731,8,13,20,38,43,45,47,48,58,59,69,78,84,91,93,99
clust_eq,lpm2,732,14,21,25,37,39,54,56,57,67,73,76,78,91,93,95,96
clust_eq,lpm2,733,12,14,15,18,37,40,53,74,75,81,83,84,87,88,93,97
clust_eq,lpm2,734,2,3,5,12,22,24,28,36,39,41,46,54,69,77,81,91
clust_eq,lpm2,735,3,8,9,18,19,34,40,53,71,72,76,78,79,81,85,90
clust_eq,lpm2,736,1,10,16,23,29,32,40,49,60,64,74,81,85,96,97,100
clust_eq,lpm2,737,5,12,18,20,28,32,35,43,45,52,54,79,87,94,97,98
clust_eq,lpm2,738,14,15,17,26,34,38,42,45,47,57,62,68,79,82,96,100
clust_eq,lpm2,739,4,6,7,11,20,37,48,54,62,70,77,80,81,90,91,95
clust_eq,lpm2,740,1,8,19,25,30,34,44,57,58,64,71,73,74,78,79,92
clust_eq,lpm2,741,2,5,8,12,15,19,26,32,48,52,59,72,79,80,81,88
clust_eq,lpm2,742,10,14,17,20,24,29,47,52,53,61,65,73,79,80,83,86
clust_eq,lpm2,743,1,5,9,30,32,33,36,47,50,52,64,65,66,70,88,100
clust_eq,lpm2,744,3,4,5,8,9,16,18,22,43,59,66,67,78,87,88,94
clust_eq,lpm2,745,1,10,11,38,42,50,54,56,60,62,63,72,74,80,83,87
clust_eq,lpm2,746,1,9,21,26,28,34,35,40,41,50,54,58,61,88,89,96
clust_eq,lpm2,747,2,18,24,30,36,38,43,55,62,65,67,77,79,84,94,99
clust_eq,lpm2,748,2,4,5,7,12,13,15,20,32,40,45,53,63,86,91,94
clust_eq,lpm2,749,25,30,33,34,52,57,59,61,63,66,68,70,73,85,88,94
clust_eq,lpm2,750,10,20,21,53,54,55,56,57,62,69,71,74,79,85,90,92
clust_eq,lpm2,751,4,5,13,14,15,16,18,28,39,44,46,50,53,86,94,98
clust_eq,lpm2,752,6,8,9,24,33,38,42,53,58,62,72,81,83,84,90,100
clust_eq,lpm2,753,3,6,9,16,32,35,39,46,51,56,57,81,82,91,94,95
clust_eq,lpm2,754,15,21,35,37,41,46,50,58,65,70,78,85,92,97,98,100
clust_eq,lpm2,755,3,6,21,23,30,32,34,35,54,59,60,68,70,78,88,91
clust_eq,lpm2,756,8,9,41,44,54,55,57,63,67,70,75,76,87,88,92,95
clust_eq,lpm2,757,1,12,21,24,25,28,34,36,44,45,50,71,79,84,89,96
clust_eq,lpm2,758,2,4,5,6,10,17,35,41,44,46,54,55,58,68,83,95
clust_eq,lpm2,759,8,12,19,29,35,42,43,46,49,57,65,67,71,76,86,89
clust_eq,lpm2,760,2,3,4,18,32,35,54,58,59,68,71,77,83,86,88,92
clust_eq,lpm2,761,13,23,24,31,34,37,47,53,56,60,67,72,77,81,91,96
clust_eq,lpm2,762,2,11,19,20,23,28,31,33,34,38,39,41,42,70,77,86
clust_eq,lpm2,763,17,18,31,37,47,48,50,53,58,59,66,72,75,81,85,98
clust_eq,lpm2,764,2,6,8,13,14,28,31,42,53,56,60,72,76,79,84,93
clust_eq,lpm2,765,4,8,9,24,27,46,47,52,61,66,68,81,84,91,95,96
clust_eq,lpm2,766,9,10,14,17,22,46,55,58,66,76,78,83,87,96,99,100
clust_eq,lpm2,767,1,6,10,30,36,38,42,58,66,72,73,78,81,85,90,94
clust_eq,lpm2,768,5,9,10,13,17,20,29,34,40,47,54,59,66,75,87,97
clust_eq,lpm2,769,1,9,14,16,19,24,27,29,31,49,53,77,81,90,92,99
clust_eq,lpm2,770,1,9,12,13,16,23,36,39,43,44,54,55,66,69,88,95
clust_eq,lpm2,771,9,11,16,19,20,25,35,41,43,44,56,59,72,91,93,99
clust_eq,lpm2,772,3,10,14,16,31,34,39,46,48,53,70,72,86,87,89,94
clust_eq,lpm2,773,9,10,18,22,24,25,33,42,43,57,58,62,64,67,84,85
clust_eq,lpm2,774,9,15,18,19,20,21,23,38,39,49,55,58,75,81,88,97
clust_eq,lpm2,775,3,4,7,11,18,26,28,29,36,43,60,66,74,81,89,94
clust_eq,lpm2,776,1,2,8,12,16,20,23,24,34,49,57,63,73,78,86,96
clust_eq,lpm2,777,1,7,9,16,39,41,44,45,46,55,63,73,74,93,94,99
clust_eq,lpm2,778,1,5,10,25,29,40,48,49,61,65,79,84,88,89,94,99
clust_eq,lpm2,779,6,18,19,21,22,28,30,31,33,34,35,40,70,76,77,89
clust_eq,lpm2,780,8,21,25,26,27,30,36,40,51,60,65,66,82,90,92,97
clust_eq,lpm2,781,3,4,10,21,30,35,48,56,69,73,75,76,80,82,92,97
clust_eq,lpm2,782,3,7,15,19,33,34,47,51,56,63,64,65,66,72,80,85
clust_eq,lpm2,783,1,6,9,12,13,15,20,21,26,38,40,50,55,59,82,100
clust_eq,lpm2,784,2,7,9,18,35,39,44,54,63,66,70,75,77,78,82,89
clust_eq,lpm2,785,4,6,19,22,26,35,40,52,59,60,69,83,87,88,93,99
clust_eq,lpm2,786,1,3,6,14,15,26,27,32,39,40,50,51,54,61,76,82
clust_eq,lpm2,787,4,14,15,23,24,26,30,38,43,44,47,52,55,59,72,73
clust_eq,lpm2,788,2,10,13,32,37,38,50,51,52,65,73,74,77,84,89,96
clust_eq,lpm2,789,1,4,12,20,21,23,27,39,44,61,64,71,80,85,91,97
clust_eq,lpm2,790,13,15,35,43,45,48,50,58,61,65,69,73,79,83,84,93
clust_eq,lpm2,791,25,30,36,39,43,48,51,56,60,62,66,67,68,78,87,91
clust_eq,lpm2,792,1,10,12,20,23,49,54,59,61,63,77,80,83,86,87,95
clust_eq,lpm2,793,8,11,28,36,38,44,45,46,51,61,74,78,89,90,93,97
clust_eq,lpm2,794,1,6,8,13,22,28,33,38,40,42,66,67,69,70,73,96
clust_eq,lpm2,795,17,18,29,30,34,36,38,53,59,66,69,79,81,87,88,95
clust_eq,lpm2,796,13,20,22,31,33,40,43,45,48,69,74,77,81,87,94,99
clust_eq,lpm2,797,1,10,11,16,21,38,49,52,55,57,58,73,85,89,95,97
clust_eq,lpm2,798,3,6,19,20,23,24,26,27,29,41,48,61,66,79,87,96
clust_eq,lpm2,799,4,6,11,16,23,30,46,57,60,66,67,77,84,91,93,98
clust_eq,lpm2,800,2,6,20,27,30,31,32,33,55,56,57,60,68,71,92,93
clust_eq,lpm2,801,7,15,16,23,28,35,37,39,41,54,60,70,80,88,91,93
clust_eq,lpm2,802,12,21,23,25,28,35,36,38,43,46,50,65,69,83,96,100
clust_eq,lpm2,803,3,5,7,18,20,21,43,48,64,68,72,77,81,92,93,100
clust_eq,lpm2,804,3,10,19,25,31,32,37,38,41,50,64,82,87,88,94,96
clust_eq,lpm2,805,23,32,33,34,35,37,41,42,43,46,48,56,62,64,79,100
clust_eq,lpm2,806,12,17,18,29,30,42,46,59,60,65,67,68,71,84,86,87
clust_eq,lpm2,807,11,12,16,23,27,28,29,30,32,57,64,66,78,79,81,97
clust_eq,lpm2,808,6,11,12,15,16,17,19,20,48,49,55,78,80,81,82,93
clust_eq,lpm2,809,1,7,13,22,23,32,45,57,58,60,66,74,78,81,96,99
clust_eq,lpm2,810,1,3,9,11,12,21,26,34,35,51,57,65,81,88,94,95
clust_eq,lpm2,811,2,10,11,12,15,17,49,62,66,73,76,79,81,83,85,97
clust_eq,lpm2,812,3,12,30,31,35,43,47,50,55,65,68,69,72,73,82,89
clust_eq,lpm2,813,8,16,18,32,38,44,46,54,71,72,82,83,85,91,94,97
clust_eq,lpm2,814,2,12,20,24,26,32,37,40,50,54,55,64,65,78,96,99
clust_eq,lpm2,815,7,15,20,21,27,29,37,43,46,48,49,53,62,64,93,100
clust_eq,lpm2,816,16,17,35,41,46,48,52,65,70,73,78,83,86,87,91,92
clust_eq,lpm2,817,9,10,11,14,23,25,36,39,51,62,69,73,85,87,88,89
clust_eq,lpm2,818,3,4,12,18,27,46,55,58,59,76,79,85,87,89,97,98
clust_eq,lpm2,819,3,11,23,32,36,42,43,48,66,68,72,86,88,91,98,99
clust_eq,lpm2,820,2,3,4,11,17,22,28,39,56,60,66,67,78,88,97,98
clust_eq,lpm2,821,1,7,9,14,19,24,31,33,38,40,53,56,61,67,72,80
clust_eq,lpm2,822,1,4,15,20,23,26,32,38,41,49,52,54,55,77,85,97
clust_eq,lpm2,823,2,7,8,12,14,22,26,28,31,41,44,54,60,75,83,96
clust_eq,lpm2,824,15,22,26,27,28,36,42,44,47,66,73,76,81,84,92,93
clust_eq,lpm2,825,5,11,15,23,25,31,37,41,62,63,66,69,83,84,88,92
clust_eq,lpm2,826,4,6,12,23,25,26,51,57,60,61,64,65,71,82,87,93
clust_eq,lpm2,827,2,9,26,31,35,49,56,59,67,70,73,75,76,93,98,99
clust_eq,lpm2,828,8,10,12,24,30,31,33,36,43,62,67,69,83,84,85,99
clust_eq,lpm2,829,3,17,22,24,28,31,43,49,51,55,56,64,68,87,89,95
clust_eq,lpm2,830,5,30,31,39,45,49,53,55,56,80,90,92,93,94,98,99
clust_eq,lpm2,831,5,6,10,12,14,15,19,36,39,51,62,64,67,75,86,90
clust_eq,lpm2,832,3,6,16,19,20,22,24,36,44,63,64,80,86,94,96,98
clust_eq,lpm2,833,8,10,13,15,35,40,51,63,69,83,84,85,86,90,93,96
clust_eq,lpm2,834,14,16,28,34,35,38,39,41,43,52,55,62,77,84,91,100
clust_eq,lpm2,835,5,13,19,23,24,28,42,44,56,63,64,65,68,86,87,88
clust_eq,lpm2,836,15,20,23,35,41,52,57,65,75,76,77,86,87,88,97,98
clust_eq,lpm2,837,3,7,13,16,19,35,43,56,65,68,72,83,85,94,97,99
clust_eq,lpm2,838,2,7,8,9,11,13,30,45,62,64,68,69,78,84,95,97
clust_eq,lpm2,839,6,9,19,27,29,34,35,41,50,58,60,61,68,87,91,100
clust_eq,lpm2,840,1,11,13,27,32,42,46,53,62,70,71,73,76,85,87,94
clust_eq,lpm2,841,4,21,22,43,56,62,67,71,75,78,80,81,85,88,89,93
clust_eq,lpm2,842,18,23,31,34,43,47,49,52,56,61,63,66,74,79,86,99
clust_eq,lpm2,843,2,8,11,13,14,26,28,32,53,54,55,56,62,85,88,97
clust_eq,lpm2,844,3,23,26,28,29,36,51,59,65,67,73,85,86,87,92,98
clust_eq,lpm2,845,6,9,14,26,40,53,57,59,60,69,70,73,76,83,84,90
clust_eq,lpm2,846,12,21,38,43,45,50,51,54,58,71,75,78,81,82,83,91
clust_eq,lpm2,847,1,5,10,13,15,17,18,21,37,39,44,56,64,84,97,98
clust_eq,lpm2,848,6,8,9,11,13,19,25,31,33,60,68,70,71,87,93,98
clust_eq,lpm2,849,4,8,13,14,22,29,38,40,45,61,74,83,86,87,91,97
clust_eq,lpm2,850,1,2,9,10,11,14,17,29,37,38,41,42,54,62,89,97
clust_eq,lpm2,851,2,23,26,45,49,52,55,62,63,65,75,76,85,86,98,100
clust_eq,lpm2,852,3,4,17,28,30,45,47,59,64,65,69,77,84,91,95,98
clust_eq,lpm2,853,8,13,14,23,27,31,38,39,47,48,55,61,68,70,91,99
clust_eq,lpm2,854,1,3,5,9,15,16,33,46,51,54,56,59,67,72,94,98
clust_eq,lpm2,855,1,3,12,16,17,18,25,30,31,32,39,46,49,65,76,85
clust_eq,lpm2,856,14,15,28,32,44,45,57,68,74,77,78,83,84,91,92,93
clust_eq,lpm2,857,2,3,13,21,23,46,54,61,68,74,76,79,83,86,92,96
clust_eq,lpm2,858,2,7,17,18,20,22,28,36,38,42,44,56,63,78,84,86
clust_eq,lpm2,859,2,4,13,17,19,25,28,33,39,40,52,60,65,66,69,98
clust_eq,lpm2,860,1,3,5,9,16,18,24,25,29,31,43,45,62,78,89,91
clust_eq,lpm2,861,3,4,7,11,14,15,25,27,33,36,37,46,47,58,75,85
clust_eq,lpm2,862,2,3,10,19,31,32,35,36,38,53,55,56,71,79,82,94
clust_eq,lpm2,863,3,4,17,24,28,40,57,63,65,68,69,79,81,83,85,90
clust_eq,lpm2,864,2,4,9,22,25,34,40,46,53,58,66,68,80,85,94,95
clust_eq,lpm2,865,2,11,24,25,27,30,40,41,46,57,61,75,77,85,89,94
clust_eq,lpm2,866,2,8,10,28,40,41,43,59,66,67,72,73,74,93,95,98
clust_eq,lpm2,867,1,4,14,17,18,25,27,34,36,43,58,60,75,90,97,99
clust_eq,lpm2,868,16,19,21,24,35,43,48,49,56,57,62,67,73,79,82,91
clust_eq,lpm2,869,6,12,25,27,30,34,36,40,47,48,52,64,66,79,84,96
clust_eq,lpm2,870,5,6,15,18,20,27,33,37,40,48,50,59,61,70,87,100
clust_eq,lpm2,871,3,17,24,25,36,37,45,47,53,56,59,78,83,84,85,99
clust_eq,lpm2,872,3,6,10,19,20,22,55,56,57,82,86,87,88,89,92,95
clust_eq,lpm2,873,3,4,15,24,25,41,44,58,68,69,71,73,83,86,91,92
clust_eq,lpm2,874,16,18,25,27,32,35,44,52,60,68,78,84,90,94,96,99
clust_eq,lpm2,875,1,2,19,23,25,26,36,38,48,53,56,67,82,95,96,100
clust_eq,lpm2,876,10,11,17,21,23,32,34,36,38,45,56,60,68,71,73,82
clust_eq,lpm2,877,4,6,11,15,17,46,47,52,55,60,64,77,79,80,83,86
clust_eq,lpm2,878,1,3,7,14,15,17,28,30,45,47,64,65,72,77,91,92
clust_eq,lpm2,879,6,11,14,20,35,37,51,55,62,69,70,72,77,79,84,85
clust_eq,lpm2,880,13,22,28,30,45,64,65,66,67,77,81,84,90,93,94,96
clust_eq,lpm2,881,4,17,33,34,47,52,62,63,64,69,71,73,74,86,88,96
clust_eq,lpm2,882,7,13,15,42,45,48,50,54,62,63,74,78,84,89,90,96
clust_eq,lpm2,883,4,15,19,20,23,26,28,32,45,52,62,75,85,87,91,97
clust_eq,lpm2,884,5,16,23,29,34,49,52,55,57,65,73,75,78,89,95,96
clust_eq,lpm2,885,2,7,14,16,31,33,38,48,52,72,75,77,80,88,96,99
clust_eq,lpm2,886,5,15,18,36,39,46,47,50,52,56,65,78,81,82,97,98
clust_eq,lpm2,887,4,9,16,17,25,26,30,32,33,43,45,52,56,68,71,84
clust_eq,lpm2,888,2,4,5,15,26,34,36,37,43,44,48,50,56,63,84,87
clust_eq,lpm2,889,11,12,20,26,27,28,31,42,52,63,66,71,75,86,93,98
clust_eq,lpm2,890,5,21,29,34,39,48,49,51,53,67,70,73,77,78,88,89
clust_eq,lpm2,891,7,8,12,15,20,23,31,33,66,68,72,73,74,87,92,97
clust_eq,lpm2,892,6,20,22,24,33,37,39,45,52,54,57,61,71,77,90,98
clust_eq,lpm2,893,5,8,10,12,14,39,46,47,48,49,68,69,73,83,93,100
clust_eq,lpm2,894,1,24,28,30,31,32,34,40,41,51,52,58,64,90,91,92
clust_eq,lpm2,895,1,2,5,8,12,13,14,23,24,28,33,34,43,46,81,100
clust_eq,lpm2,896,11,23,26,29,31,36,45,52,55,63,71,82,83,85,90,91
clust_eq,lpm2,897,7,9,13,17,20,22,26,32,44,53,58,60,73,80,81,83
clust_eq,lpm2,898,4,9,13,16,24,33,40,55,56,65,71,79,84,87,96,98
clust_eq,lpm2,899,10,25,28,29,30,31,39,40,46,51,53,71,74,83,87,94
clust_eq,lpm2,900,2,28,39,40,49,56,58,60,65,69,80,81,88,97,98,100
clust_eq,lpm2,901,12,30,40,41,43,52,59,67,68,69,72,73,74,76,82,84
clust_eq,lpm2,902,2,5,10,17,28,36,40,43,55,59,67,70,72,73,81,95
clust_eq,lpm2,903,12,21,31,39,43,44,45,50,71,72,81,83,84,86,91,95
clust_eq,lpm2,904,3,14,19,28,43,47,57,63,64,68,70,74,78,87,88,94
clust_eq,lpm2,905,1,2,6,23,29,32,41,46,57,62,71,72,76,82,83,91
clust_eq,lpm2,906,3,18,20,21,26,27,34,48,50,56,65,66,74,79,86,100
clust_eq,lpm2,907,1,16,17,18,20,32,36,39,40,45,53,58,74,76,81,82
clust_eq,lpm2,908,2,3,6,15,20,23,30,33,36,39,42,54,60,69,72,79
clust_eq,lpm2,909,14,15,16,23,31,34,37,43,45,51,52,65,69,70,79,85
clust_eq,lpm2,910,4,9,10,22,23,27,28,37,43,54,57,64,67,70,71,81
clust_eq,lpm2,911,10,11,12,17,25,30,32,40,41,42,53,73,75,85,90,99
clust_eq,lpm2,912,6,11,13,24,25,27,37,42,47,73,85,89,91,93,94,95
clust_eq,lpm2,913,4,6,11,20,22,27,32,35,37,41,44,46,70,71,81,93
clust_eq,lpm2,914,2,6,15,22,36,38,41,42,46,59,62,67,85,86,93,100
clust_eq,lpm2,915,15,17,20,22,24,26,30,31,36,39,43,52,69,73,76,98
clust_eq,lpm2,916,8,14,18,23,25,26,47,52,60,68,69,72,73,78,92,95
clust_eq,lpm2,917,2,5,15,18,19,42,43,50,55,72,78,79,83,93,99,100
clust_eq,lpm2,918,5,11,13,15,21,23,28,37,42,45,46,54,56,65,68,83
clust_eq,lpm2,919,3,7,29,35,37,41,45,46,48,51,53,56,63,67,87,91
clust_eq,lpm2,920,1,3,18,24,26,27,29,50,53,54,64,67,74,86,87,98
clust_eq,lpm2,921,5,6,15,19,21,36,40,43,55,56,58,69,72,74,75,89
clust_eq,lpm2,922,9,14,18,20,21,44,53,56,68,69,73,74,78,81,84,91
clust_eq,lpm2,923,3,8,9,12,15,18,25,46,64,67,68,69,73,74,78,92
clust_eq,lpm2,924,1,8,14,18,26,29,38,57,61,63,84,90,91,95,98,99
clust_eq,lpm2,925,9,11,16,24,29,37,38,46,50,54,63,65,66,80,81,90
clust_eq,lpm2,926,2,6,9,12,15,26,31,42,48,51,59,67,75,76,78,93
clust_eq,lpm2,927,6,15,18,21,26,39,40,42,49,54,62,64,67,68,77,85
clust_eq,lpm2,928,8,9,12,19,37,47,49,52,61,64,71,76,79,80,96,97
clust_eq,lpm2,929,29,38,43,44,46,49,51,55,68,69,71,74,84,91,94,99
clust_eq,lpm2,930,6,9,13,20,31,44,47,55,58,63,65,71,72,76,92,94
clust_eq,lpm2,931,5,6,7,18,28,39,41,47,50,56,65,66,73,89,93,95
clust_eq,lpm2,932,7,12,17,18,24,26,33,44,54,75,76,82,83,90,96,97
clust_eq,lpm2,933,2,4,26,33,35,53,56,59,60,62,67,72,76,80,94,99
clust_eq,lpm2,934,2,10,19,31,32,43,48,52,55,59,63,70,71,74,85,94
clust_eq,lpm2,935,1,3,14,15,19,25,28,31,37,38,47,61,77,88,92,97
clust_eq,lpm2,936,3,41,44,46,58,67,68,69,72,78,79,81,84,85,90,95
clust_eq,lpm2,937,6,12,14,28,32,46,51,58,60,65,68,72,73,81,87,94
clust_eq,lpm2,938,5,6,7,18,19,20,23,36,50,53,56,68,86,87,90,99
clust_eq,lpm2,939,5,7,11,13,15,18,28,29,33,34,35,47,54,68,77,94
clust_eq,lpm2,940,1,3,7,10,14,17,18,27,34,39,46,47,48,70,85,100
clust_eq,lpm2,941,4,7,14,16,23,28,29,35,41,54,65,67,79,88,90,97
clust_eq,lpm2,942,2,4,35,38,40,48,49,58,63,68,69,83,88,91,93,96
clust_eq,lpm2,943,5,6,11,17,20,21,25,26,28,37,40,41,58,67,79,100
clust_eq,lpm2,944,3,11,13,14,17,30,32,33,44,46,48,51,58,73,74,87
clust_eq,lpm2,945,17,25,28,30,36,44,47,56,66,68,74,78,80,87,88,92
clust_eq,lpm2,946,1,4,5,9,11,20,29,33,40,47,49,58,61,85,88,95
clust_eq,lpm2,947,1,23,28,38,42,46,52,69,72,77,83,84,86,92,95,100
clust_eq,lpm2,948,2,11,12,14,30,34,44,48,49,51,63,64,75,77,84,94
clust_eq,lpm2,949,3,16,19,28,30,35,39,41,45,63,67,77,79,89,94,98
clust_eq,lpm2,950,1,3,13,21,24,37,46,50,57,60,61,63,72,77,89,92
clust_eq,lpm2,951,11,12,22,31,42,44,50,53,69,71,74,84,86,88,91,95
clust_eq,lpm2,952,1,4,19,21,25,27,30,43,48,58,59,62,69,80,89,99
clust_eq,lpm2,953,20,27,29,40,43,51,61,63,65,74,79,84,94,95,98,99
clust_eq,lpm2,954,2,9,10,15,24,40,42,45,50,57,66,70,96,97,98,100
clust_eq,lpm2,955,2,5,9,11,17,18,20,25,33,43,45,66,68,70,71,73
clust_eq,lpm2,956,6,13,16,17,18,26,44,54,55,68,71,74,81,86,90,99
clust_eq,lpm2,957,12,15,18,22,23,27,28,32,57,60,63,64,68,81,84,90
clust_eq,lpm2,958,1,3,5,8,11,13,17,35,47,49,63,84,86,88,89,98
clust_eq,lpm2,959,4,27,28,37,40,41,42,60,64,70,78,79,92,93,96,98
clust_eq,lpm2,960,20,21,22,29,31,34,44,59,60,61,63,72,74,76,88,93
clust_eq,lpm2,961,1,13,29,46,51,54,58,60,61,67,76,78,87,92,93,95
clust_eq,lpm2,962,12,20,25,33,36,38,45,51,59,66,68,77,82,85,92,93
clust_eq,lpm2,963,1,4,9,11,17,19,20,33,38,44,46,51,55,58,71,87
clust_eq,lpm2,964,3,4,8,10,11,19,51,59,67,70,71,74,81,82,86,90
clust_eq,lpm2,965,2,8,22,27,30,33,34,43,46,48,58,61,62,66,84,100
clust_eq,lpm2,966,2,4,11,23,34,38,41,44,46,57,59,70,81,89,95,99
clust_eq,lpm2,967,2,8,25,26,44,56,57,59,63,67,72,82,83,85,96,100
clust_eq,lpm2,968,1,10,13,21,29,30,31,43,51,55,60,71,74,83,88,93
clust_eq,lpm2,969,2,5,10,16,17,28,29,35,39,43,51,54,67,79,88,98
clust_eq,lpm2,970,3,22,28,31,34,43,46,50,58,69,72,73,74,76,81,90
clust_eq,lpm2,971,2,6,15,18,27,29,33,34,39,48,65,67,76,77,93,100
clust_eq,lpm2,972,12,15,19,21,28,32,33,55,60,68,72,73,76,78,94,96
clust_eq,lpm2,973,7,11,17,18,19,21,44,45,64,69,70,74,78,86,91,99
clust_eq,lpm2,974,5,6,8,10,28,35,40,55,68,71,72,80,87,88,90,96
clust_eq,lpm2,975,1,6,7,9,10,17,19,21,24,37,44,57,67,72,90,92
clust_eq,lpm2,976,5,15,16,23,28,29,33,49,55,57,59,83,84,90,96,97
clust_eq,lpm2,977,13,14,17,26,28,43,45,55,57,60,62,67,69,73,81,97
clust_eq,lpm2,978,4,14,16,19,22,25,26,29,30,35,52,56,69,78,80,99
clust_eq,lpm2,979,10,14,24,25,28,32,41,43,44,58,59,65,77,85,87,100
clust_eq,lpm2,980,4,5,10,14,19,23,30,32,33,37,39,55,65,70,93,98
clust_eq,lpm2,981,21,32,33,39,41,42,45,48,53,56,57,68,82,83,85,94
clust_eq,lpm2,982,10,13,17,38,44,47,57,65,66,70,73,75,82,85,90,98
clust_eq,lpm2,983,15,16,20,25,26,31,52,65,68,72,74,76,77,83,92,93
clust_eq,lpm2,984,12,20,29,31,32,33,38,39,41,43,44,49,66,81,84,85
clust_eq,lpm2,985,13,18,23,28,63,66,69,70,75,76,77,78,84,86,87,98
clust_eq,lpm2,986,6,9,16,31,38,42,67,72,77,80,82,89,91,93,96,100
clust_eq,lpm2,987,6,15,16,18,19,22,26,27,28,37,62,67,77,81,87,93
clust_eq,lpm2,988,1,6,10,12,18,24,28,30,36,40,42,44,72,83,87,91
clust_eq,lpm2,989,5,36,39,40,56,62,63,66,68,69,72,75,82,90,98,100
clust_eq,lpm2,990,1,4,9,10,11,13,16,21,37,38,57,67,71,77,91,93
clust_eq,lpm2,991,16,17,20,27,32,33,35,41,44,56,85,88,92,97,99,100
clust_eq,lpm2,992,3,6,8,18,20,22,26,28,35,44,47,49,69,71,86,96
clust_eq,lpm2,993,23,24,28,31,42,62,67,72,77,79,80,84,86,92,97,98
clust_eq,lpm2,994,4,5,7,8,13,15,21,27,33,60,62,68,73,89,92,94
clust_eq,lpm2,995,5,10,14,21,25,28,29,31,32,35,36,41,53,70,75,96
clust_eq,lpm2,996,3,9,10,15,32,37,39,45,50,56,57,66,79,84,89,97
clust_eq,lpm2,997,3,7,9,10,11,21,30,35,41,45,53,54,67,77,79,99
clust_eq,lpm2,998,11,14,18,24,47,49,50,68,69,70,76,79,81,85,88,93
clust_eq,lpm2,999,1,8,13,16,22,28,31,32,34,53,60,62,74,81,88,94
clust_eq,lpm2,1000,1,3,4,11,12,14,15,27,29,31,53,61,67,71,78,82
clust_eq,lpm2,1001,5,6,12,22,25,28,31,44,61,66,68,72,90,93,96,100
clust_eq,lpm2,1002,4,12,18,24,30,44,46,49,55,69,71,78,89,94,96,99
clust_eq,lpm2,1003,2,13,19,22,35,42,51,58,62,67,68,74,91,94,95,97
clust_eq,lpm2,1004,2,7,11,19,26,30,42,56,59,63,71,72,76,80,93,99
clust_eq,lpm2,1005,6,14,20,22,23,25,26,27,41,42,51,63,74,87,93,99
clust_eq,lpm2,1006,11,23,38,45,46,53,62,64,67,69,79,80,82,90,95,100
clust_eq,lpm2,1007,5,14,19,26,29,42,43,49,53,59,69,80,81,86,93,99
clust_eq,lpm2,1008,2,13,14,24,26,28,29,30,40,50,61,73,88,91,96,98
clust_eq,lpm2,1009,1,5,9,11,13,23,25,26,36,42,44,54,56,69,71,97
clust_eq,lpm2,1010,7,27,29,30,31,41,50,57,65,67,79,81,85,89,97,99
clust_eq,lpm2,1011,7,11,19,29,32,33,39,41,45,47,50,51,82,86,89,95
clust_eq,lpm2,1012,1,5,9,11,17,20,21,25,26,40,47,49,57,63,73,74
clust_eq,lpm2,1013,7,17,20,28,40,49,53,59,61,70,71,73,76,79,86,91
clust_eq,lpm2,1014,2,19,25,36,53,58,59,60,61,67,70,74,75,86,93,100
clust_eq,lpm2,1015,7,14,15,18,31,33,49,52,58,75,76,81,86,87,88,96
clust_eq,lpm2,1016,7,14,21,22,23,33,38,44,49,50,59,63,80,82,83,100
clust_eq,lpm2,1017,8,14,29,38,41,46,47,54,55,59,62,67,74,78,88,99
clust_eq,lpm2,1018,4,14,17,25,26,27,28,29,41,55,65,76,80,85,87,93
clust_eq,lpm2,1019,2,8,11,12,21,23,26,34,36,37,54,64,72,74,79,81
clust_eq,lpm2,1020,11,21,33,35,40,46,51,56,60,68,72,73,82,89,94,98
clust_eq,lpm2,1021,10,11,22,30,31,39,40,47,55,64,67,72,73,74,77,82
clust_eq,lpm2,1022,2,6,11,12,30,31,35,42,48,52,58,68,78,83,84,95
clust_eq,lpm2,1023,5,17,24,32,34,41,42,56,60,62,63,78,79,82,88,100
clust_eq,lpm2,1024,3,6,11,19,25,30,34,36,39,41,47,50,56,78,82,85
clust_eq,lpm2,1025,8,11,13,20,23,31,35,48,61,70,80,82,83,88,90,91
clust_eq,lpm2,1026,4,24,26,28,32,33,44,49,59,60,70,73,83,90,93,96
clust_eq,lpm2,1027,2,25,26,28,31,32,36,40,53,60,61,62,71,75,84,92
clust_eq,lpm2,1028,7,12,14,18,30,33,43,46,62,64,68,78,85,90,95,100
clust_eq,lpm2,1029,3,8,10,30,31,42,48,67,68,70,73,76,89,91,96,98
clust_eq,lpm2,1030,2,4,7,14,25,35,39,41,48,52,53,58,60,79,84,88
clust_eq,lpm2,1031,1,9,12,14,16,33,34,44,46,49,54,57,65,76,94,95
clust_eq,lpm2,1032,1,16,27,36,39,61,64,66,78,81,86,90,93,94,99,100
clust_eq,lpm2,1033,12,26,29,35,43,47,49,50,59,76,79,81,83,84,90,99
clust_eq,lpm2,1034,6,11,16,20,23,25,44,58,60,64,72,78,82,84,86,88
clust_eq,lpm2,1035,17,31,33,39,40,49,51,53,55,64,74,77,81,82,86,87
clust_eq,lpm2,1036,8,26,31,40,41,47,49,53,56,68,71,81,85,86,96,98
clust_eq,lpm2,1037,7,15,22,28,31,36,46,47,58,62,67,76,77,88,91,96
clust_eq,lpm2,1038,7,9,18,20,24,34,35,45,54,56,57,62,75,91,96,97
clust_eq,lpm2,1039,1,13,16,17,25,32,33,38,51,56,59,60,64,71,72,73
clust_eq,lpm2,1040,3,4,6,9,15,21,35,37,40,45,54,77,81,83,85,96
clust_eq,lpm2,1041,5,11,13,17,20,21,26,29,34,40,68,78,82,84,88,95
clust_eq,lpm2,1042,4,5,9,14,19,26,32,43,52,62,75,87,91,94,98,99
clust_eq,lpm2,1043,2,6,21,22,25,35,40,48,50,54,58,69,78,80,86,88
clust_eq,lpm2,1044,8,15,27,34,35,37,38,42,46,53,54,62,70,89,91,96
clust_eq,lpm2,1045,5,8,9,26,31,40,42,43,56,65,66,75,87,88,89,98
clust_eq,lpm2,1046,2,5,6,12,13,33,34,35,39,57,61,65,86,88,93,99
clust_eq,lpm2,1047,5,6,13,21,23,24,37,45,51,59,61,66,70,89,91,93
clust_eq,lpm2,1048,10,20,22,28,30,36,44,54,58,69,74,79,81,87,91,94
clust_eq,lpm2,1049,2,9,15,23,26,31,33,36,43,47,58,60,62,79,82,98
clust_eq,lpm2,1050,8,42,45,48,51,57,58,64,70,71,75,78,81,82,83,91
clust_eq,lpm2,1051,9,14,25,30,43,48,49,52,54,56,57,69,74,78,87,88
clust_eq,lpm2,1052,3,22,24,29,32,34,36,37,43,50,63,66,72,76,80,81
clust_eq,lpm2,1053,2,7,19,25,30,45,50,53,56,57,73,76,79,93,96,99
clust_eq,lpm2,1054,4,6,18,21,24,26,60,61,62,65,75,77,80,89,90,94
clust_eq,lpm2,1055,4,5,10,17,21,30,33,36,47,48,66,68,70,77,83,92
clust_eq,lpm2,1056,12,26,28,36,42,52,64,66,68,69,77,88,90,91,92,100
clust_eq,lpm2,1057,1,24,27,37,57,61,64,65,70,78,82,83,87,92,93,100
clust_eq,lpm2,1058,7,17,21,40,41,48,54,56,57,60,68,74,88,89,91,97
clust_eq,lpm2,1059,1,12,15,24,25,26,28,32,40,54,57,64,65,76,93,96
clust_eq,lpm2,1060,6,16,17,22,26,54,55,57,65,72,76,77,83,86,93,99
clust_eq,lpm2,1061,8,15,25,30,35,36,49,58,61,62,64,65,73,79,87,97
clust_eq,lpm2,1062,3,5,14,29,32,36,48,54,55,59,60,75,88,91,92,94
clust_eq,lpm2,1063,19,28,30,35,39,47,52,53,57,58,61,71,78,83,88,94
clust_eq,lpm2,1064,1,4,6,15,19,46,48,58,61,66,76,78,80,81,89,93
clust_eq,lpm2,1065,1,15,21,24,28,31,39,45,53,57,58,61,67,70,77,98
clust_eq,lpm2,1066,3,4,19,20,30,35,43,47,56,57,63,74,82,88,92,98
clust_eq,lpm2,1067,1,3,30,31,32,33,41,60,64,73,77,87,94,96,98,99
clust_eq,lpm2,1068,3,36,46,47,56,64,67,69,74,79,80,86,91,92,94,99
clust_eq,lpm2,1069,2,4,6,7,9,13,17,26,29,59,68,70,74,76,81,83
clust_eq,lpm2,1070,4,26,44,45,48,58,61,66,69,70,80,85,87,89,91,97
clust_eq,lpm2,1071,1,3,11,20,23,25,26,27,30,32,35,53,70,73,82,99
clust_eq,lpm2,1072,3,6,8,15,22,25,31,33,61,64,74,84,85,87,88,92
clust_eq,lpm2,1073,7,27,28,30,33,57,62,67,71,74,75,81,88,92,93,94
clust_eq,lpm2,1074,3,10,25,27,28,35,46,47,56,59,61,70,76,80,83,92
clust_eq,lpm2,1075,29,32,41,46,49,50,53,62,75,76,81,85,89,90,92,95
clust_eq,lpm2,1076,2,15,40,41,42,43,48,50,51,58,65,76,79,86,88,98
clust_eq,lpm2,1077,3,4,12,13,17,20,39,42,51,63,66,76,78,82,85,87
clust_eq,lpm2,1078,9,12,14,22,29,31,33,50,63,64,67,74,88,90,97,98
clust_eq,lpm2,1079,11,19,25,29,42,48,57,63,68,69,72,76,78,90,93,99
clust_eq,lpm2,1080,13,27,37,42,43,44,46,51,54,55,58,65,67,76,85,99
clust_eq,lpm2,1081,18,31,34,35,42,50,53,68,72,77,79,82,85,87,89,93
clust_eq,lpm2,1082,3,10,18,19,21,22,35,37,44,67,72,81,85,94,96,97
clust_eq,lpm2,1083,1,4,9,10,12,16,18,23,28,29,39,49,53,61,74,83
clust_eq,lpm2,1084,3,5,9,16,26,34,49,54,58,63,65,69,77,80,89,91
clust_eq,lpm2,1085,1,16,32,43,56,59,72,74,80,82,86,88,89,91,93,95
clust_eq,lpm2,1086,3,4,18,22,29,42,46,61,62,64,66,67,72,82,86,97
clust_eq,lpm2,1087,5,11,15,27,32,33,37,40,51,55,58,64,70,73,79,90
clust_eq,lpm2,1088,3,4,17,25,29,34,46,51,53,59,68,71,74,76,78,82
clust_eq,lpm2,1089,2,3,6,12,13,16,23,37,51,64,66,75,83,84,91,95
clust_eq,lpm2,1090,1,11,14,15,18,21,23,25,31,44,45,63,69,76,86,97
clust_eq,lpm2,1091,6,16,20,25,31,37,39,48,56,73,75,76,78,90,91,93
clust_eq,lpm2,1092,9,27,40,42,46,54,55,56,57,58,59,64,65,74,87,95
clust_eq,lpm2,1093,2,9,14,18,39,46,54,55,62,69,72,74,75,91,93,99
clust_eq,lpm2,1094,9,24,31,39,47,52,53,57,58,61,64,67,71,72,75,82
clust_eq,lpm2,1095,1,7,10,20,21,28,35,39,46,47,50,51,52,72,76,95
clust_eq,lpm2,1096,1,2,20,23,35,49,58,59,60,61,65,70,78,98,99,100
clust_eq,lpm2,1097,6,27,34,37,46,57,62,70,73,76,81,85,89,94,96,99
clust_eq,lpm2,1098,17,39,43,52,63,64,65,69,71,72,74,75,80,82,83,100
clust_eq,lpm2,1099,12,28,36,37,49,50,54,55,59,65,74,79,89,90,93,98
clust_eq,lpm2,1100,7,10,13,19,28,32,43,47,52,64,70,74,75,77,90,100
clust_eq,lpm2,1101,5,7,8,12,13,21,33,46,48,51,59,64,67,73,93,99
clust_eq,lpm2,1102,12,21,22,23,41,45,48,51,52,54,55,56,67,74,91,99
clust_eq,lpm2,1103,1,2,12,26,29,36,53,54,66,67,69,77,81,85,92,99
clust_eq,lpm2,1104,2,3,4,8,11,22,28,33,36,45,62,64,66,74,92,98
clust_eq,lpm2,1105,1,10,12,17,40,42,48,59,60,65,66,69,72,80,89,100
clust_eq,lpm2,1106,3,5,6,20,25,28,29,30,41,53,54,59,61,80,87,93
clust_eq,lpm2,1107,3,10,11,18,22,23,25,32,38,43,45,48,54,68,71,87
clust_eq,lpm2,1108,9,11,17,27,40,47,53,57,61,68,70,78,82,84,89,95
clust_eq,lpm2,1109,4,10,11,14,15,17,25,34,38,54,56,62,72,74,90,92
clust_eq,lpm2,1110,3,8,22,26,27,38,59,73,74,80,87,90,94,97,98,99
clust_eq,lpm2,1111,31,37,40,43,45,46,47,48,59,61,65,70,71,74,84,98
clust_eq,lpm2,1112,2,8,10,12,18,22,27,32,38,42,53,55,86,94,95,100
clust_eq,lpm2,1113,6,7,9,15,17,18,42,52,54,66,70,76,87,88,91,96
clust_eq,lpm2,1114,12,19,22,28,34,51,62,66,72,74,75,80,81,86,90,97
clust_eq,lpm2,1115,17,32,34,35,49,56,57,59,60,73,75,86,87,91,93,96
clust_eq,lpm2,1116,8,9,13,16,19,29,30,62,69,73,78,79,89,90,92,95
clust_eq,lpm2,1117,2,4,6,18,28,32,33,44,46,56,60,67,74,81,84,93
clust_eq,lpm2,1118,1,3,9,14,18,21,27,29,30,71,77,78,91,92,98,100
clust_eq,lpm2,1119,3,9,16,20,22,23,28,31,33,38,49,55,56,84,96,98
clust_eq,lpm2,1120,17,22,31,39,41,43,44,60,61,75,76,81,82,87,93,100
clust_eq,lpm2,1121,18,20,35,36,40,45,46,58,61,65,68,71,77,86,96,99
clust_eq,lpm2,1122,2,3,6,14,25,28,31,37,42,58,70,74,78,79,80,84
clust_eq,lpm2,1123,2,3,17,20,26,30,35,48,55,57,59,63,65,71,73,84
clust_eq,lpm2,1124,17,18,21,24,43,45,47,49,54,62,66,68,76,86,89,91
clust_eq,lpm2,1125,6,18,28,29,31,39,60,62,64,65,69,79,81,94,95,98
clust_eq,lpm2,1126,7,12,20,23,24,31,43,60,71,72,77,78,79,86,87,88
clust_eq,lpm2,1127,9,21,34,50,56,57,71,72,75,76,80,90,93,95,96,97
clust_eq,lpm2,1128,2,24,28,34,38,42,45,49,51,62,68,77,89,91,94,96
clust_eq,lpm2,1129,2,20,22,25,30,31,33,38,49,56,61,62,74,88,94,100
clust_eq,lpm2,1130,1,15,27,33,36,38,51,52,54,58,63,66,67,69,87,89
clust_eq,lpm2,1131,6,15,20,25,33,42,50,54,57,58,60,66,75,82,87,88
clust_eq,lpm2,1132,4,7,12,13,22,23,25,26,32,45,48,54,60,64,71,96
clust_eq,lpm2,1133,7,10,27,44,50,60,63,66,68,72,77,79,81,89,95,100
clust_eq,lpm2,1134,1,8,14,21,27,33,36,40,48,51,85,89,92,93,97,98
clust_eq,lpm2,1135,2,11,41,44,51,54,63,68,69,71,77,82,85,89,94,98
clust_eq,lpm2,1136,30,31,32,35,39,40,55,71,78,80,84,88,90,94,95,97
clust_eq,lpm2,1137,1,9,10,11,18,24,31,38,42,47,54,64,83,93,94,97
clust_eq,lpm2,1138,5,6,9,20,29,36,44,54,59,61,75,85,87,88,94,95
clust_eq,lpm2,1139,14,17,24,25,26,28,43,44,45,47,51,57,70,75,76,98
clust_eq,lpm2,1140,6,24,41,51,59,61,75,77,82,84,86,88,89,90,93,98
clust_eq,lpm2,1141,4,13,16,27,37,38,52,54,65,66,78,85,87,89,94,97
clust_eq,lpm2,1142,6,10,11,17,21,26,29,30,37,48,57,62,67,71,73,98
clust_eq,lpm2,1143,4,8,10,13,14,33,34,39,40,42,43,58,74,86,87,95
clust_eq,lpm2,1144,2,10,14,25,32,40,48,50,54,57,59,62,65,86,88,89
clust_eq,lpm2,1145,2,12,13,22,30,37,46,50,57,58,64,69,81,96,99,100
clust_eq,lpm2,1146,3,7,8,16,23,33,39,41,43,49,54,60,80,83,85,99
clust_eq,lpm2,1147,28,30,36,37,43,44,51,59,61,66,67,70,73,90,91,98
clust_eq,lpm2,1148,2,8,24,25,49,51,54,60,62,69,71,79,82,83,88,92
clust_eq,lpm2,1149,5,12,20,21,23,35,43,49,51,55,68,73,77,82,91,97
clust_eq,lpm2,1150,2,11,13,15,17,27,33,51,61,62,64,67,75,81,82,86
clust_eq,lpm2,1151,8,11,20,21,25,29,31,38,41,43,45,49,74,91,94,99
clust_eq,lpm2,1152,8,10,15,22,35,42,43,44,46,48,54,56,61,67,68,80
clust_eq,lpm2,1153,2,5,13,14,15,23,32,33,34,43,44,45,54,79,93,99
clust_eq,lpm2,1154,2,12,23,27,30,41,49,53,54,55,62,66,76,91,96,98
clust_eq,lpm2,1155,5,10,23,25,29,36,43,47,50,51,52,65,66,68,83,86
clust_eq,lpm2,1156,13,19,20,22,33,37,44,47,61,66,72,85,88,94,95,97
clust_eq,lpm2,1157,1,4,7,13,21,23,24,34,38,53,62,71,73,78,79,93
clust_eq,lpm2,1158,2,3,8,10,22,25,34,37,45,54,66,70,76,84,92,99
clust_eq,lpm2,1159,6,8,10,27,37,38,39,46,47,58,73,80,82,85,90,98
clust_eq,lpm2,1160,2,7,14,15,17,19,38,39,49,51,60,65,75,83,84,93
clust_eq,lpm2,1161,4,7,13,27,39,42,46,52,66,74,77,80,82,86,97,98
clust_eq,lpm2,1162,3,4,5,15,16,18,21,23,30,46,58,59,81,82,84,97
clust_eq,lpm2,1163,2,22,23,42,49,52,75,77,80,81,86,89,92,98,99,100
clust_eq,lpm2,1164,9,11,13,17,20,38,47,51,52,54,55,58,63,79,81,88
clust_eq,lpm2,1165,2,9,16,31,34,35,40,45,58,64,70,80,81,91,92,97
clust_eq,lpm2,1166,3,4,15,25,26,49,70,74,76,79,80,82,83,87,94,96
clust_eq,lpm2,1167,4,6,7,22,24,29,33,34,40,41,56,68,76,83,88,99
clust_eq,lpm2,1168,1,14,25,27,28,38,40,47,57,59,61,63,70,73,85,93
clust_eq,lpm2,1169,9,23,25,26,27,29,31,38,39,53,58,61,67,71,80,97
clust_eq,lpm2,1170,4,5,8,10,20,21,27,51,58,65,70,82,90,95,97,98
clust_eq,lpm2,1171,31,32,35,37,38,39,42,46,51,52,56,68,71,78,89,91
clust_eq,lpm2,1172,3,4,10,18,22,39,42,43,54,70,71,85,87,89,94,98
clust_eq,lpm2,1173,11,14,17,18,25,28,29,33,42,45,47,49,74,75,77,86
clust_eq,lpm2,1174,1,2,14,24,31,36,37,41,43,44,60,61,73,77,91,98
clust_eq,lpm2,1175,3,6,7,12,14,15,21,28,30,33,41,45,54,65,80,98
clust_eq,lpm2,1176,6,7,11,17,20,26,35,47,49,54,57,60,68,93,98,99
clust_eq,lpm2,1177,6,16,20,22,24,28,38,46,49,56,58,62,84,96,98,100
clust_eq,lpm2,1178,2,5,8,10,14,23,28,38,41,55,58,65,71,73,88,96
clust_eq,lpm2,1179,2,6,15,17,19,35,49,54,58,62,64,65,68,81,86,98
clust_eq,lpm2,1180,3,7,13,22,24,41,42,43,48,51,54,58,59,78,85,90
clust_eq,lpm2,1181,7,22,28,29,32,36,43,46,51,54,59,72,76,89,93,95
clust_eq,lpm2,1182,2,3,7,23,25,30,31,49,54,55,60,63,66,77,91,97
clust_eq,lpm2,1183,11,17,21,22,30,36,51,52,54,56,64,67,85,90,91,95
clust_eq,lpm2,1184,13,17,19,27,38,46,48,52,60,65,67,69,71,77,81,92
clust_eq,lpm2,1185,1,19,23,34,35,38,56,57,62,65,72,81,87,92,97,99
clust_eq,lpm2,1186,5,12,13,14,18,30,39,48,52,53,54,61,67,75,78,87
clust_eq,lpm2,1187,1,2,10,12,15,34,40,43,46,48,55,60,74,89,92,100
clust_eq,lpm2,1188,2,3,11,22,25,29,36,45,48,53,61,71,73,76,85,94
clust_eq,lpm2,1189,1,4,10,16,22,23,32,35,45,46,55,56,66,85,87,96
clust_eq,lpm2,1190,26,31,41,42,53,59,60,62,66,70,72,75,81,94,95,98
clust_eq,lpm2,1191,3,7,14,21,22,24,30,31,33,37,49,54,56,83,94,96
clust_eq,lpm2,1192,5,6,18,32,47,48,52,65,68,70,72,73,89,91,94,98
clust_eq,lpm2,1193,7,9,12,42,44,49,50,54,59,68,74,79,80,81,89,90
clust_eq,lpm2,1194,12,15,23,26,41,43,47,48,49,54,58,63,67,74,79,89
clust_eq,lpm2,1195,36,37,41,42,47,48,54,58,63,65,74,77,83,91,94,95
clust_eq,lpm2,1196,1,13,20,23,24,34,47,50,57,61,65,85,86,88,93,96
clust_eq,lpm2,1197,8,20,26,27,30,37,39,53,57,62,64,69,70,85,90,100
clust_eq,lpm2,1198,1,11,23,26,29,35,42,45,48,49,76,80,85,87,92,98
clust_eq,lpm2,1199,10,13,20,23,24,37,43,50,56,61,80,81,84,85,90,92
clust_eq,lpm2,1200,3,12,17,22,26,35,47,49,60,67,69,71,73,92,95,97
clust_eq,lpm2,1201,1,4,5,9,14,16,23,26,32,43,51,53,55,58,88,99
clust_eq,lpm2,1202,11,15,18,32,33,37,40,60,66,67,72,79,87,93,94,100
clust_eq,lpm2,1203,2,3,8,21,22,45,48,51,64,68,73,74,92,93,97,98
clust_eq,lpm2,1204,27,32,35,39,41,47,48,51,54,58,61,62,70,75,76,97
clust_eq,lpm2,1205,15,20,21,28,40,54,55,65,68,69,72,74,77,80,91,92
clust_eq,lpm2,1206,6,7,21,23,24,27,33,39,46,47,62,69,70,76,80,99
clust_eq,lpm2,1207,1,5,13,35,42,43,45,58,65,71,72,73,77,82,87,89
clust_eq,lpm2,1208,1,17,18,21,25,28,35,41,42,44,53,73,78,89,92,95
clust_eq,lpm2,1209,5,6,12,25,29,31,32,46,49,52,61,71,75,82,85,92
clust_eq,lpm2,1210,8,13,15,21,25,29,30,32,38,46,51,53,59,62,89,100
clust_eq,lpm2,1211,12,14,20,24,27,30,43,49,50,61,65,73,75,80,81,93
clust_eq,lpm2,1212,5,8,10,12,14,32,40,42,43,45,48,51,65,73,87,99
clust_eq,lpm2,1213,5,9,12,14,15,21,29,31,34,37,40,43,46,57,65,71
clust_eq,lpm2,1214,6,8,10,20,28,36,44,58,61,66,68,72,73,76,90,96
clust_eq,lpm2,1215,6,7,10,11,15,16,23,27,29,54,62,79,80,85,89,98
clust_eq,lpm2,1216,4,5,15,18,23,26,28,29,35,44,59,65,69,83,84,92
clust_eq,lpm2,1217,5,18,19,23,24,28,29,33,39,47,51,61,62,68,79,98
clust_eq,lpm2,1218,4,7,21,22,29,33,35,48,57,75,77,84,94,97,98,99
clust_eq,lpm2,1219,4,5,17,24,41,50,59,61,62,64,75,84,87,88,91,98
clust_eq,lpm2,1220,3,16,20,22,23,36,43,48,58,64,72,80,81,85,86,88
clust_eq,lpm2,1221,16,41,48,51,59,64,65,70,72,75,81,85,87,93,94,99
clust_eq,lpm2,1222,2,6,8,12,28,31,36,55,62,64,65,66,72,73,83,96
clust_eq,lpm2,1223,20,34,35,47,52,55,58,60,63,68,71,78,79,80,84,100
clust_eq,lpm2,1224,2,22,34,36,50,59,68,69,70,73,74,76,84,93,97,99
clust_eq,lpm2,1225,16,17,25,34,36,38,40,45,48,53,66,70,75,92,97,100
clust_eq,lpm2,1226,14,24,30,33,41,46,50,53,55,59,69,70,80,85,90,93
clust_eq,lpm2,1227,3,8,26,27,30,34,36,47,61,62,71,74,75,96,97,100
clust_eq,lpm2,1228,1,3,6,7,8,29,33,48,51,65,66,67,72,73,81,95
clust_eq,lpm2,1229,1,15,16,39,40,45,48,57,58,65,66,80,86,92,93,98
clust_eq,lpm2,1230,4,6,11,21,26,37,47,49,50,58,62,71,81,82,83,85
clust_eq,lpm2,1231,1,15,16,34,35,38,39,46,52,53,57,58,80,81,86,100
clust_eq,lpm2,1232,2,15,17,27,29,48,55,56,57,60,65,66,73,75,83,97
clust_eq,lpm2,1233,12,15,17,20,21,45,47,48,59,62,63,74,79,80,84,98
clust_eq,lpm2,1234,1,4,8,12,13,15,20,26,28,32,39,54,63,66,87,94
clust_eq,lpm2,1235,4,24,27,28,32,39,47,51,58,62,64,68,71,79,88,89
clust_eq,lpm2,1236,10,11,22,36,42,44,51,55,60,74,83,88,93,94,96,99
clust_eq,lpm2,1237,1,15,16,35,36,45,62,63,67,76,80,86,92,94,98,99
clust_eq,lpm2,1238,4,7,10,14,22,28,29,31,43,47,51,60,67,68,72,77
clust_eq,lpm2,1239,6,7,13,14,21,26,31,38,44,65,73,77,81,86,94,95
clust_eq,lpm2,1240,10,21,22,25,31,39,46,50,58,60,61,68,72,83,85,99
clust_eq,lpm2,1241,10,11,16,18,23,24,32,33,49,55,62,76,77,85,86,100
clust_eq,lpm2,1242,9,11,20,25,29,31,35,37,42,44,45,49,59,77,78,90
clust_eq,lpm2,1243,4,11,16,22,23,26,28,37,38,49,55,67,74,77,90,93
clust_eq,lpm2,1244,2,5,7,11,13,15,30,31,45,59,70,77,78,81,89,93
clust_eq,lpm2,1245,8,15,19,20,29,31,42,44,45,47,55,66,75,85,92,97
clust_eq,lpm2,1246,3,13,24,26,30,32,41,59,61,64,77,82,90,92,94,100
clust_eq,lpm2,1247,20,22,30,32,33,50,53,62,77,80,81,84,85,87,88,89
clust_eq,lpm2,1248,1,3,12,17,25,36,38,45,59,65,66,69,84,89,95,97
clust_eq,lpm2,1249,4,7,10,11,16,17,20,22,24,28,44,45,57,85,90,94
clust_eq,lpm2,1250,1,5,10,16,18,20,27,28,36,37,53,56,64,78,81,93
clust_eq,lpm2,1251,4,6,7,9,17,22,24,44,46,59,61,63,64,84,90,99
clust_eq,lpm2,1252,6,23,24,28,45,51,54,57,60,61,67,68,71,87,91,93
clust_eq,lpm2,1253,9,12,15,21,34,36,44,49,50,59,76,78,88,89,91,97
clust_eq,lpm2,1254,1,5,6,7,9,16,26,30,41,51,53,56,83,93,99,100
clust_eq,lpm2,1255,1,9,11,18,23,26,28,29,36,47,52,55,64,67,73,91
clust_eq,lpm2,1256,4,7,24,30,31,37,53,58,67,80,87,89,91,92,94,99
clust_eq,lpm2,1257,6,7,15,38,39,42,46,49,50,67,71,73,77,85,93,100
clust_eq,lpm2,1258,1,21,26,32,35,37,39,49,50,51,52,76,78,81,95,97
clust_eq,lpm2,1259,10,15,17,35,39,46,48,55,57,62,63,75,80,86,87,98
clust_eq,lpm2,1260,3,7,15,18,27,33,43,46,47,48,56,59,67,85,86,100
clust_eq,lpm2,1261,1,3,6,11,20,25,32,36,37,51,54,55,58,66,74,91
clust_eq,lpm2,1262,15,26,32,35,43,50,51,52,56,81,83,84,86,87,92,97
clust_eq,lpm2,1263,8,16,49,52,55,57,63,67,74,76,84,86,88,91,92,95
clust_eq,lpm2,1264,7,12,17,29,41,46,57,63,72,75,76,85,86,90,98,99
clust_eq,lpm2,1265,2,3,11,15,30,34,35,36,41,60,61,63,75,77,84,88
clust_eq,lpm2,1266,1,5,19,20,28,41,44,47,50,51,56,60,69,78,92,100
clust_eq,lpm2,1267,5,24,46,47,52,55,56,63,65,72,73,80,86,89,96,99
clust_eq,lpm2,1268,5,6,8,9,19,29,31,42,64,72,75,78,90,95,96,98
clust_eq,lpm2,1269,2,6,34,36,37,38,52,56,59,60,61,72,84,94,96,99
clust_eq,lpm2,1270,8,10,11,12,14,37,39,40,41,43,45,47,48,54,81,99
clust_eq,lpm2,1271,8,10,15,23,30,55,62,64,65,69,73,79,80,82,90,96
clust_eq,lpm2,1272,5,7,9,10,20,21,29,32,39,40,43,51,74,75,88,93
clust_eq,lpm2,1273,12,14,16,22,23,28,31,34,41,54,62,68,74,81,96,97
clust_eq,lpm2,1274,4,7,9,14,19,27,33,37,39,42,65,70,80,83,93,94
clust_eq,lpm2,1275,4,8,10,42,45,48,63,64,70,71,75,80,81,87,96,99
clust_eq,lpm2,1276,7,22,28,31,35,38,41,50,52,55,57,59,63,67,70,72
clust_eq,lpm2,1277,2,25,37,39,41,45,53,57,61,70,71,77,85,94,99,100
clust_eq,lpm2,1278,11,18,19,22,30,32,35,39,41,47,55,63,71,77,94,99
clust_eq,lpm2,1279,7,16,20,28,29,39,40,53,71,72,73,74,78,79,84,93
clust_eq,lpm2,1280,3,5,24,36,46,47,48,53,59,61,71,72,77,84,89,94
clust_eq,lpm2,1281,4,15,16,21,28,35,53,56,58,60,67,68,72,73,80,97
clust_eq,lpm2,1282,3,4,11,14,19,23,27,30,33,37,61,67,78,81,82,90
clust_eq,lpm2,1283,6,9,11,16,18,22,26,29,38,44,49,55,56,71,73,90
clust_eq,lpm2,1284,8,20,32,40,45,46,49,56,60,63,64,73,74,81,82,96
clust_eq,lpm2,1285,4,25,29,35,37,40,41,46,50,59,61,63,68,74,83,90
clust_eq,lpm2,1286,1,6,14,31,37,39,44,58,67,69,77,80,85,88,89,91
clust_eq,lpm2,1287,7,13,19,21,23,26,28,29,53,64,68,71,73,81,85,96
clust_eq,lpm2,1288,5,6,7,8,13,18,33,42,44,48,54,78,79,89,90,93
clust_eq,lpm2,1289,28,30,31,34,42,52,54,59,71,72,76,79,80,81,92,94
clust_eq,lpm2,1290,4,13,15,16,23,28,46,51,55,58,63,64,65,68,74,83
clust_eq,lpm2,1291,1,3,11,17,30,33,42,45,49,51,62,67,76,79,85,87
clust_eq,lpm2,1292,10,20,28,29,34,40,46,47,49,55,68,74,80,91,93,100
clust_eq,lpm2,1293,9,10,22,36,51,64,69,70,77,81,82,83,84,93,95,97
clust_eq,lpm2,1294,2,5,7,17,24,26,31,33,39,40,41,54,56,83,97,99
clust_eq,lpm2,1295,3,8,9,13,14,19,26,42,56,57,75,76,83,87,95,97
clust_eq,lpm2,1296,1,2,3,10,15,35,41,43,54,60,61,70,82,88,94,98
clust_eq,lpm2,1297,2,25,36,50,51,53,56,61,62,64,68,71,78,84,86,92
clust_eq,lpm2,1298,1,12,14,17,24,25,28,33,36,43,52,84,86,87,88,89
clust_eq,lpm2,1299,26,31,32,35,36,43,45,47,48,50,56,59,83,93,97,98
clust_eq,lpm2,1300,6,15,19,20,28,29,33,44,51,59,61,74,75,87,94,100
clust_eq,lpm2,1301,11,12,14,15,25,30,47,52,60,72,77,79,80,84,88,98
clust_eq,lpm2,1302,1,14,19,25,33,45,48,52,56,61,64,80,85,94,96,97
clust_eq,lpm2,1303,14,15,28,29,32,36,38,49,54,65,69,75,77,90,92,93
clust_eq,lpm2,1304,1,8,9,18,19,22,28,39,42,52,67,71,76,81,91,100
clust_eq,lpm2,1305,7,8,24,25,28,29,40,41,51,71,75,84,86,87,91,92
clust_eq,lpm2,1306,9,11,21,40,49,50,57,62,68,69,73,74,75,76,89,91
clust_eq,lpm2,1307,1,2,10,11,15,30,31,42,45,46,48,51,55,77,89,93
clust_eq,lpm2,1308,17,18,19,22,33,35,41,42,45,47,58,68,69,71,85,89
clust_eq,lpm2,1309,1,2,4,10,12,17,53,54,61,74,76,77,80,95,97,98
clust_eq,lpm2,1310,8,9,10,30,34,40,47,57,61,71,72,79,88,92,94,95
clust_eq,lpm2,1311,3,8,9,15,20,25,27,29,38,41,42,65,79,90,96,100
clust_eq,lpm2,1312,7,9,11,19,24,31,33,36,45,47,50,62,76,89,92,99
clust_eq,lpm2,1313,10,15,21,22,24,27,29,31,33,49,67,86,89,90,92,94
clust_eq,lpm2,1314,5,8,10,12,20,34,36,40,47,65,68,80,86,88,89,96
clust_eq,lpm2,1315,5,11,13,24,26,27,28,50,58,63,67,68,70,90,98,100
clust_eq,lpm2,1316,5,10,22,31,43,52,61,72,73,77,89,90,91,94,98,99
clust_eq,lpm2,1317,9,11,12,13,15,18,30,52,61,64,67,87,90,91,97,100
clust_eq,lpm2,1318,1,8,14,32,36,37,51,62,72,76,81,83,90,92,94,97
clust_eq,lpm2,1319,3,4,5,7,10,13,22,34,46,47,50,64,66,80,92,95
clust_eq,lpm2,1320,20,25,27,30,33,35,38,53,55,62,71,75,80,90,93,100
clust_eq,lpm2,1321,12,20,23,24,36,46,47,53,55,76,77,79,82,85,96,100
clust_eq,lpm2,1322,2,3,12,16,25,30,33,48,57,59,64,72,84,94,97,99
clust_eq,lpm2,1323,2,10,13,18,22,32,35,38,39,44,48,56,71,88,94,98
clust_eq,lpm2,1324,5,12,15,22,23,27,33,36,37,44,55,61,66,80,82,89
clust_eq,lpm2,1325,14,18,27,28,44,55,58,65,67,74,79,86,92,94,98,100
clust_eq,lpm2,1326,20,25,26,36,38,40,56,58,61,63,65,78,84,87,92,99
clust_eq,lpm2,1327,1,3,5,10,15,21,32,35,46,58,59,63,73,80,89,100
clust_eq,lpm2,1328,6,8,11,22,28,35,40,45,46,47,49,55,56,86,90,98
clust_eq,lpm2,1329,7,37,38,47,49,50,63,68,71,84,88,89,91,92,93,95
clust_eq,lpm2,1330,1,7,8,11,12,13,15,24,25,26,47,51,58,60,63,64
clust_eq,lpm2,1331,1,6,7,18,24,31,33,42,44,48,49,60,70,77,89,96
clust_eq,lpm2,1332,2,10,12,17,24,37,41,43,61,66,72,77,81,89,92,100
clust_eq,lpm2,1333,7,8,22,28,30,40,51,57,64,65,69,71,78,88,94,95
clust_eq,lpm2,1334,1,5,16,23,24,45,50,53,61,79,82,83,84,87,92,100
clust_eq,lpm2,1335,3,4,8,19,37,39,40,42,49,53,64,66,67,79,95,98
clust_eq,lpm2,1336,2,6,11,12,18,22,23,34,37,49,58,61,74,78,84,86
clust_eq,lpm2,1337,1,3,7,9,25,31,35,41,50,53,58,67,90,91,95,96
clust_eq,lpm2,1338,2,5,6,8,12,22,28,44,53,54,66,69,72,86,88,89
clust_eq,lpm2,1339,1,4,7,11,13,16,37,45,52,60,71,77,79,89,91,94
clust_eq,lpm2,1340,10,11,15,16,21,25,41,48,54,60,65,70,75,88,89,93
clust_eq,lpm2,1341,4,9,10,12,20,21,27,53,54,59,61,62,79,85,94,99
clust_eq,lpm2,1342,9,16,20,26,28,49,57,59,62,63,70,76,80,89,90,94
clust_eq,lpm2,1343,1,4,11,17,35,42,48,50,51,52,67,72,86,87,91,99
clust_eq,lpm2,1344,1,3,7,8,20,21,27,33,40,48,66,80,97,98,99,100
clust_eq,lpm2,1345,3,13,30,32,39,44,48,52,61,64,72,75,83,96,99,100
clust_eq,lpm2,1346,1,5,6,14,21,26,29,45,49,55,81,84,86,92,94,99
clust_eq,lpm2,1347,11,29,40,42,44,47,55,63,71,72,73,80,86,90,91,95
clust_eq,lpm2,1348,4,10,19,21,23,24,30,41,51,59,64,67,79,93,98,99
clust_eq,lpm2,1349,2,6,27,36,40,44,58,59,67,70,73,79,81,82,83,85
clust_eq,lpm2,1350,2,9,14,27,31,32,36,38,44,55,56,63,68,71,79,92
clust_eq,lpm2,1351,10,17,30,31,40,41,42,51,59,66,74,79,81,96,98,99
clust_eq,lpm2,1352,9,14,31,36,44,45,55,56,58,65,69,75,76,78,83,95
clust_eq,lpm2,1353,4,15,16,23,24,31,32,44,46,60,84,86,89,90,91,96
clust_eq,lpm2,1354,23,26,28,31,37,38,39,49,55,62,64,67,75,77,87,97
clust_eq,lpm2,1355,2,6,8,25,29,42,48,49,51,59,66,73,89,91,92,95
clust_eq,lpm2,1356,9,18,19,20,24,26,41,42,44,58,59,66,69,70,87,91
clust_eq,lpm2,1357,7,14,17,37,63,67,72,74,77,79,80,90,91,93,99,100
clust_eq,lpm2,1358,7,15,20,28,43,44,46,49,63,69,70,79,84,85,87,94
clust_eq,lpm2,1359,1,4,9,17,24,25,49,53,58,69,70,80,86,88,89,96
clust_eq,lpm2,1360,3,9,12,24,46,47,49,51,53,55,67,71,73,76,78,96
clust_eq,lpm2,1361,16,19,21,22,24,26,44,49,51,55,59,85,86,89,93,97
clust_eq,lpm2,1362,5,9,16,22,27,33,34,35,44,51,53,54,81,93,94,95
clust_eq,lpm2,1363,3,6,16,18,35,38,45,54,58,78,79,81,83,85,89,94
clust_eq,lpm2,1364,16,20,35,36,40,43,51,58,63,71,79,81,82,84,86,88
clust_eq,lpm2,1365,4,9,25,39,42,43,58,62,64,72,74,80,83,84,91,95
clust_eq,lpm2,1366,13,20,28,38,47,49,58,61,62,65,73,74,75,78,94,98
clust_eq,lpm2,1367,9,10,21,23,38,44,46,51,53,56,81,84,89,96,99,100
clust_eq,lpm2,1368,10,16,24,27,38,41,52,56,57,63,81,83,86,91,92,94
clust_eq,lpm2,1369,2,5,7,15,22,24,28,40,51,52,72,83,88,91,96,100
clust_eq,lpm2,1370,1,2,9,12,20,33,46,52,55,65,72,74,85,94,98,100
clust_eq,lpm2,1371,8,18,29,32,33,35,36,39,46,54,55,79,85,86,90,99
clust_eq,lpm2,1372,2,9,11,23,29,33,35,51,54,55,62,64,68,72,79,83
clust_eq,lpm2,1373,5,8,11,20,22,27,37,42,44,51,52,73,81,90,92,99
clust_eq,lpm2,1374,2,4,8,20,24,25,26,29,34,44,60,66,68,72,78,96
clust_eq,lpm2,1375,2,4,12,16,24,26,35,51,58,64,68,78,82,86,92,97
clust_eq,lpm2,1376,6,24,25,30,32,45,49,51,54,64,82,87,90,91,93,94
clust_eq,lpm2,1377,1,9,18,20,23,24,29,32,38,42,44,46,55,63,96,100
clust_eq,lpm2,1378,3,12,34,36,38,40,41,45,59,61,63,66,73,79,86,90
clust_eq,lpm2,1379,7,13,22,26,38,44,51,53,54,58,74,81,82,86,87,89
clust_eq,lpm2,1380,9,10,16,23,43,44,52,55,59,67,69,72,74,75,80,84
clust_eq,lpm2,1381,2,6,18,38,40,42,45,52,54,59,72,74,79,81,86,89
clust_eq,lpm2,1382,4,5,7,19,20,23,24,25,44,47,49,60,70,78,91,92
clust_eq,lpm2,1383,7,10,13,18,27,30,47,58,63,67,73,79,89,94,95,99
clust_eq,lpm2,1384,16,18,25,28,33,38,46,62,67,71,72,73,85,93,94,96
clust_eq,lpm2,1385,8,11,15,18,20,29,34,35,49,60,62,63,68,79,87,100
clust_eq,lpm2,1386,1,10,25,34,35,56,57,59,72,80,85,87,89,93,97,99
clust_eq,lpm2,1387,3,20,25,43,47,48,50,51,56,68,73,76,78,83,86,91
clust_eq,lpm2,1388,1,4,16,19,20,43,50,55,58,60,62,66,78,80,88,95
clust_eq,lpm2,1389,3,16,27,30,32,33,41,48,55,64,75,93,94,95,96,100
clust_eq,lpm2,1390,15,20,21,27,35,36,40,46,54,58,60,62,63,68,69,91
clust_eq,lpm2,1391,4,7,8,9,20,41,44,73,75,80,81,87,91,92,95,99
clust_eq,lpm2,1392,2,3,15,28,36,45,50,53,60,61,68,76,78,83,84,92
clust_eq,lpm2,1393,2,18,22,26,32,36,37,40,63,64,65,71,77,83,85,93
clust_eq,lpm2,1394,7,9,19,21,29,31,35,43,44,45,47,49,50,59,65,82
clust_eq,lpm2,1395,10,12,19,40,42,59,60,64,67,68,83,85,88,90,92,100
clust_eq,lpm2,1396,1,3,5,6,8,13,24,25,37,42,44,45,46,69,84,99
clust_eq,lpm2,1397,10,21,30,31,39,41,53,56,61,66,72,75,76,93,95,98
clust_eq,lpm2,1398,1,6,7,17,27,28,33,34,39,44,51,64,70,71,73,90
clust_eq,lpm2,1399,3,10,15,18,19,36,38,42,58,74,75,81,83,87,92,97
clust_eq,lpm2,1400,3,5,6,9,12,24,33,39,41,42,50,64,68,69,81,100
clust_eq,lpm2,1401,2,3,6,12,17,19,21,24,27,36,38,53,61,79,82,83
clust_eq,lpm2,1402,4,20,22,24,26,37,39,40,48,50,55,63,69,70,86,87
clust_eq,lpm2,1403,6,8,16,29,36,38,41,65,69,72,79,84,85,89,95,98
clust_eq,lpm2,1404,2,5,27,29,32,33,35,37,41,42,50,54,59,79,92,93
clust_eq,lpm2,1405,3,14,19,22,28,38,39,49,50,51,63,69,77,81,90,95
clust_eq,lpm2,1406,4,6,10,14,17,18,38,46,50,59,61,62,67,75,82,98
clust_eq,lpm2,1407,3,13,14,19,22,25,30,43,45,51,53,67,77,89,90,94
clust_eq,lpm2,1408,3,5,14,17,25,31,33,34,36,48,54,77,79,85,87,92
clust_eq,lpm2,1409,15,27,31,37,38,46,47,48,55,62,70,73,92,94,97,98
clust_eq,lpm2,1410,2,7,23,41,48,52,53,54,57,59,64,66,67,77,82,97
clust_eq,lpm2,1411,3,11,36,41,43,47,50,51,55,60,67,68,74,79,82,89
clust_eq,lpm2,1412,4,6,16,21,27,48,59,63,70,71,76,77,80,83,91,94
clust_eq,lpm2,1413,1,2,13,20,28,29,30,33,38,43,44,46,51,61,81,93
clust_eq,lpm2,1414,1,2,3,4,8,15,46,53,55,56,80,81,82,85,89,91
clust_eq,lpm2,1415,5,10,13,19,20,32,37,39,40,42,50,58,65,88,92,99
clust_eq,lpm2,1416,29,31,33,34,36,43,47,48,50,52,64,74,79,80,81,86
clust_eq,lpm2,1417,8,9,14,26,31,40,47,49,51,55,68,76,91,95,96,98
clust_eq,lpm2,1418,1,5,18,44,49,50,56,57,61,64,65,78,95,97,98,99
clust_eq,lpm2,1419,1,2,6,18,20,30,48,50,58,59,66,69,78,81,84,88
clust_eq,lpm2,1420,29,32,39,41,43,51,61,71,75,76,79,82,86,88,89,94
clust_eq,lpm2,1421,10,16,17,21,22,28,34,38,51,53,70,72,84,89,95,97
clust_eq,lpm2,1422,15,18,26,33,43,48,53,54,61,72,76,87,89,93,94,98
clust_eq,lpm2,1423,1,3,6,11,12,15,25,32,33,46,47,57,58,60,66,84
clust_eq,lpm2,1424,1,4,7,11,13,17,19,30,33,42,44,51,70,74,89,99
clust_eq,lpm2,1425,9,18,22,38,39,42,53,62,64,70,72,83,84,87,93,95
clust_eq,lpm2,1426,2,4,13,14,32,35,43,48,50,55,77,79,84,86,93,96
clust_eq,lpm2,1427,4,7,9,12,16,25,27,29,35,40,43,51,54,59,91,99
clust_eq,lpm2,1428,11,14,15,18,24,30,31,49,50,58,68,69,83,87,91,93
clust_eq,lpm2,1429,4,25,32,33,37,52,66,72,75,77,83,84,87,93,96,99
clust_eq,lpm2,1430,1,2,4,18,29,33,35,40,44,49,55,60,63,69,86,92
clust_eq,lpm2,1431,22,30,33,35,38,42,46,49,55,57,69,77,84,93,96,99
clust_eq,lpm2,1432,10,13,16,22,30,37,39,50,51,52,55,56,64,67,84,85
clust_eq,lpm2,1433,3,5,9,10,24,34,39,47,51,54,56,57,61,63,65,94
clust_eq,lpm2,1434,11,13,15,17,18,19,38,42,62,74,77,79,88,90,92,98
clust_eq,lpm2,1435,14,16,29,37,39,49,50,60,61,65,74,80,88,93,97,99
clust_eq,lpm2,1436,2,9,11,26,30,34,41,52,58,71,81,85,88,94,97,100
clust_eq,lpm2,1437,1,17,21,41,51,54,62,65,69,76,78,86,93,95,96,98
clust_eq,lpm2,1438,5,12,13,16,20,22,24,25,30,40,43,46,63,70,87,100
clust_eq,lpm2,1439,12,23,30,33,36,39,41,42,43,51,55,58,60,66,67,99
clust_eq,lpm2,1440,1,5,6,12,14,15,32,33,44,48,59,72,80,81,88,100
clust_eq,lpm2,1441,4,8,25,30,33,40,53,68,69,70,72,76,82,90,95,96
clust_eq,lpm2,1442,9,17,24,29,37,42,49,54,65,67,78,79,85,89,99,100
clust_eq,lpm2,1443,1,2,5,23,24,28,29,36,43,45,52,55,64,65,73,81
clust_eq,lpm2,1444,5,10,12,32,36,37,42,62,64,65,73,75,77,90,97,99
clust_eq,lpm2,1445,7,21,30,39,49,52,63,66,68,76,77,80,82,83,88,91
clust_eq,lpm2,1446,4,5,8,15,19,21,32,35,41,44,59,63,68,72,81,90
clust_eq,lpm2,1447,11,18,26,29,47,62,64,67,72,73,74,75,77,81,82,85
clust_eq,lpm2,1448,1,12,14,15,25,30,36,39,40,41,48,52,65,69,72,97
clust_eq,lpm2,1449,6,9,15,21,22,31,36,50,55,58,64,69,70,76,80,92
clust_eq,lpm2,1450,2,7,14,18,33,39,44,48,56,65,69,74,75,86,93,100
clust_eq,lpm2,1451,14,19,26,36,42,51,53,56,62,64,69,73,86,96,98,99
clust_eq,lpm2,1452,2,3,7,22,28,31,38,42,54,71,72,77,78,86,88,96
clust_eq,lpm2,1453,1,5,19,29,32,34,35,40,48,49,61,63,75,77,89,100
clust_eq,lpm2,1454,1,2,6,9,14,15,35,41,44,49,55,69,73,74,94,100
clust_eq,lpm2,1455,7,12,17,23,24,26,27,31,34,36,43,68,76,79,82,89
clust_eq,lpm2,1456,3,5,10,19,20,25,34,51,61,73,80,85,91,92,94,99
clust_eq,lpm2,1457,12,13,19,24,28,30,31,46,59,61,70,76,87,91,94,98
clust_eq,lpm2,1458,5,10,13,21,28,30,44,54,58,59,61,66,77,84,91,98
clust_eq,lpm2,1459,20,26,29,32,36,37,55,64,65,68,71,77,78,85,94,100
clust_eq,lpm2,1460,14,21,24,26,27,30,38,44,51,52,58,65,83,96,97,100
clust_eq,lpm2,1461,5,6,9,10,11,35,40,41,50,52,55,57,73,79,83,90
clust_eq,lpm2,1462,36,37,47,51,74,75,77,78,81,89,90,91,93,96,97,99
clust_eq,lpm2,1463,2,3,7,11,18,27,46,53,64,70,82,83,86,92,94,100
clust_eq,lpm2,1464,12,16,17,18,20,27,28,30,32,39,40,41,49,53,78,95
clust_eq,lpm2,1465,1,15,23,24,29,33,38,47,54,55,63,69,72,89,93,100
clust_eq,lpm2,1466,3,7,17,20,28,33,47,49,60,68,74,78,79,83,84,88
clust_eq,lpm2,1467,3,12,33,39,42,51,54,58,69,74,78,86,88,89,90,95
clust_eq,lpm2,1468,2,7,15,19,22,28,29,53,59,62,64,72,81,85,92,94
clust_eq,lpm2,1469,1,4,6,9,21,27,30,52,54,60,65,66,67,77,81,91
clust_eq,lpm2,1470,15,21,23,25,29,30,31,37,41,43,49,67,68,73,77,91
clust_eq,lpm2,1471,3,5,17,19,21,24,27,31,39,44,47,65,66,79,86,98
clust_eq,lpm2,1472,11,22,23,24,28,46,47,52,57,58,67,78,81,86,89,100
clust_eq,lpm2,1473,4,5,8,14,26,44,48,49,51,61,63,75,87,89,96,99
clust_eq,lpm2,1474,3,5,9,16,22,27,28,29,41,42,62,67,73,80,86,97
clust_eq,lpm2,1475,7,13,14,28,30,37,38,45,51,53,54,58,62,67,90,92
clust_eq,lpm2,1476,1,5,9,11,19,27,29,32,36,61,66,70,87,91,94,95
clust_eq,lpm2,1477,1,33,38,41,47,55,62,69,72,73,77,80,82,85,92,94
clust_eq,lpm2,1478,1,11,15,29,35,37,38,41,42,51,54,77,81,90,91,94
clust_eq,lpm2,1479,4,5,39,41,44,47,50,53,55,57,58,68,76,78,90,99
clust_eq,lpm2,1480,19,20,34,49,52,56,57,61,71,78,82,85,91,94,96,100
clust_eq,lpm2,1481,1,5,16,29,31,46,49,50,63,67,70,71,76,80,83,91
clust_eq,lpm2,1482,1,10,19,20,24,40,43,47,49,56,61,62,80,86,89,97
clust_eq,lpm2,1483,3,23,29,34,45,61,68,74,78,80,82,83,90,91,97,100
clust_eq,lpm2,1484,1,5,9,13,20,27,33,43,44,56,61,73,83,87,94,99
clust_eq,lpm2,1485,9,24,25,26,27,29,30,32,39,40,41,47,50,78,85,100
clust_eq,lpm2,1486,9,11,16,20,21,23,26,31,34,36,53,56,58,68,73,76
clust_eq,lpm2,1487,5,8,13,18,30,42,43,45,54,62,64,79,81,83,94,95
clust_eq,lpm2,1488,19,20,27,33,39,42,44,50,58,71,74,79,81,82,87,100
clust_eq,lpm2,1489,16,17,26,37,38,59,65,71,74,77,80,83,84,92,99,100
clust_eq,lpm2,1490,1,23,31,32,38,49,50,51,55,65,66,78,81,86,91,99
clust_eq,lpm2,1491,7,15,20,28,33,41,43,44,47,52,64,66,68,73,77,92
clust_eq,lpm2,1492,4,10,12,21,28,49,60,61,63,65,66,77,86,92,93,98
clust_eq,lpm2,1493,17,30,37,39,48,49,51,52,63,66,67,78,87,88,91,98
clust_eq,lpm2,1494,3,11,13,17,19,20,35,37,48,55,64,65,68,69,70,78
clust_eq,lpm2,1495,2,4,15,28,31,42,58,70,74,75,88,89,91,92,94,97
clust_eq,lpm2,1496,7,15,18,20,23,27,29,54,60,61,66,68,82,84,91,96
clust_eq,lpm2,1497,1,2,14,18,23,33,35,37,45,48,50,58,67,84,97,98
clust_eq,lpm2,1498,11,24,38,40,49,51,56,61,67,71,77,78,84,89,91,92
clust_eq,lpm2,1499,3,11,18,22,28,33,35,36,42,50,58,63,69,86,89,100
clust_eq,lpm2,1500,9,22,23,34,46,49,51,53,55,64,69,70,71,73,74,96
clust_eq,lpm2,1501,6,17,20,25,32,33,37,45,52,57,59,64,71,75,77,85
clust_eq,lpm2,1502,13,19,25,42,43,48,64,69,70,72,73,74,75,78,94,99
clust_eq,lpm2,1503,16,17,19,22,24,34,52,57,59,62,66,72,80,82,85,88
clust_eq,lpm2,1504,1,8,12,18,20,32,35,44,45,63,65,73,81,82,85,90
clust_eq,lpm2,1505,1,2,4,15,18,25,26,40,45,58,59,63,77,82,85,98
clust_eq,lpm2,1506,6,13,20,28,39,50,53,54,55,58,62,64,66,72,79,90
clust_eq,lpm2,1507,6,8,10,22,41,42,45,56,69,71,76,86,93,96,98,100
clust_eq,lpm2,1508,3,18,32,38,41,45,53,64,71,75,77,81,82,87,92,93
clust_eq,lpm2,1509,7,12,13,14,31,33,52,53,75,76,80,85,89,90,94,99
clust_eq,lpm2,1510,8,10,12,18,23,37,39,42,55,57,63,64,74,87,95,100
clust_eq,lpm2,1511,4,7,10,24,38,42,44,50,51,65,75,84,85,87,89,93
clust_eq,lpm2,1512,1,2,6,7,11,14,15,26,27,29,36,40,51,52,81,85
clust_eq,lpm2,1513,1,9,15,19,30,32,39,47,57,70,72,80,89,91,93,98
clust_eq,lpm2,1514,4,13,20,22,26,40,48,55,56,58,63,68,69,71,74,82
clust_eq,lpm2,1515,4,7,14,16,17,26,35,41,43,48,70,75,76,77,78,97
clust_eq,lpm2,1516,4,5,6,22,23,25,26,28,30,52,56,61,73,80,89,90
clust_eq,lpm2,1517,3,7,12,13,15,16,22,26,31,48,63,66,67,74,77,96
clust_eq,lpm2,1518,8,19,21,25,33,53,56,57,59,62,69,71,82,85,88,89
clust_eq,lpm2,1519,16,25,27,35,40,46,50,53,57,59,69,79,85,86,95,100
clust_eq,lpm2,1520,7,11,19,30,41,45,48,52,53,57,67,68,71,76,77,87
clust_eq,lpm2,1521,6,7,28,32,33,39,46,49,50,51,52,55,56,76,84,85
clust_eq,lpm2,1522,1,3,10,21,27,35,41,56,58,69,73,76,82,89,92,96
clust_eq,lpm2,1523,6,12,26,30,42,48,49,59,67,75,77,80,87,89,95,100
clust_eq,lpm2,1524,3,5,11,12,13,24,42,45,50,53,54,67,71,75,82,98
clust_eq,lpm2,1525,7,12,24,28,33,39,40,42,50,51,66,75,78,81,83,88
clust_eq,lpm2,1526,4,8,26,27,34,35,38,39,44,56,57,67,81,86,91,99
clust_eq,lpm2,1527,1,6,10,14,23,31,49,69,70,74,82,84,86,87,96,98
clust_eq,lpm2,1528,4,6,23,29,30,39,51,61,64,71,72,74,79,82,83,88
clust_eq,lpm2,1529,9,10,12,13,17,37,42,47,54,76,88,89,91,92,95,98
clust_eq,lpm2,1530,2,5,6,9,17,27,31,38,40,42,49,58,65,68,83,99
clust_eq,lpm2,1531,13,35,40,42,53,58,69,71,75,82,86,88,89,94,96,100
clust_eq,lpm2,1532,2,3,6,7,13,14,16,17,22,28,37,56,57,73,76,78
clust_eq,lpm2,1533,1,25,29,34,39,41,45,48,52,69,76,78,80,85,97,99
clust_eq,lpm2,1534,1,30,33,35,45,47,51,71,77,81,84,85,93,96,97,98
clust_eq,lpm2,1535,4,10,22,37,41,44,45,52,60,69,87,89,94,97,98,99
clust_eq,lpm2,1536,2,6,11,29,38,42,47,48,49,50,57,71,73,74,75,91
clust_eq,lpm2,1537,1,4,6,17,20,27,40,47,48,57,64,81,86,90,91,93
clust_eq,lpm2,1538,3,8,10,16,23,26,31,34,43,49,76,79,81,86,87,99
clust_eq,lpm2,1539,1,6,31,32,40,54,55,60,65,66,70,71,72,76,80,94
clust_eq,lpm2,1540,2,3,4,6,18,42,46,63,64,70,74,77,82,83,86,96
clust_eq,lpm2,1541,7,21,23,27,28,31,33,38,52,56,59,79,80,86,89,90
clust_eq,lpm2,1542,17,23,27,30,34,41,47,48,55,56,63,64,79,84,92,95
clust_eq,lpm2,1543,7,15,19,20,23,28,32,39,44,49,70,75,76,78,90,100
clust_eq,lpm2,1544,2,3,10,15,25,46,49,50,53,57,62,64,67,69,73,85
clust_eq,lpm2,1545,11,15,24,27,29,33,34,44,57,61,64,73,75,86,90,93
clust_eq,lpm2,1546,2,15,20,23,27,34,41,42,46,51,60,65,66,77,91,92
clust_eq,lpm2,1547,3,6,27,29,34,42,48,51,67,68,69,71,73,76,88,92
clust_eq,lpm2,1548,5,8,9,18,33,40,59,61,69,72,84,88,89,90,93,99
clust_eq,lpm2,1549,2,4,10,11,17,41,44,48,61,67,70,71,74,75,81,88
clust_eq,lpm2,1550,15,16,22,23,34,36,39,42,49,73,76,77,86,90,93,100
clust_eq,lpm2,1551,27,29,37,40,46,51,63,65,69,71,76,83,84,87,94,99
clust_eq,lpm2,1552,3,5,9,20,21,32,35,45,57,63,73,77,81,91,94,96
clust_eq,lpm2,1553,1,4,11,16,23,28,33,35,41,44,45,53,56,66,69,98
clust_eq,lpm2,1554,7,21,22,29,30,32,45,51,59,62,77,78,85,88,89,96
clust_eq,lpm2,1555,5,7,13,18,21,30,42,46,53,58,66,79,82,83,91,94
clust_eq,lpm2,1556,3,5,8,15,16,27,29,32,51,66,73,75,86,89,92,97
clust_eq,lpm2,1557,8,9,12,13,14,15,21,32,33,55,68,73,80,85,91,93
clust_eq,lpm2,1558,1,6,9,14,15,31,32,41,46,47,58,59,60,78,94,98
clust_eq,lpm2,1559,2,15,27,34,38,46,60,68,70,77,78,81,82,94,96,100
clust_eq,lpm2,1560,20,23,37,38,39,44,48,51,54,63,67,75,77,88,90,95
clust_eq,lpm2,1561,4,12,18,34,37,40,42,46,52,63,65,66,74,75,87,99
clust_eq,lpm2,1562,8,14,23,24,25,26,36,37,41,47,70,75,89,96,99,100
clust_eq,lpm2,1563,19,28,32,36,43,46,51,59,61,66,70,77,81,85,91,93
clust_eq,lpm2,1564,4,6,14,18,25,29,33,37,40,48,50,55,72,79,90,99
clust_eq,lpm2,1565,3,9,14,22,26,38,42,55,58,74,87,88,94,96,97,100
clust_eq,lpm2,1566,3,11,12,13,15,20,22,38,52,55,60,78,80,84,86,90
clust_eq,lpm2,1567,4,11,12,20,23,27,44,53,61,68,71,74,76,79,80,90
clust_eq,lpm2,1568,13,21,37,38,43,48,50,62,65,72,73,75,81,83,90,93
clust_eq,lpm2,1569,6,7,8,13,14,26,29,38,44,51,59,67,87,88,92,99
clust_eq,lpm2,1570,1,3,8,9,16,18,20,27,29,32,33,37,38,66,73,97
clust_eq,lpm2,1571,2,18,19,27,31,32,35,43,48,50,70,71,79,93,95,98
clust_eq,lpm2,1572,2,7,10,13,18,35,39,40,43,50,58,73,83,86,95,99
clust_eq,lpm2,1573,8,15,19,21,31,35,41,50,59,67,75,76,88,90,95,97
clust_eq,lpm2,1574,4,7,12,23,28,36,38,39,65,71,75,78,80,81,89,95
clust_eq,lpm2,1575,1,7,11,12,13,17,19,20,21,24,33,44,48,57,76,99
clust_eq,lpm2,1576,2,7,8,14,24,26,29,41,49,53,67,68,73,84,85,97
clust_eq,lpm2,1577,13,14,45,47,52,53,55,57,70,78,79,85,86,94,99,100
clust_eq,lpm2,1578,6,9,11,12,16,20,22,42,51,52,54,57,64,71,77,82
clust_eq,lpm2,1579,5,6,8,10,16,18,20,32,52,55,57,59,65,85,86,100
clust_eq,lpm2,1580,1,8,10,11,18,27,31,32,44,49,55,71,74,79,86,98
clust_eq,lpm2,1581,2,8,20,22,23,33,34,35,38,49,62,80,84,86,96,97
clust_eq,lpm2,1582,9,21,25,40,45,54,57,61,65,66,68,74,82,84,91,93
clust_eq,lpm2,1583,9,15,21,22,23,34,35,40,41,45,47,49,62,78,85,96
clust_eq,lpm2,1584,11,25,27,28,33,42,44,46,51,60,70,74,75,83,90,100
clust_eq,lpm2,1585,3,6,15,17,18,21,25,27,30,40,41,53,67,75,76,82
clust_eq,lpm2,1586,11,18,25,45,47,48,50,55,58,64,68,73,78,79,83,85
clust_eq,lpm2,1587,6,13,16,33,35,44,45,47,54,58,65,77,80,83,85,95
clust_eq,lpm2,1588,11,12,21,26,34,37,45,51,71,76,79,90,93,94,95,100
clust_eq,lpm2,1589,1,15,17,18,28,33,47,52,66,74,78,84,86,88,96,98
clust_eq,lpm2,1590,6,7,14,23,32,38,39,47,54,57,62,63,68,77,86,88
clust_eq,lpm2,1591,7,12,13,15,19,27,30,34,47,68,82,85,91,93,94,96
clust_eq,lpm2,1592,13,19,24,39,44,45,52,54,60,64,65,69,81,90,92,98
clust_eq,lpm2,1593,4,20,27,37,39,43,44,51,61,64,65,78,81,90,94,95
clust_eq,lpm2,1594,3,16,19,20,29,36,45,53,59,60,68,71,76,78,98,99
clust_eq,lpm2,1595,7,16,23,26,36,38,49,52,59,60,70,78,79,83,84,95
clust_eq,lpm2,1596,19,20,27,28,35,37,38,51,55,56,62,65,69,72,94,97
clust_eq,lpm2,1597,6,15,18,26,30,34,42,44,55,58,59,65,74,88,89,94
clust_eq,lpm2,1598,2,7,8,30,41,43,46,52,63,66,68,82,85,90,98,100
clust_eq,lpm2,1599,3,6,12,23,24,25,26,37,57,59,60,64,69,71,80,100
clust_eq,lpm2,1600,9,10,13,14,22,24,31,45,50,53,61,77,83,87,96,99
clust_eq,lpm2,1601,4,29,31,39,40,46,61,62,66,75,76,85,87,91,98,99
clust_eq,lpm2,1602,7,8,9,16,18,25,30,39,46,52,53,72,73,74,89,97
clust_eq,lpm2,1603,13,16,19,21,23,25,28,44,58,59,63,66,72,85,88,91
clust_eq,lpm2,1604,11,12,14,19,22,28,32,36,40,42,50,71,76,78,80,91
clust_eq,lpm2,1605,2,13,16,27,35,40,50,51,54,56,60,68,78,79,82,86
clust_eq,lpm2,1606,3,6,11,18,19,23,26,30,48,49,56,64,65,69,71,98
clust_eq,lpm2,1607,5,9,22,23,24,25,36,58,61,78,83,84,88,92,97,99
clust_eq,lpm2,1608,13,16,22,31,35,48,50,56,69,75,83,86,88,93,96,99
clust_eq,lpm2,1609,1,3,4,6,7,14,17,38,41,46,47,51,53,74,83,99
clust_eq,lpm2,1610,5,13,16,17,19,24,34,44,56,57,63,66,75,82,89,96
clust_eq,lpm2,1611,19,21,29,35,38,46,67,68,70,72,78,79,80,81,94,99
clust_eq,lpm2,1612,4,9,14,16,26,27,32,38,44,54,65,68,80,93,98,99
clust_eq,lpm2,1613,7,21,22,40,43,63,64,70,72,80,82,83,85,88,94,100
clust_eq,lpm2,1614,8,9,11,14,24,26,30,33,34,36,42,45,58,68,73,87
clust_eq,lpm2,1615,4,6,11,21,22,38,40,41,45,49,56,69,71,86,93,95
clust_eq,lpm2,1616,6,8,10,11,14,25,32,36,45,56,61,68,74,86,93,99
clust_eq,lpm2,1617,3,27,31,33,34,37,43,44,46,55,65,71,76,80,87,95
clust_eq,lpm2,1618,2,6,10,14,28,33,35,36,37,42,51,70,77,84,89,96
clust_eq,lpm2,1619,1,8,22,29,32,37,42,45,66,72,74,89,90,96,97,100
clust_eq,lpm2,1620,3,15,25,26,34,37,39,42,45,57,58,65,74,82,94,100
clust_eq,lpm2,1621,11,12,13,21,22,26,35,37,50,51,61,62,63,74,83,100
clust_eq,lpm2,1622,3,4,21,24,30,40,60,66,79,80,88,90,94,96,97,98
clust_eq,lpm2,1623,4,7,8,12,15,18,20,23,25,37,39,46,65,82,90,91
clust_eq,lpm2,1624,12,14,15,16,37,44,51,59,63,69,72,76,79,83,84,85
clust_eq,lpm2,1625,32,35,36,48,53,60,68,76,78,80,87,88,89,93,94,97
clust_eq,lpm2,1626,6,7,9,10,19,28,29,44,47,59,61,65,66,72,76,77
clust_eq,lpm2,1627,16,19,22,24,29,34,40,41,45,75,80,81,82,86,92,95
clust_eq,lpm2,1628,4,15,17,19,21,26,28,35,44,49,60,65,75,81,96,98
clust_eq,lpm2,1629,6,17,25,27,29,36,51,59,61,62,65,67,73,76,85,99
clust_eq,lpm2,1630,10,11,15,24,31,41,49,52,56,58,64,69,79,87,92,98
clust_eq,lpm2,1631,16,17,41,43,45,47,49,52,59,67,76,79,81,85,95,100
clust_eq,lpm2,1632,8,25,26,32,43,52,59,63,72,76,80,83,84,85,93,95
clust_eq,lpm2,1633,1,9,16,17,20,21,29,44,49,57,78,81,82,95,96,100
clust_eq,lpm2,1634,23,38,43,45,47,52,54,57,61,68,70,71,72,79,97,98
clust_eq,lpm2,1635,1,2,6,12,19,21,28,41,44,57,64,79,83,85,88,95
clust_eq,lpm2,1636,1,12,17,23,25,30,41,43,48,53,57,61,71,84,88,99
clust_eq,lpm2,1637,15,16,20,31,34,37,38,41,45,54,62,70,74,75,92,97
clust_eq,lpm2,1638,4,7,11,14,23,28,29,30,35,37,41,61,80,91,95,100
clust_eq,lpm2,1639,3,7,11,14,18,39,42,67,77,78,84,85,88,90,94,99
clust_eq,lpm2,1640,8,21,23,25,32,36,37,51,63,64,65,72,73,82,85,90
clust_eq,lpm2,1641,1,8,20,24,25,27,28,39,46,47,58,62,65,66,76,100
clust_eq,lpm2,1642,3,6,10,12,15,16,22,25,28,36,38,83,90,91,92,93
clust_eq,lpm2,1643,3,4,10,13,25,27,32,35,38,53,58,60,68,87,92,99
clust_eq,lpm2,1644,7,8,19,36,39,40,42,47,48,62,73,74,75,86,92,95
clust_eq,lpm2,1645,17,27,30,41,45,46,47,59,60,67,70,71,76,92,93,97
clust_eq,lpm2,1646,10,22,27,30,40,41,49,53,56,66,67,81,85,90,96,99
clust_eq,lpm2,1647,10,13,18,19,20,38,39,40,56,65,69,77,85,93,95,98
clust_eq,lpm2,1648,5,17,18,21,24,39,45,47,49,52,53,56,68,79,83,99
clust_eq,lpm2,1649,3,7,14,24,25,29,40,57,72,73,79,82,85,90,96,97
clust_eq,lpm2,1650,4,9,10,14,16,18,52,54,58,60,65,68,76,83,90,96
clust_eq,lpm2,1651,2,20,26,28,31,34,43,56,57,58,68,74,78,81,91,95
clust_eq,lpm2,1652,7,13,14,30,42,45,51,54,58,59,60,74,75,87,91,93
clust_eq,lpm2,1653,2,6,9,18,31,35,44,49,58,67,71,75,77,82,91,98
clust_eq,lpm2,1654,7,12,14,28,33,37,39,44,45,49,50,61,63,73,95,98
clust_eq,lpm2,1655,1,3,9,19,21,25,36,45,58,59,65,66,67,76,89,100
clust_eq,lpm2,1656,6,19,36,38,45,47,50,53,57,58,61,66,67,75,92,99
clust_eq,lpm2,1657,12,15,16,19,20,34,40,57,59,63,72,78,81,82,85,94
clust_eq,lpm2,1658,6,16,22,23,29,32,48,49,54,57,60,71,75,86,89,90
clust_eq,lpm2,1659,2,7,9,10,12,14,18,23,24,29,31,39,49,53,76,91
clust_eq,lpm2,1660,5,8,9,13,14,18,19,29,33,34,71,75,78,81,94,96
clust_eq,lpm2,1661,1,3,9,13,25,29,31,35,37,43,45,61,67,77,91,99
clust_eq,lpm2,1662,1,4,9,15,34,35,36,41,44,50,56,63,65,69,71,92
clust_eq,lpm2,1663,2,20,29,35,40,48,51,54,62,63,69,72,81,91,92,95
clust_eq,lpm2,1664,3,4,6,35,50,54,55,56,59,60,65,68,78,87,89,98
clust_eq,lpm2,1665,2,4,22,46,49,52,53,59,64,66,69,70,81,82,94,97
clust_eq,lpm2,1666,1,14,19,31,38,41,42,43,44,50,52,61,78,85,87,89
clust_eq,lpm2,1667,14,19,24,26,36,37,43,44,47,50,55,68,80,85,90,93
clust_eq,lpm2,1668,1,2,3,4,6,18,21,23,30,45,48,56,59,66,67,98
clust_eq,lpm2,1669,9,21,34,36,38,41,45,46,62,65,71,77,78,94,95,97
clust_eq,lpm2,1670,2,20,33,34,41,48,58,59,62,64,72,73,74,75,77,81
clust_eq,lpm2,1671,2,26,32,37,38,52,58,59,70,72,80,89,91,95,98,100
clust_eq,lpm2,1672,2,8,34,42,49,52,54,55,65,76,78,85,88,93,97,99
clust_eq,lpm2,1673,3,5,7,19,23,34,41,45,53,72,75,77,86,87,89,91
clust_eq,lpm2,1674,1,10,11,13,16,23,28,30,35,60,67,73,83,84,92,93
clust_eq,lpm2,1675,17,21,26,30,35,45,49,52,53,54,56,61,75,81,82,85
clust_eq,lpm2,1676,2,10,15,18,19,24,29,34,39,61,64,65,68,86,94,100
clust_eq,lpm2,1677,4,16,18,22,43,44,48,54,60,78,81,87,88,89,94,95
clust_eq,lpm2,1678,1,3,4,6,16,20,39,46,48,51,55,60,77,78,82,90
clust_eq,lpm2,1679,5,7,22,28,29,30,31,36,40,45,50,83,87,90,92,97
clust_eq,lpm2,1680,11,22,23,31,34,35,37,42,44,48,67,71,80,88,92,94
clust_eq,lpm2,1681,2,5,7,8,12,14,25,27,29,30,36,39,43,49,75,99
clust_eq,lpm2,1682,15,26,28,34,36,40,42,47,49,68,74,76,88,92,94,97
clust_eq,lpm2,1683,3,9,14,23,42,53,55,57,67,70,74,84,88,95,96,97
clust_eq,lpm2,1684,1,5,8,18,22,31,33,39,45,52,61,64,66,82,87,98
clust_eq,lpm2,1685,5,7,8,12,26,41,47,51,60,66,72,73,81,89,91,97
clust_eq,lpm2,1686,2,3,7,9,12,17,25,26,49,59,71,73,74,75,84,97
clust_eq,lpm2,1687,2,16,19,26,31,34,35,36,43,48,50,65,70,80,89,99
clust_eq,lpm2,1688,4,10,14,16,22,40,47,49,58,60,74,80,82,83,92,94
clust_eq,lpm2,1689,21,22,26,30,34,41,52,54,63,64,71,74,77,80,97,99
clust_eq,lpm2,1690,15,22,23,34,36,37,41,44,47,50,81,85,91,96,97,100
clust_eq,lpm2,1691,2,11,12,23,26,37,38,44,45,48,49,54,89,90,96,98
clust_eq,lpm2,1692,15,16,22,25,29,40,41,51,61,67,77,78,82,84,85,96
clust_eq,lpm2,1693,3,14,17,28,41,49,55,59,67,68,73,79,84,86,95,98
clust_eq,lpm2,1694,1,7,17,26,27,28,36,39,53,54,58,62,67,74,76,83
clust_eq,lpm2,1695,14,17,27,28,35,47,55,56,57,59,75,84,86,88,91,98
clust_eq,lpm2,1696,1,4,7,19,32,35,43,50,70,71,76,77,80,85,91,99
clust_eq,lpm2,1697,6,7,28,29,37,45,50,64,69,74,75,77,80,84,87,92
clust_eq,lpm2,1698,1,10,27,35,41,47,57,58,59,60,70,82,87,89,97,98
clust_eq,lpm2,1699,7,14,18,24,26,37,39,47,49,52,56,65,77,83,84,85
clust_eq,lpm2,1700,4,21,22,28,44,50,51,55,56,57,63,64,67,86,91,95
clust_eq,lpm2,1701,9,13,16,25,29,34,41,45,64,65,73,75,77,85,87,96
clust_eq,lpm2,1702,3,4,8,11,13,19,32,35,47,56,66,68,75,80,86,99
clust_eq,lpm2,1703,3,7,8,10,25,31,35,40,45,49,65,67,86,87,96,99
clust_eq,lpm2,1704,1,5,9,12,21,32,33,36,46,50,51,53,70,74,81,83
clust_eq,lpm2,1705,5,14,16,17,24,33,49,52,53,56,57,68,73,81,89,92
clust_eq,lpm2,1706,1,30,34,36,40,42,45,50,70,73,76,82,89,91,92,99
clust_eq,lpm2,1707,3,21,22,28,36,37,38,50,53,54,59,61,72,74,77,83
clust_eq,lpm2,1708,18,19,26,30,32,43,44,48,54,56,65,78,87,89,94,99
clust_eq,lpm2,1709,12,17,19,22,24,34,37,42,52,53,55,72,73,78,90,95
clust_eq,lpm2,1710,4,7,15,18,19,21,28,30,53,56,58,62,67,71,78,96
clust_eq,lpm2,1711,11,33,41,47,50,51,52,56,64,72,79,83,85,90,96,99
clust_eq,lpm2,1712,2,14,24,25,46,49,50,53,57,60,62,79,82,84,89,96
clust_eq,lpm2,1713,9,31,36,45,47,60,65,66,69,70,75,77,92,94,95,97
clust_eq,lpm2,1714,2,4,6,9,15,17,25,35,41,44,46,59,63,64,67,84
clust_eq,lpm2,1715,3,7,13,27,28,38,64,65,70,75,77,84,85,90,97,98
clust_eq,lpm2,1716,5,9,12,13,14,22,34,47,50,52,55,59,69,73,78,91
clust_eq,lpm2,1717,5,10,18,19,31,42,44,49,52,55,69,71,75,77,86,97
clust_eq,lpm2,1718,8,18,20,21,33,38,43,44,49,64,69,75,86,93,99,100
clust_eq,lpm2,1719,4,5,8,10,12,25,42,48,51,65,74,79,88,93,96,98
clust_eq,lpm2,1720,11,15,18,19,47,52,60,61,66,75,76,78,79,94,98,100
clust_eq,lpm2,1721,1,4,35,40,41,42,51,55,56,60,64,83,91,92,94,95
clust_eq,lpm2,1722,6,7,11,12,25,41,42,47,48,52,57,73,74,78,86,99
clust_eq,lpm2,1723,1,4,6,9,14,15,19,40,42,47,50,70,76,80,96,98
clust_eq,lpm2,1724,1,17,18,20,28,49,53,55,59,60,70,71,74,78,87,93
clust_eq,lpm2,1725,6,9,14,22,25,26,36,50,56,67,69,73,76,93,99,100
clust_eq,lpm2,1726,2,31,32,38,43,45,58,60,62,65,75,80,94,95,97,98
clust_eq,lpm2,1727,4,26,32,36,47,50,51,53,58,61,66,70,74,86,91,92
clust_eq,lpm2,1728,10,15,22,44,49,52,54,57,58,59,60,61,69,76,89,90
clust_eq,lpm2,1729,5,12,14,22,30,33,34,36,40,48,50,65,69,72,84,87
clust_eq,lpm2,1730,2,8,10,13,15,19,25,31,35,38,39,56,58,65,69,86
clust_eq,lpm2,1731,1,27,28,29,46,53,55,57,60,74,76,77,83,84,90,96
clust_eq,lpm2,1732,5,8,13,14,22,40,47,48,51,67,68,88,95,97,99,100
clust_eq,lpm2,1733,11,16,22,35,41,46,56,59,62,64,71,82,93,97,98,100
clust_eq,lpm2,1734,18,24,25,33,40,42,48,49,62,69,70,73,75,76,96,97
clust_eq,lpm2,1735,4,5,7,34,37,39,46,47,58,62,78,84,91,93,95,97
clust_eq,lpm2,1736,3,6,7,9,15,23,24,27,31,50,54,67,75,76,81,91
clust_eq,lpm2,1737,1,17,21,25,31,33,38,48,59,62,66,72,73,77,89,92
clust_eq,lpm2,1738,13,22,29,33,35,40,43,64,67,69,72,73,85,86,87,93
clust_eq,lpm2,1739,11,17,21,28,29,34,35,39,41,45,62,71,80,81,86,91
clust_eq,lpm2,1740,3,12,14,17,19,22,31,43,47,74,80,81,83,86,90,97
clust_eq,lpm2,1741,3,16,17,25,37,38,43,57,59,64,70,73,74,87,91,97
clust_eq,lpm2,1742,5,10,16,20,29,37,43,48,49,50,68,80,81,87,96,100
clust_eq,lpm2,1743,19,20,21,23,24,39,45,49,60,62,68,69,73,82,93,97
clust_eq,lpm2,1744,4,9,26,34,38,43,47,62,65,66,69,70,78,81,88,93
clust_eq,lpm2,1745,2,4,15,17,19,20,25,41,58,60,63,70,73,78,82,96
clust_eq,lpm2,1746,2,6,17,18,20,25,26,37,42,45,48,52,66,75,77,99
clust_eq,lpm2,1747,3,6,11,12,17,21,26,30,32,57,60,72,74,78,99,100
clust_eq,lpm2,1748,15,17,22,25,29,36,41,42,53,64,74,82,84,87,88,92
clust_eq,lpm2,1749,1,4,24,26,28,45,47,59,61,63,70,73,76,83,86,94
clust_eq,lpm2,1750,3,12,25,31,33,34,37,49,64,73,74,75,82,87,89,92
clust_eq,lpm2,1751,17,22,36,38,44,47,48,51,52,63,71,73,79,81,92,98
clust_eq,lpm2,1752,2,13,17,19,20,37,42,45,48,57,59,62,64,79,95,98
clust_eq,lpm2,1753,10,13,20,23,24,29,43,51,59,60,63,69,73,76,87,99
clust_eq,lpm2,1754,7,16,18,30,43,44,45,49,54,65,74,83,91,93,94,99
clust_eq,lpm2,1755,6,9,15,36,40,42,46,50,51,52,66,67,68,69,78,88
clust_eq,lpm2,1756,3,4,5,6,8,11,20,42,46,67,79,80,81,82,86,95
clust_eq,lpm2,1757,8,9,22,23,24,25,26,33,36,42,60,70,73,84,87,92
clust_eq,lpm2,1758,6,7,8,14,18,34,44,53,54,60,70,74,78,79,87,99
clust_eq,lpm2,1759,9,19,25,34,44,45,50,56,63,65,67,74,75,76,80,100
clust_eq,lpm2,1760,11,12,25,37,40,47,49,50,57,61,74,76,78,83,88,92
clust_eq,lpm2,1761,1,2,15,19,23,25,26,31,36,60,62,65,66,69,76,93
clust_eq,lpm2,1762,2,13,19,21,25,27,30,50,52,58,63,67,74,88,95,96
clust_eq,lpm2,1763,2,4,10,25,48,49,51,56,64,69,71,79,84,92,93,94
clust_eq,lpm2,1764,2,3,7,12,30,48,49,51,55,68,84,89,91,92,95,97
clust_eq,lpm2,1765,5,6,7,19,33,50,57,59,62,64,65,82,88,90,95,98
clust_eq,lpm2,1766,9,10,21,32,38,39,49,52,56,57,58,61,63,79,82,98
clust_eq,lpm2,1767,4,5,21,26,30,36,48,56,61,67,71,72,78,84,92,93
clust_eq,lpm2,1768,2,9,11,17,33,40,42,53,57,66,70,75,83,84,85,88
clust_eq,lpm2,1769,1,7,15,21,24,35,41,50,51,52,54,63,76,81,88,96
clust_eq,lpm2,1770,15,20,22,26,36,40,43,50,52,69,82,85,87,96,98,100
clust_eq,lpm2,1771,6,20,24,25,26,28,29,35,36,39,45,54,60,62,90,93
clust_eq,lpm2,1772,5,6,12,14,17,19,21,31,39,44,55,67,72,78,79,82
clust_eq,lpm2,1773,4,8,9,21,22,26,32,38,40,56,59,63,64,73,74,99
clust_eq,lpm2,1774,12,20,22,31,38,45,46,53,58,61,72,74,81,82,90,97
clust_eq,lpm2,1775,6,9,10,13,17,18,21,24,25,34,68,90,93,96,99,100
clust_eq,lpm2,1776,4,14,18,19,26,30,33,42,43,48,50,55,58,67,75,76
clust_eq,lpm2,1777,2,28,29,36,44,45,46,51,60,64,69,83,91,92,94,95
clust_eq,lpm2,1778,1,14,26,29,47,49,51,53,61,62,81,84,85,89,93,95
clust_eq,lpm2,1779,1,7,9,11,27,36,42,44,50,51,63,64,66,82,84,87
clust_eq,lpm2,1780,17,21,27,29,32,36,37,44,48,54,63,66,79,80,86,89
clust_eq,lpm2,1781,1,12,24,25,29,30,31,35,36,45,65,69,83,89,94,97
clust_eq,lpm2,1782,1,4,6,27,32,33,34,35,38,41,47,48,50,54,62,95
clust_eq,lpm2,1783,2,5,25,26,29,32,37,45,48,57,59,62,71,73,94,97
clust_eq,lpm2,1784,1,3,4,17,29,33,35,39,41,54,61,64,69,78,86,87
clust_eq,lpm2,1785,1,2,3,6,7,10,13,14,16,37,46,48,51,54,70,85
clust_eq,lpm2,1786,4,19,33,44,55,56,60,68,69,71,80,83,90,92,97,99
clust_eq,lpm2,1787,6,7,12,21,31,44,45,58,60,66,73,75,78,95,96,98
clust_eq,lpm2,1788,5,7,10,11,19,23,32,37,41,44,48,79,87,88,97,98
clust_eq,lpm2,1789,6,9,12,17,19,21,40,45,49,53,55,66,74,75,81,100
clust_eq,lpm2,1790,1,9,20,23,24,47,51,56,63,65,71,72,73,77,91,98
clust_eq,lpm2,1791,24,32,37,43,47,52,54,63,65,72,76,77,80,82,94,98
clust_eq,lpm2,1792,10,13,15,22,25,38,44,50,56,57,59,61,67,85,87,96
clust_eq,lpm2,1793,4,9,32,34,42,44,46,49,64,65,70,77,84,85,96,97
clust_eq,lpm2,1794,4,20,22,29,42,46,49,51,63,69,74,76,77,81,92,99
clust_eq,lpm2,1795,3,4,11,16,23,26,27,28,34,43,62,71,75,80,83,85
clust_eq,lpm2,1796,4,7,10,11,16,18,19,29,44,45,68,76,83,85,94,99
clust_eq,lpm2,1797,7,11,14,16,23,24,33,48,58,62,63,68,73,75,80,83
clust_eq,lpm2,1798,3,8,13,14,15,16,22,30,37,43,44,49,54,81,85,88
clust_eq,lpm2,1799,2,17,20,27,32,37,40,53,57,70,80,83,85,96,99,100
clust_eq,lpm2,1800,3,6,8,10,14,18,19,21,34,37,42,54,60,70,74,95
clust_eq,lpm2,1801,12,28,41,45,52,55,63,64,65,66,75,80,81,86,88,90
clust_eq,lpm2,1802,23,25,30,31,33,37,57,61,62,72,74,79,93,97,98,99
clust_eq,lpm2,1803,11,17,20,26,28,42,47,52,54,56,59,63,74,82,89,100
clust_eq,lpm2,1804,6,14,19,31,48,50,55,56,69,74,75,82,90,91,93,96
clust_eq,lpm2,1805,4,9,10,21,25,35,40,41,44,65,68,70,74,88,92,98
clust_eq,lpm2,1806,21,28,32,37,38,41,52,58,64,65,75,84,88,95,97,98
clust_eq,lpm2,1807,14,23,29,37,57,69,74,77,78,81,84,85,88,90,92,97
clust_eq,lpm2,1808,2,24,34,39,40,43,44,46,55,57,60,63,72,86,89,93
clust_eq,lpm2,1809,3,10,11,20,28,29,30,50,51,66,69,72,76,87,92,100
clust_eq,lpm2,1810,4,7,17,24,44,49,54,65,70,75,79,83,85,86,87,92
clust_eq,lpm2,1811,2,3,10,12,20,23,25,30,38,51,68,71,78,85,92,100
clust_eq,lpm2,1812,2,12,13,29,37,43,57,60,65,66,67,69,76,88,94,97
clust_eq,lpm2,1813,14,24,28,30,32,33,43,49,52,58,62,79,83,87,88,100
clust_eq,lpm2,1814,3,11,14,21,29,34,37,38,41,50,51,53,75,80,88,95
clust_eq,lpm2,1815,24,29,32,40,46,51,60,62,63,72,73,83,86,90,92,96
clust_eq,lpm2,1816,18,19,23,28,37,38,39,55,61,70,71,72,74,91,92,98
clust_eq,lpm2,1817,3,5,10,17,20,22,24,53,54,57,77,81,87,88,96,99
clust_eq,lpm2,1818,6,15,23,26,29,36,38,62,65,66,67,69,75,84,86,87
clust_eq,lpm2,1819,2,4,6,15,41,61,65,68,69,70,72,76,78,86,94,98
clust_eq,lpm2,1820,4,5,11,21,33,39,44,48,49,57,60,69,83,84,94,95
clust_eq,lpm2,1821,1,13,15,23,29,42,43,56,63,64,73,75,80,82,85,87
clust_eq,lpm2,1822,11,12,26,33,36,40,60,64,67,69,76,81,92,94,95,100
clust_eq,lpm2,1823,13,14,15,16,17,19,22,26,28,30,31,34,52,61,63,77
clust_eq,lpm2,1824,1,32,36,37,51,52,66,73,77,78,83,85,87,91,94,95
clust_eq,lpm2,1825,2,13,16,17,40,45,46,48,53,56,60,61,68,71,84,97
clust_eq,lpm2,1826,10,15,16,20,25,41,43,48,49,54,58,61,70,75,94,100
clust_eq,lpm2,1827,2,3,8,20,22,28,37,51,63,72,76,77,84,92,98,100
clust_eq,lpm2,1828,3,5,7,14,15,17,30,33,36,47,50,65,68,75,80,100
clust_eq,lpm2,1829,7,9,11,26,36,40,56,64,66,78,79,80,83,87,88,94
clust_eq,lpm2,1830,16,17,22,27,29,30,38,46,51,55,63,64,71,96,98,100
clust_eq,lpm2,1831,6,11,18,24,31,33,42,64,67,68,70,82,90,94,98,100
clust_eq,lpm2,1832,1,30,35,40,43,53,55,56,57,61,67,72,88,89,93,95
clust_eq,lpm2,1833,11,13,16,30,40,56,65,71,72,74,75,78,81,84,90,98
clust_eq,lpm2,1834,2,17,29,32,35,36,42,43,51,59,75,76,78,82,86,100
clust_eq,lpm2,1835,6,7,9,11,16,17,22,29,38,40,49,78,80,88,95,98
clust_eq,lpm2,1836,4,17,19,30,33,43,55,58,67,68,74,76,80,81,88,89
clust_eq,lpm2,1837,1,11,15,17,29,36,37,43,61,77,81,84,87,89,99,100
clust_eq,lpm2,1838,4,8,12,15,21,29,34,54,57,59,63,64,68,81,85,99
clust_eq,lpm2,1839,3,5,11,14,15,16,22,25,29,31,33,46,60,69,80,84
clust_eq,lpm2,1840,3,7,13,16,17,25,26,29,30,35,68,83,88,96,99,100
clust_eq,lpm2,1841,2,8,12,19,20,23,33,43,49,61,71,75,82,86,95,100
clust_eq,lpm2,1842,1,3,6,7,8,11,13,14,21,23,24,67,73,85,91,95
clust_eq,lpm2,1843,10,17,19,32,36,37,38,47,52,53,59,61,70,73,89,95
clust_eq,lpm2,1844,1,4,6,7,11,12,21,26,27,57,60,67,71,86,89,94
clust_eq,lpm2,1845,3,11,20,27,34,41,42,44,64,68,73,77,82,84,90,97
clust_eq,lpm2,1846,3,9,14,18,29,32,33,44,47,49,54,61,65,85,89,96
clust_eq,lpm2,1847,3,5,10,12,21,39,40,55,64,65,73,80,86,95,97,98
clust_eq,lpm2,1848,4,7,9,10,29,43,47,51,64,70,71,79,84,85,87,93
clust_eq,lpm2,1849,11,19,28,29,33,47,49,55,57,60,71,73,79,87,94,95
clust_eq,lpm2,1850,5,6,16,28,32,41,46,50,52,68,78,80,81,83,95,100
clust_eq,lpm2,1851,3,4,6,19,21,22,23,34,38,39,46,49,56,69,71,86
clust_eq,lpm2,1852,2,5,7,10,13,15,17,20,25,27,46,48,53,57,58,92
clust_eq,lpm2,1853,2,3,14,17,25,31,33,36,37,38,41,43,46,68,69,74
clust_eq,lpm2,1854,4,12,27,28,32,37,38,62,65,73,75,77,78,81,85,89
clust_eq,lpm2,1855,7,8,11,12,21,32,35,39,44,46,48,53,57,72,73,99
clust_eq,lpm2,1856,4,11,28,34,42,44,54,56,60,63,71,75,80,87,88,94
clust_eq,lpm2,1857,4,7,8,14,16,18,28,30,43,50,54,59,63,70,76,88
clust_eq,lpm2,1858,5,28,34,40,41,45,51,53,59,61,64,77,81,91,95,100
clust_eq,lpm2,1859,17,19,21,22,23,26,32,42,53,57,60,70,76,95,96,100
clust_eq,lpm2,1860,22,23,33,37,46,55,62,69,71,72,73,74,80,83,92,95
clust_eq,lpm2,1861,8,18,19,22,28,31,38,55,58,69,85,89,90,91,93,96
clust_eq,lpm2,1862,5,6,10,16,20,21,23,32,49,51,54,58,59,66,75,85
clust_eq,lpm2,1863,4,17,18,25,27,28,29,42,43,53,54,61,62,74,75,89
clust_eq,lpm2,1864,3,8,10,28,29,31,43,47,49,55,60,65,74,75,83,95
clust_eq,lpm2,1865,1,6,8,10,22,29,30,31,49,53,69,76,84,89,90,95
clust_eq,lpm2,1866,3,5,10,15,22,31,37,38,53,55,56,67,73,80,94,96
clust_eq,lpm2,1867,4,5,6,10,15,16,17,25,32,41,44,53,60,75,77,87
clust_eq,lpm2,1868,2,4,14,17,29,41,42,45,48,62,63,65,74,83,86,96
clust_eq,lpm2,1869,9,19,21,39,40,44,48,50,61,63,66,72,75,78,80,89
clust_eq,lpm2,1870,19,23,28,31,32,38,42,46,50,63,66,74,77,80,83,92
clust_eq,lpm2,1871,6,12,20,30,33,40,51,60,65,69,72,73,79,87,94,98
clust_eq,lpm2,1872,5,18,22,24,30,34,44,47,52,59,63,69,73,82,88,91
clust_eq,lpm2,1873,1,4,13,15,32,33,42,48,52,58,60,69,86,88,96,97
clust_eq,lpm2,1874,18,21,30,45,48,58,59,61,62,65,71,73,74,94,97,98
clust_eq,lpm2,1875,3,9,10,30,34,41,50,53,56,57,68,73,74,87,89,99
clust_eq,lpm2,1876,4,9,14,17,19,21,27,34,43,51,58,69,75,76,91,95
clust_eq,lpm2,1877,1,2,5,15,20,43,44,47,49,52,70,78,79,81,86,88
clust_eq,lpm2,1878,1,3,5,7,8,16,20,26,30,51,59,72,81,84,95,97
clust_eq,lpm2,1879,3,4,11,12,13,22,25,30,32,35,46,50,69,89,95,97
clust_eq,lpm2,1880,6,10,13,20,38,40,42,55,58,65,68,73,77,82,85,88
clust_eq,lpm2,1881,3,8,13,26,31,42,47,48,54,66,68,72,81,86,89,92
clust_eq,lpm2,1882,2,5,15,19,24,39,41,42,51,52,58,65,70,81,88,95
clust_eq,lpm2,1883,16,30,37,39,41,43,51,55,58,62,67,74,84,89,91,94
clust_eq,lpm2,1884,4,12,17,20,22,36,37,44,46,47,55,64,85,90,91,92
clust_eq,lpm2,1885,4,18,19,20,21,43,62,75,78,81,82,85,86,94,96,98
clust_eq,lpm2,1886,1,23,26,27,36,38,44,54,55,60,63,70,71,96,98,99
clust_eq,lpm2,1887,5,16,20,33,46,48,55,57,62,68,70,73,77,80,83,96
clust_eq,lpm2,1888,10,11,40,46,58,61,63,70,71,72,81,84,85,86,87,95
clust_eq,lpm2,1889,11,24,29,38,44,45,48,49,57,63,69,77,79,89,98,100
clust_eq,lpm2,1890,6,24,33,38,41,47,50,72,73,75,77,81,83,85,86,92
clust_eq,lpm2,1891,9,10,13,20,42,43,44,51,54,64,87,88,92,93,95,98
clust_eq,lpm2,1892,11,13,15,35,53,60,72,75,77,84,86,89,90,94,98,100
clust_eq,lpm2,1893,5,6,9,24,39,46,51,58,64,69,70,73,79,81,87,93
clust_eq,lpm2,1894,2,6,8,10,22,23,29,32,34,45,49,60,65,76,80,82
clust_eq,lpm2,1895,2,3,5,6,7,8,22,28,33,36,37,64,67,72,73,83
clust_eq,lpm2,1896,28,32,35,36,42,44,47,56,60,68,71,78,79,80,94,100
clust_eq,lpm2,1897,2,11,12,36,51,52,54,61,64,77,79,81,85,86,95,97
clust_eq,lpm2,1898,20,27,33,39,40,41,46,47,64,70,74,81,87,95,97,100
clust_eq,lpm2,1899,32,41,49,50,52,54,55,58,59,64,65,74,79,81,82,100
clust_eq,lpm2,1900,1,14,15,22,29,32,44,72,74,77,78,82,88,96,98,100
clust_eq,lpm2,1901,7,8,14,16,24,29,36,38,44,45,53,68,78,81,85,96
clust_eq,lpm2,1902,8,20,25,30,31,37,41,44,46,47,51,68,70,74,78,97
clust_eq,lpm2,1903,3,4,10,11,24,29,34,37,41,47,48,50,71,79,81,88
clust_eq,lpm2,1904,3,16,29,36,48,51,53,60,61,75,76,78,89,94,96,100
clust_eq,lpm2,1905,2,4,8,11,12,15,20,30,37,46,48,49,66,78,80,81
clust_eq,lpm2,1906,1,3,18,27,30,32,42,43,46,51,54,66,74,77,90,99
clust_eq,lpm2,1907,7,24,28,32,41,45,52,54,56,65,68,77,80,81,92,95
clust_eq,lpm2,1908,3,13,26,27,42,47,54,56,64,71,83,91,92,94,99,100
clust_eq,lpm2,1909,4,6,8,14,15,23,26,57,58,60,61,67,72,79,86,96
clust_eq,lpm2,1910,11,16,26,31,36,44,56,59,68,69,71,86,92,97,98,99
clust_eq,lpm2,1911,2,7,12,26,28,32,36,52,63,71,74,79,84,94,96,100
clust_eq,lpm2,1912,10,11,20,24,36,38,40,46,50,51,52,59,69,90,98,99
clust_eq,lpm2,1913,9,10,11,12,19,27,50,62,63,67,69,75,76,80,81,90
clust_eq,lpm2,1914,3,7,11,16,25,27,28,31,35,36,41,50,65,66,67,68
clust_eq,lpm2,1915,5,13,20,43,44,51,54,58,61,68,77,81,86,88,90,99
clust_eq,lpm2,1916,5,26,28,41,43,52,59,61,70,71,77,78,84,87,89,100
clust_eq,lpm2,1917,2,11,23,25,27,28,31,36,53,56,60,62,71,86,91,98
clust_eq,lpm2,1918,1,6,7,9,15,38,41,45,58,64,65,67,84,94,98,100
clust_eq,lpm2,1919,5,6,10,13,16,19,27,30,32,56,59,62,66,77,82,98
clust_eq,lpm2,1920,4,8,15,16,20,28,38,43,49,51,52,63,69,74,88,92
clust_eq,lpm2,1921,1,2,7,10,11,18,37,38,44,54,57,58,79,81,93,95
clust_eq,lpm2,1922,6,9,14,19,23,28,29,31,45,61,62,79,80,87,91,98
clust_eq,lpm2,1923,2,22,23,29,34,37,41,42,45,46,48,53,67,70,84,95
clust_eq,lpm2,1924,3,11,15,16,25,26,28,34,49,50,57,63,64,66,77,80
clust_eq,lpm2,1925,7,18,20,23,24,25,30,32,33,44,60,72,75,88,93,96
clust_eq,lpm2,1926,1,2,6,8,10,14,16,18,30,37,49,52,59,60,67,73
clust_eq,lpm2,1927,15,24,26,39,42,48,51,54,63,64,75,77,81,89,93,94
clust_eq,lpm2,1928,18,21,23,26,33,41,50,54,64,66,67,68,69,82,86,96
clust_eq,lpm2,1929,2,12,23,31,33,44,48,49,61,64,74,79,83,92,97,100
clust_eq,lpm2,1930,3,4,11,34,35,37,46,47,48,56,57,58,69,84,89,92
clust_eq,lpm2,1931,12,21,27,35,38,43,53,54,57,59,69,81,86,93,94,95
clust_eq,lpm2,1932,1,3,4,8,26,34,37,41,54,55,58,59,63,74,87,99
clust_eq,lpm2,1933,2,20,24,25,28,32,33,38,39,43,49,52,58,73,75,80
clust_eq,lpm2,1934,4,6,19,24,25,39,44,47,49,51,71,76,77,91,94,99
clust_eq,lpm2,1935,10,11,13,14,15,17,24,25,27,37,38,47,58,80,90,92
clust_eq,lpm2,1936,11,18,23,42,44,45,49,58,64,67,69,79,82,84,85,95
clust_eq,lpm2,1937,1,5,7,8,10,11,13,16,28,35,53,56,62,83,95,100
clust_eq,lpm2,1938,1,2,4,12,16,26,45,58,59,63,66,76,80,81,89,99
clust_eq,lpm2,1939,5,20,26,33,47,62,64,68,69,71,72,77,80,87,94,96
clust_eq,lpm2,1940,9,12,13,14,15,31,42,43,58,60,69,75,77,83,88,91
clust_eq,lpm2,1941,8,10,12,14,21,24,32,37,42,53,59,72,79,80,84,99
clust_eq,lpm2,1942,3,4,6,7,9,11,30,42,45,47,49,50,71,74,89,91
clust_eq,lpm2,1943,2,4,6,11,13,14,15,17,22,28,34,52,80,81,86,88
clust_eq,lpm2,1944,5,12,14,15,19,27,31,37,40,41,59,65,67,81,87,97
clust_eq,lpm2,1945,12,14,21,33,34,45,49,51,52,65,73,74,81,85,95,96
clust_eq,lpm2,1946,5,12,21,27,37,44,59,65,81,84,89,92,94,95,97,100
clust_eq,lpm2,1947,11,13,22,23,28,30,33,35,42,52,54,57,66,77,81,89
clust_eq,lpm2,1948,1,2,6,14,33,34,37,40,49,52,54,55,77,84,96,99
clust_eq,lpm2,1949,1,10,13,14,34,46,47,53,56,57,60,62,76,94,96,99
clust_eq,lpm2,1950,2,27,36,37,39,40,48,55,64,66,69,77,80,88,91,94
clust_eq,lpm2,1951,3,9,10,20,35,47,58,61,65,71,72,80,92,97,99,100
clust_eq,lpm2,1952,2,4,22,37,39,41,42,53,54,66,70,82,83,85,88,94
clust_eq,lpm2,1953,7,39,44,66,69,72,73,77,85,88,91,93,95,97,98,99
clust_eq,lpm2,1954,3,8,11,16,23,31,32,35,59,64,72,73,78,86,98,99
clust_eq,lpm2,1955,18,29,31,34,36,40,55,71,78,79,85,89,91,94,95,96
clust_eq,lpm2,1956,3,18,20,25,27,33,54,58,59,61,78,79,82,85,89,90
clust_eq,lpm2,1957,1,5,7,12,19,26,29,32,39,48,49,50,51,63,83,90
clust_eq,lpm2,1958,5,7,8,20,40,48,52,53,57,59,82,83,88,90,91,100
clust_eq,lpm2,1959,12,19,34,39,41,42,45,47,48,52,60,65,74,79,89,94
clust_eq,lpm2,1960,13,15,16,19,31,33,43,46,55,56,68,71,74,83,86,93
clust_eq,lpm2,1961,3,7,24,26,33,47,50,54,60,63,68,70,80,82,88,90
clust_eq,lpm2,1962,8,9,11,31,32,33,41,44,46,61,63,64,68,90,99,100
clust_eq,lpm2,1963,2,12,15,16,34,39,48,49,51,63,85,86,91,92,94,100
clust_eq,lpm2,1964,6,9,28,31,35,40,47,51,55,59,71,73,83,84,91,93
clust_eq,lpm2,1965,4,14,29,39,40,52,53,60,61,72,76,80,84,90,91,99
clust_eq,lpm2,1966,7,11,31,35,36,37,44,61,70,71,72,79,85,89,94,97
clust_eq,lpm2,1967,2,6,18,28,33,42,45,49,55,56,60,66,68,76,79,94
clust_eq,lpm2,1968,3,8,13,21,22,35,38,45,54,61,70,78,83,86,95,96
clust_eq,lpm2,1969,1,2,4,5,10,13,14,30,42,52,59,69,77,80,89,91
clust_eq,lpm2,1970,1,2,16,26,30,37,49,52,63,73,77,80,89,95,96,98
clust_eq,lpm2,1971,5,14,23,38,45,49,59,77,87,91,92,93,97,98,99,100
clust_eq,lpm2,1972,2,22,27,28,29,36,40,42,54,62,69,76,85,91,95,96
clust_eq,lpm2,1973,20,23,25,27,43,46,48,54,57,59,62,63,71,76,89,93
clust_eq,lpm2,1974,1,2,14,17,36,44,48,49,56,69,73,80,83,85,91,96
clust_eq,lpm2,1975,6,26,27,39,40,55,57,74,79,80,81,82,83,89,90,93
clust_eq,lpm2,1976,7,11,13,14,17,21,22,40,45,56,60,67,74,84,86,97
clust_eq,lpm2,1977,11,15,27,32,36,38,42,46,50,58,74,80,82,84,87,91
clust_eq,lpm2,1978,3,6,8,13,19,22,23,24,33,34,57,60,64,67,68,87
clust_eq,lpm2,1979,18,46,48,50,53,57,60,62,66,69,70,78,82,84,96,98
clust_eq,lpm2,1980,9,17,20,21,33,36,41,42,43,44,48,66,70,74,75,88
clust_eq,lpm2,1981,7,8,13,18,24,30,43,62,63,68,76,87,88,89,93,100
clust_eq,lpm2,1982,7,19,20,24,27,28,31,32,33,39,44,53,56,79,86,87
clust_eq,lpm2,1983,9,27,28,29,42,46,47,52,53,54,57,64,67,75,95,96
clust_eq,lpm2,1984,1,5,8,9,14,18,21,26,29,32,55,91,94,96,97,100
clust_eq,lpm2,1985,6,30,33,41,42,44,49,58,66,74,75,82,89,90,94,100
clust_eq,lpm2,1986,7,12,15,22,23,26,27,30,43,47,57,73,80,81,85,89
clust_eq,lpm2,1987,4,9,12,22,25,30,32,33,40,45,56,64,83,84,87,92
clust_eq,lpm2,1988,6,7,8,14,19,25,30,47,57,59,70,74,78,91,99,100
clust_eq,lpm2,1989,8,12,13,27,35,38,48,61,65,69,71,78,83,84,93,96
clust_eq,lpm2,1990,1,23,31,34,36,43,72,73,76,77,81,82,86,87,93,96
clust_eq,lpm2,1991,10,11,13,18,19,20,22,35,50,56,58,59,69,82,86,87
clust_eq,lpm2,1992,3,7,14,18,29,30,37,43,46,50,63,79,90,98,99,100
clust_eq,lpm2,1993,2,3,4,8,11,16,26,30,34,43,48,58,72,84,89,95
clust_eq,lpm2,1994,15,17,27,30,43,47,49,52,54,57,61,65,74,79,82,98
clust_eq,lpm2,1995,9,19,21,22,23,30,33,39,44,49,50,55,67,81,95,100
clust_eq,lpm2,1996,5,8,11,14,27,33,40,51,67,70,75,81,86,92,98,100
clust_eq,lpm2,1997,12,13,47,53,59,62,71,72,73,81,83,84,85,86,91,94
clust_eq,lpm2,1998,12,16,35,36,45,55,63,64,65,68,71,73,81,82,91,93
clust_eq,lpm2,1999,3,14,17,25,42,46,47,48,49,63,70,76,79,80,95,96
clust_eq,lpm2,2000,8,10,16,24,32,36,57,62,64,65,71,73,81,84,86,96
random_eq,srs,1,14,27,30,28,90,34,8,75,86,87,49,1,32,92,48,59
random_eq,srs,2,73,12,90,15,68,72,69,81,80,42,98,64,21,35,10,29
random_eq,srs,3,74,39,35,90,69,88,96,43,50,94,89,28,48,91,62,13
random_eq,srs,4,67,45,29,17,54,38,82,22,92,75,59,24,57,62,71,83
random_eq,srs,5,52,9,40,96,76,49,64,7,59,77,62,27,29,45,18,47
random_eq,srs,6,36,94,59,74,9,77,15,34,70,18,45,93,97,8,11,26
random_eq,srs,7,11,48,71,100,15,35,78,28,51,87,27,21,65,41,77,99
random_eq,srs,8,87,30,25,56,83,28,57,49,53,35,11,26,23,36,24,99
random_eq,srs,9,65,19,57,44,25,39,56,86,43,72,41,16,42,52,51,22
random_eq,srs,10,30,6,82,75,1,94,88,71,86,70,83,38,60,50,16,22
random_eq,srs,11,30,61,81,90,58,51,24,28,85,43,8,87,50,54,42,6
random_eq,srs,12,84,88,48,61,63,58,76,100,43,79,35,71,27,16,44,21
random_eq,srs,13,48,85,2,63,62,72,27,12,32,94,61,10,44,56,29,55
random_eq,srs,14,33,26,74,37,59,87,67,63,48,84,56,31,23,75,41,39
random_eq,srs,15,5,67,59,53,72,34,97,73,10,88,24,7,80,52,20,37
random_eq,srs,16,78,77,49,27,81,15,92,61,88,100,10,23,87,20,85,62
random_eq,srs,17,71,23,81,94,38,14,78,47,32,88,100,79,82,83,22,74
random_eq,srs,18,32,98,77,28,8,6,37,36,30,79,92,19,64,10,12,35
random_eq,srs,19,96,11,78,26,55,25,3,92,97,76,46,48,44,91,22,83
random_eq,srs,20,93,40,86,91,10,18,35,1,6,89,29,53,52,27,43,71
random_eq,srs,21,51,17,15,21,1,57,56,53,88,61,70,18,93,43,24,82
random_eq,srs,22,43,38,8,67,77,83,5,23,6,86,21,39,7,36,69,19
random_eq,srs,23,56,40,65,93,60,17,22,33,70,92,87,6,16,62,66,4
random_eq,srs,24,28,24,69,71,47,96,58,78,43,30,6,54,85,81,68,38
random_eq,srs,25,34,37,64,12,31,65,1,94,78,4,90,18,38,88,10,66
random_eq,srs,26,14,9,26,10,41,89,27,64,33,74,56,15,50,36,47,91
random_eq,srs,27,10,51,30,85,3,41,21,60,44,54,91,22,53,26,94,35
random_eq,srs,28,33,83,78,38,23,66,72,74,59,8,60,50,43,87,34,81
random_eq,srs,29,11,59,12,39,73,87,63,34,81,75,88,100,26,30,82,36
random_eq,srs,30,18,76,63,23,61,42,16,1,90,91,27,48,75,86,5,70
random_eq,srs,31,36,18,57,52,5,26,9,32,100,50,79,96,28,41,64,70
random_eq,srs,32,86,100,48,22,52,97,78,28,82,6,13,75,40,17,4,61
random_eq,srs,33,38,90,12,87,92,41,21,73,52,34,16,44,43,93,60,4
random_eq,srs,34,68,55,90,56,41,80,24,4,99,30,29,48,36,88,92,45
random_eq,srs,35,37,51,23,77,5,25,92,8,22,97,47,1,71,24,16,49
random_eq,srs,36,6,27,13,67,40,20,42,62,35,44,59,31,28,18,86,94
random_eq,srs,37,73,88,52,98,86,34,35,30,37,90,17,83,100,11,46,19
random_eq,srs,38,45,57,54,25,16,72,43,67,11,13,37,85,40,80,49,10
random_eq,srs,39,1,8,31,23,95,54,22,83,30,80,61,35,25,99,76,72
random_eq,srs,40,50,19,98,93,46,88,90,64,30,66,24,100,42,27,29,23
random_eq,srs,41,39,13,80,31,94,62,87,65,64,82,61,72,51,7,84,42
random_eq,srs,42,94,56,9,24,37,80,99,72,54,51,14,76,91,6,36,7
random_eq,srs,43,50,4,2,63,24,34,53,78,84,27,25,44,62,88,22,79
random_eq,srs,44,51,10,55,94,27,50,89,20,86,53,60,74,68,64,15,48
random_eq,srs,45,10,56,92,44,98,96,36,19,65,35,34,2,66,87,88,7
random_eq,srs,46,6,96,30,68,93,49,4,34,3,56,85,50,99,10,19,73
random_eq,srs,47,45,53,3,57,51,66,67,96,60,46,59,6,77,78,81,68
random_eq,srs,48,29,77,83,57,39,4,30,54,19,7,22,63,95,14,3,13
random_eq,srs,49,47,20,97,2,93,31,67,88,36,39,48,11,34,9,4,8
random_eq,srs,50,72,68,59,26,70,23,94,6,83,52,79,93,30,78,54,69
random_eq,srs,51,61,99,97,56,43,67,29,84,20,25,82,8,9,69,95,34
random_eq,srs,52,58,54,87,41,57,22,59,63,99,86,66,79,60,76,89,6
random_eq,srs,53,67,24,15,11,44,96,10,43,83,41,33,98,35,5,32,78
random_eq,srs,54,25,14,31,35,63,47,53,44,42,74,37,32,93,87,62,40
random_eq,srs,55,24,37,26,3,46,88,79,99,52,9,34,94,72,14,80,83
random_eq,srs,56,15,70,47,9,45,29,75,27,28,37,22,32,2,51,79,10
random_eq,srs,57,82,25,100,60,94,45,18,44,63,54,27,96,36,46,86,87
random_eq,srs,58,5,4,23,75,38,16,55,74,94,10,1,33,37,58,29,39
random_eq,srs,59,28,11,19,36,40,82,23,84,18,59,47,69,53,27,50,45
random_eq,srs,60,85,77,29,90,44,56,73,67,75,1,59,86,70,57,52,32
random_eq,srs,61,13,65,43,32,60,80,95,84,93,83,9,44,54,62,53,75
random_eq,srs,62,30,99,64,18,73,90,62,55,52,60,11,86,4,65,1,61
random_eq,srs,63,13,36,44,73,35,77,26,68,67,12,74,7,9,98,60,20
random_eq,srs,64,37,36,55,25,8,61,53,64,15,5,79,51,77,14,69,22
random_eq,srs,65,45,60,64,83,19,7,78,97,12,74,37,53,30,5,16,89
random_eq,srs,66,80,20,4,30,28,83,19,89,32,3,14,50,57,54,61,9
random_eq,srs,67,96,5,66,46,84,82,97,62,58,16,24,98,65,42,74,63
random_eq,srs,68,72,25,83,62,86,6,8,51,22,19,82,70,7,52,63,21
random_eq,srs,69,45,97,31,83,12,77,56,41,73,75,24,5,44,52,35,32
random_eq,srs,70,47,1,70,32,89,33,27,14,55,13,38,57,80,22,20,12
random_eq,srs,71,97,27,29,60,96,16,43,99,69,26,45,90,28,76,73,18
random_eq,srs,72,93,39,96,41,56,25,73,72,77,16,68,71,13,61,28,3
random_eq,srs,73,98,30,50,54,74,31,41,15,62,91,93,90,8,61,36,40
random_eq,srs,74,59,56,39,72,35,55,85,82,19,100,25,41,51,1,88,62
random_eq,srs,75,64,38,11,55,87,85,20,33,88,44,19,36,57,25,61,97
random_eq,srs,76,48,80,73,64,32,29,93,58,66,12,78,46,57,25,16,13
random_eq,srs,77,95,15,19,10,47,79,32,54,50,35,65,25,58,42,18,59
random_eq,srs,78,31,42,50,96,72,61,69,81,9,95,58,55,59,68,30,74
random_eq,srs,79,97,66,63,77,41,18,91,11,98,69,31,33,21,64,32,29
random_eq,srs,80,71,17,54,10,82,63,84,3,30,47,50,23,85,90,77,88
random_eq,srs,81,30,15,52,34,57,80,99,48,43,82,38,84,42,40,32,21
random_eq,srs,82,89,46,30,75,91,1,71,36,17,10,43,13,86,97,37,9
random_eq,srs,83,41,3,92,88,43,13,60,30,12,67,33,27,50,91,61,29
random_eq,srs,84,94,10,82,4,53,9,61,36,11,42,32,70,60,96,78,71
random_eq,srs,85,50,79,14,66,68,25,19,20,100,95,70,64,75,60,44,86
random_eq,srs,86,55,47,13,76,80,63,87,11,48,94,18,29,22,53,12,65
random_eq,srs,87,41,2,49,57,65,82,11,71,10,53,75,44,88,23,94,96
random_eq,srs,88,2,47,99,74,17,42,71,86,23,66,70,89,81,40,37,52
random_eq,srs,89,13,9,96,18,92,6,48,50,66,74,65,36,69,24,64,98
random_eq,srs,90,2,45,50,81,66,78,26,4,7,8,20,49,58,57,74,46
random_eq,srs,91,12,53,59,40,11,75,24,81,57,99,20,48,65,45,26,69
random_eq,srs,92,40,76,91,8,98,85,37,63,44,49,2,9,27,56,41,89
random_eq,srs,93,49,3,15,41,70,32,97,66,85,76,39,95,59,9,17,91
random_eq,srs,94,33,7,2,99,30,63,87,24,5,9,66,53,49,55,88,17
random_eq,srs,95,19,53,96,26,100,88,92,65,99,1,12,71,51,67,79,95
random_eq,srs,96,61,13,39,48,84,62,99,64,55,75,50,85,10,41,71,78
random_eq,srs,97,3,41,89,21,62,65,57,46,94,19,42,78,35,30,64,22
random_eq,srs,98,84,90,59,56,88,13,76,20,34,30,1,24,27,16,10,5
random_eq,srs,99,73,18,15,64,52,44,98,12,86,19,62,51,95,89,14,99
random_eq,srs,100,1,47,65,18,3,11,72,29,82,91,30,69,13,94,79,33
random_eq,srs,101,2,20,38,52,80,97,6,76,86,75,92,39,93,63,60,3
random_eq,srs,102,56,48,14,17,49,97,3,2,36,76,19,63,84,60,73,12
random_eq,srs,103,38,49,17,14,91,26,22,11,41,18,42,59,84,35,78,80
random_eq,srs,104,69,17,9,22,53,58,44,68,96,72,93,30,34,88,50,75
random_eq,srs,105,67,46,14,64,89,22,2,11,75,32,94,71,38,95,56,70
random_eq,srs,106,88,80,37,27,76,6,46,84,7,51,93,35,15,59,13,63
random_eq,srs,107,96,77,28,63,53,43,10,5,83,40,32,8,47,4,59,27
random_eq,srs,108,81,92,95,45,61,55,2,77,10,74,32,49,100,24,78,47
random_eq,srs,109,70,80,64,23,34,67,22,94,77,69,62,9,48,15,85,2
random_eq,srs,110,45,28,21,22,15,41,65,36,29,24,27,69,53,99,5,83
random_eq,srs,111,28,50,79,83,35,10,19,24,51,45,14,63,92,11,88,75
random_eq,srs,112,20,88,68,89,66,60,15,65,8,38,18,50,6,80,34,3
random_eq,srs,113,83,12,78,90,61,80,95,19,81,9,13,60,58,74,28,41
random_eq,srs,114,54,28,97,5,36,63,93,88,34,73,33,40,82,4,19,96
random_eq,srs,115,46,17,57,76,79,54,91,15,70,10,1,56,58,32,40,80
random_eq,srs,116,72,35,70,31,86,56,40,15,26,11,76,75,67,30,54,43
random_eq,srs,117,82,28,60,7,61,51,70,37,84,69,68,34,44,99,8,25
random_eq,srs,118,67,71,19,90,25,13,1,22,32,87,97,63,80,47,44,56
random_eq,srs,119,75,12,82,65,70,64,67,62,18,56,80,79,33,95,92,4
random_eq,srs,120,90,74,92,32,16,71,35,6,39,7,48,11,18,4,77,83
random_eq,srs,121,9,42,78,55,33,63,34,17,65,6,60,85,88,82,41,28
random_eq,srs,122,75,37,27,5,34,55,76,58,53,73,52,79,31,81,23,36
random_eq,srs,123,64,95,53,93,23,91,11,54,69,86,38,87,44,33,71,27
random_eq,srs,124,84,89,37,78,10,62,2,29,9,11,87,45,26,27,70,40
random_eq,srs,125,65,9,17,16,58,7,6,12,14,24,79,71,98,60,64,50
random_eq,srs,126,22,11,81,73,13,34,97,43,33,68,70,91,10,38,84,8
random_eq,srs,127,81,85,61,59,2,43,64,30,24,65,71,18,46,74,45,63
random_eq,srs,128,82,97,44,72,75,100,35,93,16,56,89,79,3,83,31,90
random_eq,srs,129,39,21,14,96,50,73,38,63,10,5,89,1,95,87,4,75
random_eq,srs,130,74,75,53,97,88,58,18,38,17,14,73,49,54,8,28,3
random_eq,srs,131,59,89,29,80,48,78,67,85,69,58,88,20,11,96,95,51
random_eq,srs,132,82,29,1,31,38,14,13,62,16,30,40,46,80,66,59,53
random_eq,srs,133,37,73,24,89,54,22,55,81,67,16,6,15,80,88,7,14
random_eq,srs,134,11,65,70,3,96,77,18,31,69,80,14,16,12,75,41,5
random_eq,srs,135,93,35,5,94,78,74,30,57,79,50,6,14,63,90,84,38
random_eq,srs,136,7,56,69,47,5,66,15,71,23,9,8,72,38,29,31,53
random_eq,srs,137,14,29,22,87,8,81,2,89,7,31,59,35,54,40,82,86
random_eq,srs,138,46,54,48,100,47,17,29,25,84,87,50,2,35,9,77,69
random_eq,srs,139,20,21,10,24,41,17,99,6,5,81,96,30,35,44,40,61
random_eq,srs,140,14,88,84,62,25,54,65,87,98,19,11,7,74,26,22,52
random_eq,srs,141,73,37,95,4,46,10,90,87,27,8,25,12,82,88,35,99
random_eq,srs,142,14,27,36,25,5,13,84,61,10,37,32,81,28,62,52,89
random_eq,srs,143,18,8,82,29,2,90,43,81,74,52,23,85,11,4,38,91
random_eq,srs,144,28,99,93,91,7,69,57,9,54,47,83,40,76,77,45,66
random_eq,srs,145,15,61,46,70,47,94,59,1,28,11,39,41,20,76,78,26
random_eq,srs,146,15,14,1,44,49,19,96,59,80,91,83,38,53,55,89,13
random_eq,srs,147,96,32,85,8,56,43,80,2,62,79,60,78,15,25,18,84
random_eq,srs,148,42,36,15,33,88,11,16,5,37,22,92,76,79,46,38,25
random_eq,srs,149,16,56,49,100,25,9,39,38,68,32,31,88,40,26,29,63
random_eq,srs,150,12,69,95,99,48,20,85,79,19,84,22,15,31,35,93,45
random_eq,srs,151,4,96,94,10,52,68,90,8,7,98,97,99,63,58,56,74
random_eq,srs,152,75,13,46,5,65,58,79,80,20,98,1,39,50,74,22,88
random_eq,srs,153,24,64,51,57,84,35,16,36,18,77,10,80,85,89,60,90
random_eq,srs,154,12,24,40,88,1,98,45,42,6,37,34,93,49,75,87,25
random_eq,srs,155,58,77,68,85,63,50,3,90,42,31,66,12,89,2,100,62
random_eq,srs,156,100,91,46,51,84,38,2,98,55,88,27,20,21,95,41,94
random_eq,srs,157,9,71,30,51,13,82,74,34,55,59,26,89,7,6,83,60
random_eq,srs,158,23,87,79,67,58,3,81,46,17,83,39,15,26,50,95,73
random_eq,srs,159,48,79,63,60,44,89,54,21,46,9,57,51,72,11,68,10
random_eq,srs,160,95,87,14,18,55,23,82,65,64,78,92,68,35,69,77,89
random_eq,srs,161,48,66,67,1,16,30,15,73,79,19,59,14,38,32,36,97
random_eq,srs,162,9,70,58,22,46,20,69,31,36,32,60,72,74,37,3,100
random_eq,srs,163,60,59,87,58,53,20,50,52,26,33,72,85,66,93,21,39
random_eq,srs,164,95,28,11,62,33,12,50,2,68,26,91,67,69,29,51,53
random_eq,srs,165,65,62,19,75,48,99,98,37,28,56,59,18,27,2,29,14
random_eq,srs,166,95,13,50,33,76,15,42,81,38,69,55,67,89,39,36,48
random_eq,srs,167,64,52,99,81,70,49,2,1,90,100,94,18,51,42,48,67
random_eq,srs,168,58,27,19,70,57,39,4,63,73,79,44,100,48,40,64,84
random_eq,srs,169,44,88,83,51,63,50,5,95,61,67,24,68,92,13,86,72
random_eq,srs,170,34,50,32,25,72,14,44,71,76,91,59,86,15,63,90,48
random_eq,srs,171,65,14,32,55,93,22,42,7,21,50,11,47,1,97,18,45
random_eq,srs,172,95,50,89,91,37,21,20,74,32,83,87,53,67,100,62,12
random_eq,srs,173,59,60,80,1,20,21,18,15,73,48,98,17,75,33,53,16
random_eq,srs,174,1,19,45,70,64,48,90,12,36,66,38,57,100,89,86,11
random_eq,srs,175,12,53,67,54,47,64,31,5,55,36,21,57,97,24,58,27
random_eq,srs,176,43,49,24,62,64,4,22,5,60,20,96,45,58,69,36,78
random_eq,srs,177,35,14,12,85,4,31,75,72,98,93,15,95,41,84,13,88
random_eq,srs,178,37,57,73,60,56,88,38,1,20,64,11,49,19,61,79,67
random_eq,srs,179,100,51,65,1,82,58,70,7,54,88,50,38,37,10,71,80
random_eq,srs,180,9,66,75,62,36,65,80,21,96,10,29,24,73,46,8,28
random_eq,srs,181,10,51,3,86,35,65,91,30,93,97,48,63,40,14,32,89
random_eq,srs,182,85,95,4,63,15,25,75,22,70,49,86,94,60,33,47,2
random_eq,srs,183,70,57,5,20,63,79,12,59,77,6,54,71,95,39,58,35
random_eq,srs,184,85,25,37,31,97,62,14,91,93,65,63,46,51,29,24,96
random_eq,srs,185,14,49,29,28,23,30,71,60,92,52,13,36,99,94,7,79
random_eq,srs,186,92,9,19,63,60,46,76,87,66,23,97,20,79,30,69,16
random_eq,srs,187,20,45,74,94,79,91,82,46,84,14,43,67,9,26,80,34
random_eq,srs,188,14,10,15,63,13,67,99,87,92,49,84,74,7,11,97,65
random_eq,srs,189,89,48,34,17,8,58,82,21,92,74,79,81,80,5,59,40
random_eq,srs,190,39,1,30,76,23,68,63,95,37,88,75,83,64,48,2,54
random_eq,srs,191,26,67,96,9,80,44,99,42,66,78,63,74,82,15,2,70
random_eq,srs,192,29,82,84,88,58,67,81,22,9,78,72,74,5,62,76,63
random_eq,srs,193,23,61,39,84,25,65,28,53,3,4,22,52,41,43,67,15
random_eq,srs,194,87,93,41,97,17,26,63,91,73,16,3,98,75,100,45,39
random_eq,srs,195,65,23,70,33,42,9,29,61,68,93,35,48,22,14,77,4
random_eq,srs,196,33,35,62,27,60,32,63,17,76,13,36,65,10,2,64,34
random_eq,srs,197,89,2,96,24,10,48,13,11,37,99,71,52,9,23,83,76
random_eq,srs,198,85,58,50,78,79,41,55,23,48,64,10,7,21,53,29,52
random_eq,srs,199,18,59,75,63,34,24,46,26,8,45,60,10,15,66,4,25
random_eq,srs,200,66,92,44,94,21,24,52,22,25,78,59,100,8,16,99,34
random_eq,srs,201,64,81,86,56,74,61,96,28,51,79,15,7,62,2,22,87
random_eq,srs,202,9,24,48,69,92,39,96,18,6,3,56,94,84,49,33,7
random_eq,srs,203,60,99,53,42,23,45,10,2,30,32,51,93,68,63,54,87
random_eq,srs,204,61,53,56,71,83,18,86,85,29,2,22,13,16,54,70,42
random_eq,srs,205,88,36,65,24,55,29,5,20,33,6,50,68,42,61,44,71
random_eq,srs,206,6,48,93,14,86,53,74,76,37,40,56,100,68,3,4,35
random_eq,srs,207,80,75,84,16,55,64,50,28,93,31,63,86,58,13,91,7
random_eq,srs,208,26,98,78,58,12,88,69,66,65,91,73,93,82,95,4,51
random_eq,srs,209,2,25,81,91,7,13,10,49,26,40,42,86,47,53,95,46
random_eq,srs,210,68,26,79,92,95,45,49,48,71,25,59,3,91,21,54,51
random_eq,srs,211,80,30,87,94,7,77,26,63,53,84,72,54,48,5,17,2
random_eq,srs,212,90,69,35,48,47,59,5,14,62,30,100,33,28,6,80,91
random_eq,srs,213,10,49,16,38,21,37,9,73,62,81,77,98,5,27,86,12
random_eq,srs,214,24,72,9,36,6,7,22,14,20,16,78,84,68,90,3,66
random_eq,srs,215,92,82,14,1,95,81,36,51,97,39,94,32,53,57,76,22
random_eq,srs,216,88,82,32,30,51,56,66,85,21,79,18,70,1,97,24,28
random_eq,srs,217,99,92,17,56,32,54,18,98,88,53,65,80,29,96,19,60
random_eq,srs,218,89,90,12,19,49,81,53,59,56,31,21,96,86,83,39,9
random_eq,srs,219,65,8,39,10,27,60,23,67,54,98,89,55,5,56,80,75
random_eq,srs,220,4,92,86,97,3,71,29,20,10,65,81,12,8,44,64,87
random_eq,srs,221,26,27,25,6,28,94,24,82,58,1,12,90,76,80,47,77
random_eq,srs,222,91,75,74,27,29,94,39,70,87,21,92,69,28,77,59,67
random_eq,srs,223,50,67,53,12,44,35,23,13,18,45,76,34,6,24,32,49
random_eq,srs,224,6,13,68,69,39,34,84,73,7,51,88,47,78,23,26,90
random_eq,srs,225,99,17,77,40,62,70,57,22,32,9,39,16,46,5,18,56
random_eq,srs,226,18,15,76,67,64,87,53,92,26,47,78,50,22,96,71,93
random_eq,srs,227,81,56,69,25,58,11,30,29,86,52,45,32,35,26,74,83
random_eq,srs,228,96,15,93,62,28,17,63,68,38,3,51,34,81,97,42,80
random_eq,srs,229,97,96,5,41,62,19,20,91,22,42,16,76,7,72,56,30
random_eq,srs,230,74,58,65,54,20,33,49,63,72,13,80,60,50,82,14,88
random_eq,srs,231,49,66,10,38,58,14,30,90,48,39,37,7,97,3,13,69
random_eq,srs,232,7,79,21,57,96,78,95,4,54,46,13,91,18,85,94,66
random_eq,srs,233,91,73,86,33,63,82,13,89,18,41,27,39,22,34,98,83
random_eq,srs,234,93,20,45,39,22,13,31,64,12,65,38,70,81,88,34,41
random_eq,srs,235,66,78,1,5,24,49,87,48,26,89,44,7,72,98,16,70
random_eq,srs,236,36,54,69,82,67,13,64,29,25,98,75,2,17,26,100,74
random_eq,srs,237,67,62,23,91,14,73,35,89,3,1,7,38,17,51,56,64
random_eq,srs,238,72,87,26,92,98,61,53,11,31,46,100,38,76,69,39,57
random_eq,srs,239,74,1,79,70,94,27,63,37,91,48,57,81,51,78,40,39
random_eq,srs,240,41,68,38,36,83,21,85,79,57,86,96,74,24,43,18,82
random_eq,srs,241,59,48,40,31,53,45,12,24,84,43,60,99,36,90,3,49
random_eq,srs,242,84,65,60,67,15,93,43,52,51,62,70,22,13,6,96,11
random_eq,srs,243,76,56,10,46,88,19,49,12,1,32,95,83,69,6,86,20
random_eq,srs,244,17,91,48,69,21,84,60,67,18,94,50,6,72,52,45,81
random_eq,srs,245,100,55,14,11,72,62,96,19,1,73,38,95,42,89,43,41
random_eq,srs,246,12,57,78,60,31,71,95,40,11,16,65,23,1,44,54,89
random_eq,srs,247,74,84,67,88,14,97,32,5,29,6,96,90,44,39,36,59
random_eq,srs,248,11,82,59,51,1,31,97,92,78,30,68,21,96,12,25,75
random_eq,srs,249,11,98,97,54,38,27,35,28,88,64,43,3,21,46,75,92
random_eq,srs,250,68,7,37,28,44,40,12,10,58,14,98,79,39,8,32,87
random_eq,srs,251,92,75,6,99,97,56,82,4,51,46,10,1,54,45,74,62
random_eq,srs,252,47,20,98,68,17,63,43,54,7,76,58,25,8,74,56,53
random_eq,srs,253,28,30,85,42,74,39,60,68,54,86,81,87,71,37,19,91
random_eq,srs,254,32,2,37,22,91,54,3,56,96,72,26,65,27,7,95,46
random_eq,srs,255,72,32,68,13,10,78,77,87,20,85,99,94,69,47,57,98
random_eq,srs,256,4,42,5,94,39,62,79,87,54,38,75,47,23,78,77,24
random_eq,srs,257,71,87,14,13,53,57,21,68,32,52,40,63,39,37,72,42
random_eq,srs,258,73,44,16,27,62,69,19,5,68,93,59,100,74,89,63,46
random_eq,srs,259,8,47,20,50,61,77,29,43,62,24,15,67,88,55,18,60
random_eq,srs,260,12,86,55,48,29,89,8,82,70,5,37,33,83,72,24,9
random_eq,srs,261,76,98,16,84,17,44,25,92,4,10,62,24,36,26,74,59
random_eq,srs,262,18,82,38,47,78,95,51,46,26,34,50,75,90,40,33,67
random_eq,srs,263,50,42,66,75,58,64,52,81,51,10,39,15,45,38,26,49
random_eq,srs,264,40,44,82,7,69,22,80,55,8,93,20,89,71,70,54,65
random_eq,srs,265,46,49,61,30,1,44,51,87,14,29,53,97,59,9,91,70
random_eq,srs,266,74,57,9,59,48,83,5,28,49,50,10,85,63,13,24,69
random_eq,srs,267,17,51,34,67,45,7,3,57,89,28,18,1,97,83,4,69
random_eq,srs,268,64,68,72,87,86,39,84,32,37,44,76,55,29,94,66,25
random_eq,srs,269,37,82,66,6,72,4,3,98,73,84,32,8,54,36,15,88
random_eq,srs,270,14,76,33,10,7,90,50,45,37,35,89,97,17,13,55,99
random_eq,srs,271,11,92,3,2,75,14,83,21,79,54,72,20,58,53,81,89
random_eq,srs,272,62,46,23,33,61,89,17,18,29,85,75,30,67,53,20,55
random_eq,srs,273,36,23,11,87,76,60,15,26,28,84,48,19,44,39,45,96
random_eq,srs,274,59,80,54,21,93,2,20,19,57,34,78,25,98,23,11,75
random_eq,srs,275,22,9,52,54,61,1,62,86,70,27,75,21,96,24,36,17
random_eq,srs,276,65,80,46,91,81,64,63,11,89,26,8,70,85,48,79,54
random_eq,srs,277,98,41,63,64,27,5,87,91,36,97,4,1,17,69,26,8
random_eq,srs,278,21,47,56,48,73,69,39,63,55,85,31,20,82,16,65,90
random_eq,srs,279,38,72,80,77,8,98,65,30,3,94,75,46,100,79,25,37
random_eq,srs,280,10,21,14,40,87,54,57,95,60,42,23,94,70,43,13,31
random_eq,srs,281,71,44,90,4,32,48,5,27,82,75,18,88,59,11,57,83
random_eq,srs,282,94,67,23,95,8,84,28,100,96,19,62,76,12,32,20,33
random_eq,srs,283,68,77,29,52,60,100,40,48,33,30,63,25,35,95,70,97
random_eq,srs,284,69,37,92,34,28,30,93,64,87,27,66,90,62,3,78,31
random_eq,srs,285,22,52,34,88,35,70,19,66,73,60,21,82,89,77,63,23
random_eq,srs,286,100,64,41,50,72,73,27,63,25,3,60,19,78,84,99,13
random_eq,srs,287,61,18,79,20,26,85,66,67,14,53,13,74,54,65,38,17
random_eq,srs,288,55,36,43,59,89,16,27,6,58,15,54,39,80,85,30,74
random_eq,srs,289,41,87,95,78,45,22,39,68,83,48,27,8,43,89,92,2
random_eq,srs,290,83,5,32,14,3,87,73,67,82,37,48,64,58,80,30,7
random_eq,srs,291,77,72,38,24,56,37,75,31,14,74,11,99,54,90,43,93
random_eq,srs,292,8,33,4,50,46,30,79,59,2,63,24,12,90,88,5,49
random_eq,srs,293,67,93,58,62,55,11,97,95,84,85,54,59,5,19,61,98
random_eq,srs,294,30,43,97,17,98,8,23,18,100,96,94,5,65,3,14,40
random_eq,srs,295,3,90,11,48,58,76,77,24,64,29,5,19,2,31,71,84
random_eq,srs,296,29,59,41,38,32,55,31,40,8,17,2,14,95,81,50,76
random_eq,srs,297,24,64,26,19,47,2,58,54,78,48,60,40,66,57,93,13
random_eq,srs,298,10,84,63,70,42,85,45,18,92,72,46,4,49,66,97,76
random_eq,srs,299,2,22,97,75,58,51,30,49,9,93,66,76,61,90,4,54
random_eq,srs,300,66,35,11,44,91,71,10,81,76,34,98,47,60,92,90,48
random_eq,srs,301,41,86,62,58,20,17,26,69,25,40,54,55,70,100,67,34
random_eq,srs,302,59,80,79,34,39,90,4,5,14,95,41,78,49,32,30,9
random_eq,srs,303,15,4,90,93,5,44,83,50,95,88,29,18,16,71,72,75
random_eq,srs,304,7,92,40,33,74,6,32,45,60,53,2,5,8,66,85,87
random_eq,srs,305,7,11,33,29,99,20,34,24,39,76,69,13,47,70,48,44
random_eq,srs,306,33,80,7,1,85,5,77,9,28,4,42,23,38,41,81,87
random_eq,srs,307,69,54,58,22,39,23,41,48,6,16,52,94,92,57,49,97
random_eq,srs,308,68,27,67,14,21,37,77,79,92,73,65,57,2,95,5,41
random_eq,srs,309,95,45,36,100,13,81,85,6,37,8,60,99,1,10,43,86
random_eq,srs,310,40,57,55,16,75,33,95,15,37,77,42,46,6,85,5,3
random_eq,srs,311,90,31,40,9,81,26,56,11,5,60,12,19,21,28,55,36
random_eq,srs,312,75,47,7,28,80,51,68,86,14,26,46,98,32,22,2,94
random_eq,srs,313,23,91,39,22,38,67,53,27,100,5,29,45,77,57,98,18
random_eq,srs,314,36,21,47,60,23,62,97,43,16,17,48,44,95,72,42,90
random_eq,srs,315,81,7,17,90,73,56,96,80,12,63,52,54,55,5,2,64
random_eq,srs,316,85,33,44,47,19,13,8,26,67,40,89,88,15,7,5,71
random_eq,srs,317,83,39,62,65,51,90,33,20,24,28,63,46,11,52,70,67
random_eq,srs,318,55,80,96,34,3,27,56,77,25,91,69,31,86,78,4,33
random_eq,srs,319,73,8,74,82,88,59,44,32,29,37,14,98,10,65,92,24
random_eq,srs,320,98,63,11,87,22,95,90,23,56,52,37,12,66,86,36,80
random_eq,srs,321,13,66,15,42,24,83,29,52,10,26,60,87,5,82,78,71
random_eq,srs,322,69,63,11,94,36,100,31,4,96,8,65,72,49,39,42,47
random_eq,srs,323,31,92,86,10,54,22,15,12,5,68,63,25,43,87,17,98
random_eq,srs,324,66,13,93,78,29,92,22,47,79,10,57,23,90,14,38,52
random_eq,srs,325,11,66,47,56,26,68,23,89,8,96,76,7,6,19,17,2
random_eq,srs,326,54,84,39,10,51,31,92,48,22,61,72,70,83,99,20,44
random_eq,srs,327,7,87,31,82,81,15,52,16,76,39,62,95,22,86,65,60
random_eq,srs,328,100,48,38,44,60,10,55,21,3,16,30,6,18,87,39,35
random_eq,srs,329,36,59,38,65,51,73,53,70,43,64,35,9,2,63,17,94
random_eq,srs,330,86,62,99,60,83,21,17,25,7,34,87,74,28,67,72,93
random_eq,srs,331,82,89,94,25,45,64,77,44,46,8,72,29,50,63,20,42
random_eq,srs,332,60,67,77,95,44,64,47,80,52,84,85,59,54,78,93,14
random_eq,srs,333,46,34,16,10,43,49,58,39,7,1,71,89,84,63,81,51
random_eq,srs,334,76,97,23,77,36,2,82,95,57,91,81,87,71,85,33,41
random_eq,srs,335,7,28,26,20,58,78,94,54,36,33,79,9,73,29,70,51
random_eq,srs,336,48,97,77,23,34,71,84,9,99,20,40,29,100,61,78,11
random_eq,srs,337,83,34,9,30,49,75,51,32,7,91,17,47,33,15,35,40
random_eq,srs,338,27,89,20,82,99,1,88,80,31,98,41,100,81,45,93,66
random_eq,srs,339,16,44,100,62,54,7,21,75,20,24,70,86,84,15,25,73
random_eq,srs,340,88,78,40,11,42,55,65,73,16,8,12,39,81,20,49,71
random_eq,srs,341,22,65,80,60,70,71,85,58,13,39,4,46,21,95,89,93
random_eq,srs,342,52,26,40,59,29,54,34,27,31,41,48,1,43,95,22,3
random_eq,srs,343,51,59,94,97,27,65,8,83,21,2,88,20,55,6,43,56
random_eq,srs,344,92,54,42,38,6,65,69,34,81,5,40,72,50,60,51,17
random_eq,srs,345,55,30,8,68,9,10,13,43,54,82,21,28,45,86,53,44
random_eq,srs,346,68,32,61,58,92,37,16,46,76,25,56,52,63,53,73,44
random_eq,srs,347,49,10,7,13,50,96,51,98,24,63,45,58,9,39,71,27
random_eq,srs,348,2,91,52,15,66,80,93,1,10,49,64,30,39,27,73,95
random_eq,srs,349,66,58,61,80,19,47,27,17,100,20,24,41,52,40,16,39
random_eq,srs,350,50,29,53,17,89,51,85,19,59,7,34,73,5,3,38,58
random_eq,srs,351,30,42,24,32,12,61,85,52,51,38,68,9,67,84,56,26
random_eq,srs,352,94,21,8,68,66,27,41,28,10,15,36,82,33,11,26,88
random_eq,srs,353,3,12,8,93,50,25,5,55,31,41,38,99,1,33,34,21
random_eq,srs,354,20,45,79,72,25,46,94,90,19,35,4,5,40,12,31,92
random_eq,srs,355,77,10,16,29,54,74,48,38,97,90,42,17,11,4,1,25
random_eq,srs,356,61,84,62,11,9,63,14,96,52,56,3,95,77,64,35,91
random_eq,srs,357,22,95,37,52,57,15,96,29,97,44,23,32,4,61,91,7
random_eq,srs,358,3,80,74,39,93,1,43,92,20,77,85,36,49,60,6,8
random_eq,srs,359,59,79,5,21,19,36,69,92,100,51,86,33,93,87,80,64
random_eq,srs,360,57,30,11,12,43,51,68,87,27,34,61,19,48,6,46,45
random_eq,srs,361,77,4,13,76,24,18,72,12,14,79,45,51,1,46,64,53
random_eq,srs,362,2,45,27,74,22,13,8,96,40,1,67,92,66,12,29,81
random_eq,srs,363,31,60,59,50,94,84,90,92,57,45,13,29,19,11,34,42
random_eq,srs,364,83,90,74,63,72,8,44,68,81,62,48,93,96,69,65,46
random_eq,srs,365,33,19,55,50,9,95,28,77,51,97,74,20,1,60,89,87
random_eq,srs,366,34,87,99,97,31,3,30,59,51,83,54,19,36,32,6,53
random_eq,srs,367,54,51,36,50,63,40,3,49,70,95,58,4,66,79,67,24
random_eq,srs,368,76,70,16,41,37,28,43,52,82,89,42,66,35,83,15,96
random_eq,srs,369,38,40,44,37,54,15,49,51,58,36,62,89,8,43,79,25
random_eq,srs,370,1,57,79,11,47,23,36,55,85,34,69,73,68,60,3,43
random_eq,srs,371,1,9,89,73,83,41,91,5,55,63,79,53,15,42,75,14
random_eq,srs,372,53,7,62,25,37,45,22,94,29,87,32,93,30,13,12,84
random_eq,srs,373,45,83,2,4,44,91,88,89,18,42,90,57,74,59,25,68
random_eq,srs,374,95,58,60,9,22,25,31,40,54,98,17,71,33,96,30,94
random_eq,srs,375,95,78,98,12,47,36,52,30,1,60,100,20,82,32,84,26
random_eq,srs,376,29,63,84,39,5,35,40,33,67,44,70,76,98,20,87,8
random_eq,srs,377,98,8,18,45,72,43,54,76,47,51,69,65,58,97,35,85
random_eq,srs,378,38,99,31,32,9,65,56,22,62,98,48,66,100,93,81,7
random_eq,srs,379,30,25,54,31,65,6,17,63,9,16,90,60,70,77,76,58
random_eq,srs,380,60,8,73,17,14,12,85,63,65,13,28,53,5,30,82,37
random_eq,srs,381,70,93,6,94,9,50,65,75,46,34,2,59,4,71,73,15
random_eq,srs,382,15,9,79,67,82,30,59,66,5,12,4,19,77,48,86,24
random_eq,srs,383,12,100,96,77,99,50,62,81,80,37,46,68,48,58,72,4
random_eq,srs,384,57,1,76,9,31,96,98,16,10,68,5,69,21,18,92,28
random_eq,srs,385,2,11,58,90,19,80,72,6,45,83,60,62,97,66,79,32
random_eq,srs,386,6,86,95,42,57,99,24,48,36,53,68,76,56,85,34,62
random_eq,srs,387,47,71,35,33,86,10,37,36,85,94,84,6,98,19,81,42
random_eq,srs,388,17,86,91,10,87,26,75,64,89,12,37,3,2,100,77,53
random_eq,srs,389,39,28,20,89,45,10,29,27,52,87,26,98,93,64,14,81
random_eq,srs,390,84,35,78,56,74,52,83,38,37,54,46,20,91,71,55,59
random_eq,srs,391,12,93,36,75,9,99,17,2,6,88,37,7,10,41,40,86
random_eq,srs,392,90,76,27,61,93,1,28,57,79,75,38,34,2,32,92,71
random_eq,srs,393,65,35,46,93,21,78,89,98,7,83,58,91,43,22,32,70
random_eq,srs,394,46,30,10,42,84,56,41,55,54,9,39,51,77,88,1,52
random_eq,srs,395,40,62,66,54,23,1,79,77,47,64,60,57,59,99,38,88
random_eq,srs,396,47,59,60,6,32,97,77,1,76,3,35,18,9,70,48,62
random_eq,srs,397,20,87,81,29,15,58,23,94,18,28,65,2,64,71,36,4
random_eq,srs,398,78,22,58,50,91,36,30,8,92,59,71,27,18,15,28,3
random_eq,srs,399,12,100,66,20,53,92,22,41,91,78,7,19,55,4,74,2
random_eq,srs,400,87,4,33,60,62,63,98,47,84,56,93,71,49,90,27,9
random_eq,srs,401,1,98,49,88,59,38,67,10,11,66,34,56,3,33,17,40
random_eq,srs,402,1,45,78,43,19,74,88,26,29,70,39,65,33,97,53,24
random_eq,srs,403,5,79,3,71,24,91,41,62,15,2,8,17,18,53,95,63
random_eq,srs,404,77,40,83,13,31,79,75,72,11,70,44,16,59,4,5,95
random_eq,srs,405,29,13,94,26,52,95,4,82,76,60,78,16,45,31,42,56
random_eq,srs,406,66,43,35,29,9,48,83,40,24,18,100,61,67,8,52,28
random_eq,srs,407,17,86,53,3,8,44,80,1,12,89,56,73,64,55,36,18
random_eq,srs,408,28,45,64,34,97,16,66,79,67,35,31,40,74,17,24,29
random_eq,srs,409,86,59,77,36,3,56,64,8,38,70,30,95,76,24,58,14
random_eq,srs,410,90,11,69,65,51,20,87,23,80,17,39,63,49,74,97,67
random_eq,srs,411,62,79,99,91,95,60,12,6,88,32,23,31,18,83,4,74
random_eq,srs,412,52,97,9,93,30,37,38,69,13,77,24,92,22,12,21,11
random_eq,srs,413,49,10,11,71,33,44,36,59,42,43,70,99,61,86,13,3
random_eq,srs,414,95,44,56,51,97,98,94,68,79,57,19,78,18,77,81,86
random_eq,srs,415,16,12,26,83,69,99,49,32,82,13,95,17,35,18,57,6
random_eq,srs,416,32,68,18,66,24,98,95,88,12,22,100,31,39,42,48,93
random_eq,srs,417,85,21,70,77,22,60,19,5,23,61,41,73,65,38,40,17
random_eq,srs,418,10,83,78,4,14,11,38,24,75,100,8,30,28,53,2,57
random_eq,srs,419,89,64,57,5,30,29,100,47,94,14,66,71,4,39,80,67
random_eq,srs,420,38,48,81,3,64,21,49,30,80,99,51,22,95,56,14,47
random_eq,srs,421,8,83,62,87,73,31,60,54,61,74,81,12,9,93,96,10
random_eq,srs,422,89,85,24,38,27,13,73,8,56,78,68,55,70,39,83,9
random_eq,srs,423,63,66,48,65,45,86,19,70,71,59,4,44,96,92,100,90
random_eq,srs,424,24,20,83,95,77,49,41,93,29,92,63,44,66,23,85,56
random_eq,srs,425,96,16,64,72,27,13,49,29,39,46,26,54,31,59,81,89
random_eq,srs,426,63,31,3,29,10,45,21,34,59,79,37,87,70,82,57,90
random_eq,srs,427,86,59,97,25,37,84,49,95,88,15,3,64,89,94,27,19
random_eq,srs,428,88,61,72,56,32,81,41,77,33,71,5,40,59,39,38,66
random_eq,srs,429,24,61,4,87,47,12,81,44,82,42,88,62,7,57,59,56
random_eq,srs,430,17,32,49,84,7,44,79,8,80,56,66,39,64,52,10,26
random_eq,srs,431,40,67,34,18,12,26,46,10,35,15,7,25,92,63,86,43
random_eq,srs,432,98,82,85,95,6,41,63,9,70,79,13,36,60,31,80,40
random_eq,srs,433,94,47,42,91,54,5,46,69,34,11,67,6,17,70,81,89
random_eq,srs,434,49,10,40,27,100,75,12,64,70,16,24,88,41,1,11,56
random_eq,srs,435,23,18,86,6,30,64,97,2,74,98,69,36,82,66,91,37
random_eq,srs,436,31,65,8,82,48,22,88,55,46,97,90,70,9,68,71,33
random_eq,srs,437,64,11,71,69,7,48,26,47,3,80,22,15,35,58,89,5
random_eq,srs,438,82,93,32,2,66,6,59,5,30,68,65,71,74,57,77,13
random_eq,srs,439,41,10,40,50,66,67,88,83,47,100,6,89,14,53,26,46
random_eq,srs,440,6,53,23,76,77,95,55,71,15,32,31,25,41,68,90,72
random_eq,srs,441,31,11,3,50,92,76,93,64,67,48,44,18,43,75,69,29
random_eq,srs,442,39,28,87,40,22,71,66,89,83,91,7,48,21,4,1,81
random_eq,srs,443,76,43,84,85,65,42,70,53,9,22,77,61,57,82,37,90
random_eq,srs,444,52,28,72,34,91,61,18,75,62,7,94,87,79,81,60,99
random_eq,srs,445,94,38,26,30,14,45,53,4,8,9,91,44,77,32,29,85
random_eq,srs,446,50,62,54,43,17,15,70,55,5,78,37,92,16,12,98,93
random_eq,srs,447,35,86,51,68,89,69,40,1,25,19,54,43,80,71,17,57
random_eq,srs,448,23,65,87,78,50,52,59,72,30,36,48,58,35,43,9,80
random_eq,srs,449,64,75,11,52,26,28,67,35,22,36,100,43,74,23,51,69
random_eq,srs,450,60,85,16,94,32,3,76,9,27,44,38,58,11,70,71,30
random_eq,srs,451,91,46,74,82,7,57,29,30,22,51,97,54,94,34,70,81
random_eq,srs,452,88,40,79,37,65,23,26,56,97,43,51,98,7,3,50,85
random_eq,srs,453,41,13,86,4,80,12,43,3,77,96,35,55,97,34,62,98
random_eq,srs,454,28,11,34,55,62,90,22,17,27,49,44,47,9,52,73,19
random_eq,srs,455,23,7,26,87,27,60,35,53,62,81,95,56,29,33,61,70
random_eq,srs,456,95,53,65,2,1,5,76,9,67,57,4,56,59,12,51,82
random_eq,srs,457,90,59,62,23,75,93,98,27,88,46,57,84,29,64,37,92
random_eq,srs,458,12,100,76,35,65,72,48,97,40,62,26,59,54,79,53,41
random_eq,srs,459,82,56,51,6,66,72,44,98,48,8,1,81,58,2,3,19
random_eq,srs,460,35,92,78,69,100,22,39,8,98,65,43,34,61,47,48,64
random_eq,srs,461,36,87,13,57,39,6,83,81,37,68,32,88,12,96,63,54
random_eq,srs,462,76,68,17,38,51,85,36,29,47,46,34,23,42,81,50,5
random_eq,srs,463,78,1,82,97,23,15,30,35,49,44,65,53,88,6,89,43
random_eq,srs,464,50,19,18,63,34,93,10,1,29,43,61,14,62,79,67,71
random_eq,srs,465,4,19,35,40,92,88,70,91,44,15,23,27,11,57,66,45
random_eq,srs,466,84,69,80,48,17,81,9,7,2,3,57,44,65,73,76,47
random_eq,srs,467,27,91,40,65,20,68,46,84,18,95,58,81,85,70,17,64
random_eq,srs,468,60,14,56,30,26,87,15,54,52,22,70,20,80,97,31,43
random_eq,srs,469,68,12,19,55,77,29,61,65,84,23,98,59,1,18,53,67
random_eq,srs,470,84,81,60,71,54,28,94,55,64,99,92,79,13,46,57,45
random_eq,srs,471,34,93,96,6,80,83,72,64,27,39,4,84,52,76,57,13
random_eq,srs,472,22,81,14,6,19,11,77,76,13,21,48,41,16,50,66,46
random_eq,srs,473,93,22,48,80,84,45,95,32,9,57,42,26,78,28,90,30
random_eq,srs,474,57,65,58,19,46,100,10,8,86,60,53,93,90,85,40,92
random_eq,srs,475,40,59,26,89,73,75,93,61,23,14,53,95,31,45,67,48
random_eq,srs,476,77,13,55,64,82,49,45,62,32,79,97,8,73,60,54,2
random_eq,srs,477,61,31,92,24,80,91,94,58,55,71,13,77,85,78,37,19
random_eq,srs,478,46,16,5,81,92,32,72,15,74,43,76,27,51,28,26,50
random_eq,srs,479,75,87,73,57,59,55,60,62,78,13,77,20,53,29,45,95
random_eq,srs,480,97,58,31,69,87,84,85,48,53,6,88,51,96,93,68,99
random_eq,srs,481,23,6,60,98,14,38,34,80,86,43,94,62,93,50,27,59
random_eq,srs,482,49,26,86,68,48,41,24,87,89,76,99,54,37,53,52,27
random_eq,srs,483,18,83,56,69,36,85,54,89,48,11,74,72,58,49,45,27
random_eq,srs,484,60,32,81,96,8,47,79,83,59,40,44,29,31,97,54,4
random_eq,srs,485,26,36,51,87,69,60,62,64,19,23,98,46,80,89,37,1
random_eq,srs,486,30,45,75,59,14,38,69,56,62,47,67,58,91,51,86,87
random_eq,srs,487,81,54,3,98,83,66,4,7,74,8,91,13,33,64,42,90
random_eq,srs,488,71,48,78,41,99,6,33,16,65,17,60,39,63,35,75,12
random_eq,srs,489,83,11,54,74,10,28,18,71,94,1,26,35,69,45,42,19
random_eq,srs,490,31,4,66,53,35,80,95,3,87,32,69,15,46,25,6,85
random_eq,srs,491,95,75,45,85,87,53,39,32,3,63,7,40,23,21,31,35
random_eq,srs,492,23,60,43,31,21,65,57,56,28,59,81,82,25,10,40,68
random_eq,srs,493,66,55,63,58,91,59,34,98,81,83,54,23,39,87,9,16
random_eq,srs,494,95,33,85,66,46,45,79,35,67,20,34,25,32,83,62,84
random_eq,srs,495,50,61,71,77,87,69,23,46,6,62,33,32,85,93,28,97
random_eq,srs,496,91,23,68,94,87,82,9,15,36,40,96,65,16,6,2,28
random_eq,srs,497,27,69,68,49,13,61,80,29,24,43,67,22,66,52,11,48
random_eq,srs,498,3,29,11,75,89,34,39,96,5,66,72,80,68,18,43,35
random_eq,srs,499,2,24,86,21,65,80,90,57,32,59,56,53,66,36,84,99
random_eq,srs,500,22,59,72,97,45,99,85,49,61,58,70,64,34,11,7,10
random_eq,srs,501,40,44,25,23,9,99,12,1,68,38,16,17,11,59,19,64
random_eq,srs,502,97,37,3,74,25,67,8,70,36,88,56,59,65,35,83,7
random_eq,srs,503,20,19,97,51,98,10,58,6,11,3,22,99,16,53,79,23
random_eq,srs,504,77,5,17,84,70,30,90,42,58,19,83,69,63,79,16,98
random_eq,srs,505,26,8,40,51,62,96,52,15,12,93,19,30,10,55,76,42
random_eq,srs,506,79,76,46,73,55,35,32,74,83,1,11,85,5,23,63,47
random_eq,srs,507,72,19,40,10,39,59,77,1,82,45,4,89,17,52,57,80
random_eq,srs,508,64,54,69,67,71,40,78,49,48,94,75,4,46,80,27,5
random_eq,srs,509,34,35,4,18,59,52,44,17,60,85,21,40,97,1,87,92
random_eq,srs,510,43,6,85,15,4,74,56,89,87,81,67,31,54,49,84,69
random_eq,srs,511,46,19,58,99,5,35,49,10,28,60,97,67,50,57,44,71
random_eq,srs,512,10,81,59,35,24,70,50,28,89,14,73,49,40,20,26,44
random_eq,srs,513,48,90,46,6,64,67,85,31,34,8,3,99,83,50,72,25
random_eq,srs,514,79,32,20,48,59,83,35,56,4,2,57,5,68,66,82,65
random_eq,srs,515,47,3,77,97,33,70,74,45,96,4,85,42,30,56,43,12
random_eq,srs,516,72,50,7,65,40,25,18,1,59,91,90,12,98,89,64,83
random_eq,srs,517,42,3,94,40,10,15,61,23,49,50,51,52,12,77,5,72
random_eq,srs,518,10,54,4,11,14,97,64,63,74,96,44,71,94,5,17,85
random_eq,srs,519,84,17,70,3,52,57,86,51,96,41,22,4,80,31,45,5
random_eq,srs,520,34,18,60,53,75,28,13,52,58,43,33,61,51,80,55,24
random_eq,srs,521,89,77,60,50,79,65,8,49,46,2,97,31,38,26,59,80
random_eq,srs,522,95,54,22,96,24,31,61,100,44,83,86,62,37,21,2,33
random_eq,srs,523,33,75,24,66,77,68,60,48,46,81,14,29,64,54,25,73
random_eq,srs,524,72,57,95,89,33,80,96,93,37,12,14,21,53,51,26,9
random_eq,srs,525,87,84,31,36,1,67,99,94,86,3,34,8,68,11,46,51
random_eq,srs,526,91,2,64,95,18,60,7,41,32,37,35,51,90,63,34,43
random_eq,srs,527,40,83,76,23,6,73,25,84,18,37,63,30,19,3,69,86
random_eq,srs,528,76,1,89,95,67,8,49,97,31,38,42,72,20,85,83,25
random_eq,srs,529,99,10,52,37,91,75,67,96,3,82,69,19,14,44,83,32
random_eq,srs,530,38,89,31,23,69,70,67,18,61,87,1,17,52,44,98,50
random_eq,srs,531,1,14,88,63,6,64,12,78,45,72,22,77,37,71,67,83
random_eq,srs,532,55,80,4,54,88,62,70,11,98,34,84,97,30,95,38,29
random_eq,srs,533,60,79,22,70,33,30,27,9,51,77,21,56,65,87,2,54
random_eq,srs,534,53,80,3,43,75,50,24,29,56,51,9,5,39,64,63,85
random_eq,srs,535,30,69,21,51,93,94,23,59,57,72,12,74,89,54,41,100
random_eq,srs,536,65,34,93,86,36,5,74,80,56,3,61,55,52,63,29,49
random_eq,srs,537,20,33,19,56,83,30,42,74,3,70,41,1,91,49,62,95
random_eq,srs,538,52,5,81,91,73,45,16,83,4,76,100,59,11,96,29,49
random_eq,srs,539,76,41,84,40,4,85,9,56,86,24,36,32,65,58,48,42
random_eq,srs,540,25,11,1,7,67,78,88,59,80,26,10,2,35,73,41,72
random_eq,srs,541,85,47,76,46,5,43,41,68,78,64,18,20,75,86,94,79
random_eq,srs,542,87,17,9,62,10,38,52,71,4,19,92,55,89,34,75,51
random_eq,srs,543,67,99,19,92,37,31,64,82,44,75,28,50,46,84,96,72
random_eq,srs,544,16,31,46,93,80,57,71,19,22,84,43,63,77,23,2,32
random_eq,srs,545,4,98,84,63,10,90,75,36,25,44,9,49,54,74,42,26
random_eq,srs,546,23,40,95,22,39,70,53,35,33,51,75,60,57,1,61,46
random_eq,srs,547,72,90,85,54,64,20,83,45,30,14,2,32,10,44,17,86
random_eq,srs,548,63,18,24,79,75,47,15,67,26,27,11,30,21,85,14,19
random_eq,srs,549,16,15,30,11,77,55,68,50,65,36,56,27,60,20,92,69
random_eq,srs,550,45,19,44,92,91,30,83,8,72,100,98,46,20,47,14,29
random_eq,srs,551,67,90,74,25,23,36,44,45,48,19,16,9,65,61,80,33
random_eq,srs,552,6,5,38,10,58,95,14,13,79,8,85,24,46,84,17,63
random_eq,srs,553,50,47,76,74,3,56,54,63,99,53,46,51,25,92,36,20
random_eq,srs,554,29,49,82,40,17,57,90,46,56,6,70,45,30,77,33,11
random_eq,srs,555,63,71,99,50,66,25,78,58,76,89,45,10,13,46,6,36
random_eq,srs,556,78,3,95,64,98,26,50,38,87,51,61,21,58,94,52,76
random_eq,srs,557,5,40,56,26,63,55,88,57,74,69,10,62,73,94,100,49
random_eq,srs,558,81,34,36,46,76,26,73,6,98,86,85,90,61,42,22,40
random_eq,srs,559,79,40,32,39,33,47,93,2,18,78,51,83,36,85,4,16
random_eq,srs,560,31,27,62,22,100,37,40,15,65,97,73,70,79,26,11,47
random_eq,srs,561,26,42,4,60,92,41,84,69,51,43,36,99,94,25,10,5
random_eq,srs,562,92,5,71,80,60,17,69,84,77,49,12,13,83,96,61,55
random_eq,srs,563,29,81,98,97,87,8,12,50,4,13,40,69,19,72,86,6
random_eq,srs,564,61,96,100,24,20,64,37,5,88,16,59,54,73,36,76,57
random_eq,srs,565,24,52,25,14,58,60,86,80,77,2,87,26,47,61,78,35
random_eq,srs,566,67,41,83,31,32,75,85,13,7,97,40,16,54,56,36,8
random_eq,srs,567,83,35,43,13,15,95,79,80,27,31,29,32,65,76,5,55
random_eq,srs,568,23,67,8,15,93,68,20,31,86,98,77,13,95,41,40,29
random_eq,srs,569,71,17,3,72,39,11,92,90,37,48,4,1,95,25,49,6
random_eq,srs,570,85,23,59,61,11,7,53,67,1,3,45,46,10,98,19,82
random_eq,srs,571,87,84,55,88,47,29,21,77,67,81,5,80,73,14,92,97
random_eq,srs,572,40,48,17,75,35,91,18,85,82,70,33,44,14,92,12,89
random_eq,srs,573,76,3,20,54,100,29,40,23,59,9,62,35,99,46,43,48
random_eq,srs,574,17,16,75,3,43,21,32,56,83,12,49,51,10,82,45,79
random_eq,srs,575,20,52,2,68,89,22,54,62,12,66,71,46,26,21,56,65
random_eq,srs,576,10,22,72,40,35,60,71,38,65,43,14,26,49,57,70,5
random_eq,srs,577,60,56,58,70,67,48,94,8,61,50,36,17,5,30,52,31
random_eq,srs,578,85,5,95,51,44,61,89,90,72,45,33,100,9,64,84,23
random_eq,srs,579,24,67,90,6,69,37,46,42,72,75,23,93,36,77,92,45
random_eq,srs,580,79,97,93,25,61,54,5,16,56,28,70,42,23,17,47,27
random_eq,srs,581,26,78,65,50,29,76,70,53,44,23,80,74,62,11,32,16
random_eq,srs,582,96,57,75,45,20,51,32,54,5,15,17,79,67,3,71,29
random_eq,srs,583,88,5,9,96,43,95,71,56,20,40,59,24,99,23,97,8
random_eq,srs,584,16,84,46,13,34,14,94,83,62,28,15,57,86,43,17,73
random_eq,srs,585,7,23,58,80,49,94,75,52,11,28,73,77,3,84,30,71
random_eq,srs,586,89,32,86,87,73,63,26,99,48,77,54,85,70,6,25,62
random_eq,srs,587,44,5,19,61,13,77,17,79,24,8,63,69,82,33,30,10
random_eq,srs,588,49,96,85,17,27,81,57,86,48,58,39,69,32,51,89,74
random_eq,srs,589,50,46,43,53,31,70,81,85,55,88,80,29,4,6,73,62
random_eq,srs,590,14,25,81,6,57,72,97,29,36,15,48,38,59,44,30,53
random_eq,srs,591,52,1,50,26,83,96,4,62,70,44,18,29,10,90,63,30
random_eq,srs,592,35,95,15,23,12,39,28,41,33,74,46,24,89,42,93,27
random_eq,srs,593,74,99,64,75,16,91,84,65,56,27,17,62,52,29,19,77
random_eq,srs,594,14,24,5,33,90,83,49,26,47,30,16,75,60,15,12,87
random_eq,srs,595,53,12,63,61,96,91,47,83,62,57,27,25,9,11,34,70
random_eq,srs,596,49,41,85,100,37,96,14,33,22,40,48,82,42,98,71,84
random_eq,srs,597,69,29,89,67,42,70,44,21,95,16,98,2,12,4,28,76
random_eq,srs,598,25,91,90,36,60,55,68,47,62,33,46,67,27,26,100,61
random_eq,srs,599,86,51,47,76,9,55,80,33,6,56,40,38,30,92,66,89
random_eq,srs,600,83,22,36,17,75,32,84,92,66,24,93,39,65,12,97,64
random_eq,srs,601,63,99,60,12,91,66,47,92,57,52,25,93,13,30,19,8
random_eq,srs,602,89,10,55,5,17,84,15,16,61,2,58,7,94,99,74,76
random_eq,srs,603,15,75,41,26,90,40,1,59,16,88,47,9,71,70,27,43
random_eq,srs,604,23,83,69,94,2,81,10,42,87,28,66,21,99,74,44,64
random_eq,srs,605,10,80,74,25,93,82,17,39,16,58,33,70,2,29,89,52
random_eq,srs,606,54,69,40,37,70,9,34,61,73,94,81,67,36,15,62,31
random_eq,srs,607,49,12,30,69,11,27,84,52,21,14,89,72,43,51,5,64
random_eq,srs,608,87,93,89,2,47,94,31,55,100,45,85,71,37,27,74,76
random_eq,srs,609,9,47,79,3,38,91,5,60,12,33,82,32,62,72,16,48
random_eq,srs,610,94,61,19,23,73,72,17,99,24,90,39,84,97,46,57,58
random_eq,srs,611,70,7,11,14,90,71,86,20,32,16,1,49,46,57,82,54
random_eq,srs,612,63,74,46,72,14,13,29,100,38,45,27,81,96,48,32,61
random_eq,srs,613,19,89,52,8,57,42,41,27,39,44,58,15,7,16,14,9
random_eq,srs,614,68,23,88,11,100,95,4,58,40,69,99,90,50,13,89,33
random_eq,srs,615,59,40,87,21,33,74,4,2,30,11,42,51,34,16,41,1
random_eq,srs,616,86,21,6,64,47,38,24,67,72,35,96,74,12,57,40,84
random_eq,srs,617,26,12,14,42,99,60,27,68,1,15,36,76,21,48,9,18
random_eq,srs,618,66,46,21,38,87,8,3,90,13,96,62,74,15,58,36,20
random_eq,srs,619,28,33,48,80,42,59,22,62,96,57,81,38,18,7,6,67
random_eq,srs,620,82,48,70,80,85,91,100,19,20,37,21,69,87,59,92,96
random_eq,srs,621,28,94,43,21,19,45,9,98,73,74,70,47,10,87,50,52
random_eq,srs,622,95,38,19,94,11,61,20,22,46,69,91,88,26,76,8,100
random_eq,srs,623,79,45,97,94,73,54,4,20,48,29,41,72,24,5,3,6
random_eq,srs,624,49,16,13,95,55,18,6,8,23,36,50,44,88,80,79,57
random_eq,srs,625,67,65,96,11,21,50,82,85,30,35,4,97,63,48,15,49
random_eq,srs,626,74,60,48,18,13,37,50,28,76,63,14,33,100,1,80,62
random_eq,srs,627,5,70,61,98,46,48,43,58,29,51,28,12,30,62,79,7
random_eq,srs,628,83,11,76,18,86,40,22,45,99,48,68,53,100,29,24,34
random_eq,srs,629,80,49,68,4,8,10,97,18,22,92,63,14,82,79,72,50
random_eq,srs,630,41,81,27,40,7,94,76,92,53,5,56,28,99,89,82,88
random_eq,srs,631,29,48,58,39,74,37,79,23,91,81,27,38,67,60,7,41
random_eq,srs,632,80,38,19,40,75,6,1,54,64,51,83,17,25,22,21,86
random_eq,srs,633,44,68,55,54,7,84,29,46,87,34,63,76,15,33,4,72
random_eq,srs,634,68,59,20,88,3,61,60,45,90,33,12,38,56,55,65,44
random_eq,srs,635,68,36,41,17,55,1,10,91,27,62,48,37,16,77,83,34
random_eq,srs,636,21,74,94,20,75,35,26,40,68,32,99,86,13,95,46,76
random_eq,srs,637,32,44,92,100,95,66,4,33,12,65,67,93,11,69,58,10
random_eq,srs,638,28,23,88,45,41,92,63,7,51,6,22,94,86,96,33,74
random_eq,srs,639,19,33,39,68,27,59,98,71,20,7,75,45,94,89,81,18
random_eq,srs,640,7,28,74,51,22,34,70,25,94,73,54,41,49,60,64,62
random_eq,srs,641,21,65,18,63,69,58,48,88,30,52,51,37,86,92,22,9
random_eq,srs,642,64,52,12,83,58,54,7,33,29,100,80,77,62,76,6,13
random_eq,srs,643,10,59,95,71,70,3,24,14,100,82,21,99,54,53,94,81
random_eq,srs,644,28,41,78,58,43,94,5,90,77,53,33,61,97,84,6,95
random_eq,srs,645,83,82,79,53,55,65,29,39,19,6,87,3,68,72,61,92
random_eq,srs,646,44,42,87,57,34,53,17,11,75,6,80,56,96,35,7,63
random_eq,srs,647,23,31,73,29,55,3,66,98,77,99,97,95,5,32,85,35
random_eq,srs,648,87,41,47,27,57,84,25,1,10,99,9,14,12,82,78,54
random_eq,srs,649,76,30,38,70,28,51,24,26,69,82,53,11,86,25,17,89
random_eq,srs,650,59,55,65,78,19,24,37,79,88,69,87,35,2,49,8,90
random_eq,srs,651,86,68,1,59,13,44,57,50,60,8,45,33,35,4,25,19
random_eq,srs,652,89,68,47,54,32,36,84,67,73,95,26,13,5,87,57,45
random_eq,srs,653,68,89,26,63,53,60,12,52,45,59,72,17,20,4,81,92
random_eq,srs,654,41,1,67,99,35,45,71,6,52,70,75,62,73,28,53,43
random_eq,srs,655,57,88,10,8,1,18,59,21,24,70,46,3,65,94,68,87
random_eq,srs,656,42,27,69,56,25,96,15,11,22,55,89,95,84,44,16,30
random_eq,srs,657,54,83,15,25,87,88,49,21,94,97,34,99,51,19,24,92
random_eq,srs,658,29,90,59,41,67,31,75,45,49,19,34,81,43,52,37,64
random_eq,srs,659,96,49,42,48,3,74,5,66,80,58,39,8,99,88,78,6
random_eq,srs,660,54,98,87,78,95,33,28,8,18,92,47,86,41,96,9,27
random_eq,srs,661,23,54,15,41,72,25,47,90,58,53,83,91,50,17,42,35
random_eq,srs,662,35,88,51,26,87,22,4,59,17,69,97,76,74,14,42,11
random_eq,srs,663,46,61,2,4,96,97,32,27,39,64,60,56,23,84,6,99
random_eq,srs,664,38,2,61,25,83,10,66,34,88,50,42,31,52,24,76,21
random_eq,srs,665,89,70,88,64,87,47,97,14,36,38,57,91,28,100,98,12
random_eq,srs,666,32,25,60,61,23,18,99,14,94,24,45,88,49,5,35,82
random_eq,srs,667,77,5,72,71,27,79,59,85,34,46,32,51,41,96,36,18
random_eq,srs,668,11,75,13,65,91,61,81,63,57,31,21,80,87,3,70,18
random_eq,srs,669,50,88,81,64,82,92,83,44,5,78,12,21,25,32,77,11
random_eq,srs,670,97,60,12,48,67,15,25,16,28,19,44,22,54,43,78,86
random_eq,srs,671,62,89,100,40,90,45,54,78,42,95,34,38,30,92,37,88
random_eq,srs,672,40,35,67,61,14,47,17,21,1,10,99,5,81,15,98,54
random_eq,srs,673,50,13,84,59,61,69,1,33,83,67,64,49,37,65,91,24
random_eq,srs,674,99,27,32,37,54,44,47,92,5,6,35,45,12,88,10,29
random_eq,srs,675,78,30,76,58,86,63,69,34,84,83,20,1,15,68,89,47
random_eq,srs,676,70,39,28,21,98,19,15,25,53,97,78,24,10,69,68,99
random_eq,srs,677,99,20,60,28,54,56,73,90,100,13,45,44,24,91,51,86
random_eq,srs,678,3,54,35,96,56,19,16,17,75,23,2,8,69,86,72,59
random_eq,srs,679,78,90,65,13,29,75,25,41,82,86,21,69,48,59,3,33
random_eq,srs,680,38,47,82,22,93,19,40,36,85,98,44,100,65,25,14,95
random_eq,srs,681,4,53,34,19,94,59,80,3,64,88,29,20,37,50,23,83
random_eq,srs,682,55,88,35,40,92,91,44,32,64,78,23,30,12,63,24,83
random_eq,srs,683,11,9,94,16,75,77,41,95,65,21,15,50,39,58,84,3
random_eq,srs,684,4,22,63,9,17,81,35,25,40,59,84,70,26,71,24,34
random_eq,srs,685,47,2,63,86,8,48,76,38,73,32,78,81,43,20,5,91
random_eq,srs,686,51,45,58,47,98,94,9,49,48,93,65,30,15,78,66,22
random_eq,srs,687,15,93,29,28,23,30,17,35,88,100,94,38,61,95,72,11
random_eq,srs,688,51,66,54,81,53,1,94,88,20,8,50,70,19,91,16,24
random_eq,srs,689,24,29,8,16,62,80,20,10,65,7,33,53,49,17,21,79
random_eq,srs,690,59,90,58,51,82,68,96,84,34,29,27,16,69,14,23,71
random_eq,srs,691,58,43,50,85,33,73,89,78,69,26,40,62,99,16,87,25
random_eq,srs,692,15,38,74,88,17,96,77,28,66,35,98,33,30,72,50,42
random_eq,srs,693,89,78,4,50,2,70,47,14,58,27,7,55,21,81,41,68
random_eq,srs,694,58,95,36,4,68,82,60,38,30,34,81,13,45,23,10,2
random_eq,srs,695,71,41,56,85,50,93,65,54,30,81,34,53,77,2,79,4
random_eq,srs,696,91,60,32,79,9,77,96,65,49,75,21,4,59,64,87,69
random_eq,srs,697,29,28,62,54,27,32,14,94,3,44,4,68,40,39,67,36
random_eq,srs,698,72,43,75,6,12,56,90,65,70,73,66,3,8,71,64,100
random_eq,srs,699,84,100,75,40,57,37,77,42,24,33,8,92,28,51,47,79
random_eq,srs,700,39,22,90,16,94,78,49,83,43,61,98,52,12,48,38,10
random_eq,srs,701,100,86,73,75,83,59,97,21,50,30,94,89,69,38,8,34
random_eq,srs,702,72,75,33,38,68,80,6,48,90,51,85,89,18,10,42,1
random_eq,srs,703,32,26,96,37,45,40,5,85,57,38,74,9,66,48,62,44
random_eq,srs,704,59,88,23,25,97,61,38,14,82,1,89,26,51,44,24,53
random_eq,srs,705,12,78,79,20,87,86,40,64,36,53,43,99,29,75,59,25
random_eq,srs,706,13,10,33,32,22,89,6,56,98,54,60,51,15,91,80,34
random_eq,srs,707,42,11,37,59,22,35,52,88,55,62,6,1,98,83,2,76
random_eq,srs,708,65,22,89,52,87,36,31,26,17,96,83,13,20,30,33,16
random_eq,srs,709,41,34,85,52,69,28,56,55,46,15,67,75,50,25,49,12
random_eq,srs,710,31,22,87,43,33,69,60,68,17,94,84,52,82,30,34,35
random_eq,srs,711,78,26,69,34,57,46,55,74,71,90,97,31,4,17,85,95
random_eq,srs,712,20,30,14,77,3,17,37,99,79,60,44,82,41,11,12,81
random_eq,srs,713,27,33,34,72,65,40,78,30,1,19,12,87,94,89,18,70
random_eq,srs,714,93,16,48,4,49,14,67,25,19,70,29,80,52,30,68,1
random_eq,srs,715,40,13,57,28,46,52,55,85,63,72,90,60,74,70,84,47
random_eq,srs,716,38,79,3,44,28,91,65,16,85,62,5,37,99,46,67,68
random_eq,srs,717,44,86,54,32,48,92,84,55,35,68,81,83,80,63,91,36
random_eq,srs,718,48,84,15,14,6,29,57,9,69,85,10,2,58,78,36,94
random_eq,srs,719,52,34,61,72,46,32,90,42,55,92,8,24,10,39,63,11
random_eq,srs,720,28,47,72,89,55,6,56,50,42,79,1,12,86,84,76,57
random_eq,srs,721,83,55,82,48,60,19,94,78,24,44,6,71,36,47,11,41
random_eq,srs,722,52,6,34,82,19,31,100,68,23,4,7,42,38,32,30,26
random_eq,srs,723,72,55,82,10,35,96,52,3,46,12,5,77,45,73,21,37
random_eq,srs,724,5,79,53,90,66,46,77,65,32,76,36,82,88,62,93,84
random_eq,srs,725,7,1,23,51,33,46,6,89,19,55,95,90,4,53,91,94
random_eq,srs,726,22,65,54,23,51,40,62,78,9,1,49,29,74,38,97,15
random_eq,srs,727,37,64,1,14,91,9,24,50,66,100,63,56,17,52,77,31
random_eq,srs,728,36,14,12,84,8,38,69,7,52,95,80,27,50,6,3,61
random_eq,srs,729,21,29,9,54,78,97,57,66,49,8,61,48,94,28,55,56
random_eq,srs,730,71,66,79,62,17,11,26,21,73,95,6,37,57,87,49,100
random_eq,srs,731,36,72,31,63,65,55,77,24,90,71,13,87,30,43,96,73
random_eq,srs,732,57,20,100,39,49,81,36,5,21,31,8,50,3,88,62,45
random_eq,srs,733,78,7,97,72,58,67,31,57,96,5,71,73,3,27,83,84
random_eq,srs,734,59,18,19,13,72,95,25,20,31,2,37,77,96,98,92,82
random_eq,srs,735,41,82,79,84,33,28,60,86,96,3,53,13,52,45,58,70
random_eq,srs,736,48,76,86,7,98,81,49,72,36,78,3,10,92,11,41,58
random_eq,srs,737,82,68,94,47,35,71,26,61,3,96,67,77,32,88,65,25
random_eq,srs,738,10,87,14,51,3,13,71,73,29,6,55,28,27,22,96,77
random_eq,srs,739,3,31,11,60,46,28,55,40,4,41,45,100,2,90,72,27
random_eq,srs,740,66,80,9,27,72,41,8,6,4,22,87,2,12,88,38,65
random_eq,srs,741,9,65,58,97,27,20,3,62,83,18,66,60,55,19,10,74
random_eq,srs,742,23,87,95,68,30,76,40,88,26,54,14,5,86,69,45,36
random_eq,srs,743,48,33,88,54,23,9,53,59,22,24,86,30,67,36,25,89
random_eq,srs,744,47,92,22,49,67,82,71,31,99,18,34,45,3,24,70,15
random_eq,srs,745,91,90,13,78,79,19,46,1,2,81,23,62,64,50,28,93
random_eq,srs,746,28,60,41,69,66,97,27,20,13,21,50,16,94,8,32,95
random_eq,srs,747,23,18,51,9,12,35,49,50,99,84,59,53,3,4,54,1
random_eq,srs,748,6,72,12,45,21,3,42,2,70,67,63,81,68,53,50,61
random_eq,srs,749,89,82,23,46,52,69,41,44,59,19,93,49,37,4,1,51
random_eq,srs,750,17,45,71,56,85,72,18,4,36,33,9,27,55,44,49,47
random_eq,srs,751,9,78,48,89,25,11,51,26,65,68,44,2,58,54,13,37
random_eq,srs,752,5,49,26,32,25,95,23,45,33,78,37,50,20,48,4,11
random_eq,srs,753,66,48,13,91,83,23,19,18,98,89,5,52,95,35,15,61
random_eq,srs,754,87,72,13,67,99,38,64,7,90,47,73,82,79,17,89,8
random_eq,srs,755,50,33,91,59,89,30,7,48,66,18,93,54,10,37,21,19
random_eq,srs,756,50,52,53,38,85,72,76,34,78,70,100,77,46,12,84,55
random_eq,srs,757,25,17,26,52,5,14,10,63,74,9,29,7,36,8,76,50
random_eq,srs,758,64,30,46,24,93,32,87,47,75,60,71,82,26,62,10,18
random_eq,srs,759,6,26,1,4,7,37,45,36,39,57,75,98,14,59,66,43
random_eq,srs,760,23,87,31,97,75,25,32,85,52,84,65,59,37,40,4,42
random_eq,srs,761,97,51,52,37,86,46,8,31,33,61,20,23,68,95,74,83
random_eq,srs,762,13,11,24,12,80,29,98,21,59,88,55,17,96,35,5,89
random_eq,srs,763,28,66,58,44,19,78,64,40,18,24,92,83,15,37,97,67
random_eq,srs,764,59,39,19,48,70,30,35,37,84,74,83,82,97,78,42,91
random_eq,srs,765,87,88,67,35,18,73,97,56,9,5,55,62,21,31,90,6
random_eq,srs,766,62,70,37,36,96,35,95,33,12,11,46,84,27,75,65,31
random_eq,srs,767,6,50,46,70,22,75,87,88,16,93,33,76,37,61,47,65
random_eq,srs,768,67,92,69,13,65,74,71,56,1,82,77,91,42,84,46,34
random_eq,srs,769,30,15,42,51,77,14,28,33,62,59,98,45,40,27,11,87
random_eq,srs,770,84,97,56,91,10,59,66,49,12,52,4,25,33,78,68,70
random_eq,srs,771,100,25,63,83,21,44,36,27,64,93,99,3,14,56,96,76
random_eq,srs,772,75,72,28,23,7,93,9,44,13,86,95,29,91,34,66,84
random_eq,srs,773,31,71,53,12,55,63,69,62,47,99,52,93,28,21,73,72
random_eq,srs,774,12,64,97,57,16,2,20,76,40,91,26,48,62,61,65,53
random_eq,srs,775,30,52,93,74,89,81,37,1,98,66,29,87,75,17,11,53
random_eq,srs,776,86,39,77,10,38,46,75,60,66,25,37,35,96,88,68,70
random_eq,srs,777,58,4,9,26,40,79,54,36,43,75,85,60,32,45,94,90
random_eq,srs,778,98,77,89,99,37,33,31,93,97,59,85,81,39,83,62,92
random_eq,srs,779,53,15,27,16,94,83,41,55,8,19,5,67,92,30,52,47
random_eq,srs,780,30,27,72,79,28,33,57,75,31,40,98,100,12,41,39,32
random_eq,srs,781,36,63,89,96,47,51,72,23,48,45,17,33,37,64,95,25
random_eq,srs,782,95,45,1,92,97,83,44,57,31,80,17,34,41,79,75,18
random_eq,srs,783,25,81,46,24,45,36,29,2,65,7,42,56,71,72,57,97
random_eq,srs,784,74,18,100,97,2,54,96,23,52,56,48,1,91,30,46,51
random_eq,srs,785,88,97,56,87,75,43,90,89,10,96,45,4,20,82,26,53
random_eq,srs,786,41,75,13,70,61,30,62,82,88,50,95,19,45,3,31,78
random_eq,srs,787,3,46,28,32,41,52,42,94,90,33,91,58,36,89,37,27
random_eq,srs,788,81,85,45,75,83,77,50,16,40,91,65,37,63,67,51,72
random_eq,srs,789,83,65,69,99,37,68,72,56,1,45,35,78,94,17,53,15
random_eq,srs,790,7,10,59,26,100,33,74,15,44,14,29,78,39,94,65,64
random_eq,srs,791,86,81,92,53,31,39,56,71,65,35,25,91,44,96,58,98
random_eq,srs,792,13,47,62,88,29,48,54,60,17,30,53,15,3,92,12,78
random_eq,srs,793,12,91,40,55,83,38,60,32,66,58,8,73,93,74,81,21
random_eq,srs,794,43,49,64,82,54,30,78,66,7,99,6,38,92,70,61,72
random_eq,srs,795,16,1,63,44,47,64,95,84,8,23,59,61,71,88,76,26
random_eq,srs,796,75,21,80,18,65,41,94,56,7,78,89,51,4,88,30,9
random_eq,srs,797,93,60,4,99,35,67,61,7,14,63,37,9,69,38,13,88
random_eq,srs,798,83,13,76,17,74,85,57,37,26,98,52,43,27,64,3,63
random_eq,srs,799,78,24,61,96,37,30,45,93,66,13,70,22,94,86,65,99
random_eq,srs,800,26,19,20,75,37,74,38,35,59,32,29,43,80,90,84,34
random_eq,srs,801,52,30,11,1,61,82,76,46,56,78,48,55,9,73,54,20
random_eq,srs,802,66,3,89,31,79,99,93,97,34,91,82,43,17,83,4,39
random_eq,srs,803,58,19,6,33,91,54,2,31,61,20,72,95,18,23,44,64
random_eq,srs,804,59,44,84,1,88,65,46,24,75,52,11,79,14,96,97,62
random_eq,srs,805,92,15,18,68,87,19,82,14,84,59,98,23,65,12,57,52
random_eq,srs,806,70,43,53,18,41,34,86,36,75,30,62,80,81,4,54,98
random_eq,srs,807,43,72,91,7,26,3,94,47,58,90,63,84,97,100,34,18
random_eq,srs,808,27,65,37,50,16,98,6,69,85,84,19,55,25,46,67,71
random_eq,srs,809,89,59,4,64,23,18,95,99,77,75,43,14,83,56,10,81
random_eq,srs,810,88,98,68,30,51,64,70,62,14,91,86,12,36,9,16,24
random_eq,srs,811,9,31,24,61,86,75,49,73,92,82,17,21,35,97,28,91
random_eq,srs,812,39,49,52,85,92,26,8,86,6,48,1,35,7,4,99,20
random_eq,srs,813,47,60,1,20,69,34,79,15,51,13,17,57,61,27,26,58
random_eq,srs,814,82,59,39,9,63,27,85,49,56,57,84,98,73,23,10,20
random_eq,srs,815,90,7,52,40,5,28,15,23,33,83,72,85,79,100,88,58
random_eq,srs,816,47,11,17,15,16,32,26,97,67,94,10,71,29,80,93,62
random_eq,srs,817,22,82,59,51,63,67,62,74,60,10,9,39,95,66,19,70
random_eq,srs,818,3,29,86,60,81,18,10,17,93,88,38,22,27,56,94,25
random_eq,srs,819,22,16,19,98,84,95,20,17,43,27,67,41,58,11,63,31
random_eq,srs,820,77,40,49,55,98,13,96,39,9,63,72,75,59,78,38,93
random_eq,srs,821,62,89,60,38,92,73,46,76,93,58,53,35,17,19,90,9
random_eq,srs,822,35,4,21,23,39,20,100,16,37,69,95,8,30,31,77,73
random_eq,srs,823,27,28,50,51,84,39,52,59,88,71,53,85,18,89,19,40
random_eq,srs,824,96,61,40,50,57,62,36,59,13,29,15,66,78,49,68,83
random_eq,srs,825,31,74,24,100,12,52,81,50,29,4,86,66,6,55,70,76
random_eq,srs,826,12,1,88,43,32,54,29,16,21,5,18,13,11,73,98,48
random_eq,srs,827,97,41,16,34,6,90,19,23,44,71,69,94,1,81,56,40
random_eq,srs,828,65,77,92,95,93,71,46,2,32,21,50,98,40,97,3,64
random_eq,srs,829,6,8,76,83,59,55,92,95,53,41,91,42,5,35,1,25
random_eq,srs,830,26,55,3,89,97,35,92,79,76,71,70,81,60,88,37,44
random_eq,srs,831,3,2,94,21,34,10,90,95,8,20,47,35,32,84,73,60
random_eq,srs,832,95,52,94,37,41,50,96,82,8,70,64,92,28,86,93,69
random_eq,srs,833,97,16,56,9,36,12,85,10,6,4,77,94,63,31,96,41
random_eq,srs,834,89,35,71,57,28,21,24,79,55,9,83,90,98,3,88,54
random_eq,srs,835,21,50,80,45,4,68,42,37,91,44,92,83,56,94,7,10
random_eq,srs,836,71,64,47,39,26,99,69,36,58,24,46,82,50,25,66,11
random_eq,srs,837,68,32,87,69,18,78,94,36,56,26,2,65,17,43,6,39
random_eq,srs,838,8,21,75,93,76,57,98,44,39,94,49,81,67,4,37,65
random_eq,srs,839,22,1,92,31,19,6,60,94,27,62,20,37,78,4,76,48
random_eq,srs,840,63,59,3,62,47,25,73,80,91,90,72,12,100,34,39,66
random_eq,srs,841,5,94,6,54,63,17,40,82,88,75,23,96,78,34,67,33
random_eq,srs,842,86,38,19,83,2,95,44,5,10,43,28,70,3,39,60,74
random_eq,srs,843,21,67,20,89,84,19,62,58,57,5,9,66,26,10,47,75
random_eq,srs,844,33,91,46,75,68,69,16,32,64,72,20,24,98,23,15,54
random_eq,srs,845,3,11,100,91,77,56,68,81,24,96,53,39,6,28,86,58
random_eq,srs,846,22,88,49,24,26,80,31,23,41,70,79,83,32,98,6,90
random_eq,srs,847,36,16,76,46,58,2,90,8,70,65,55,21,19,89,84,1
random_eq,srs,848,100,27,57,39,63,12,83,86,16,47,29,76,59,38,5,10
random_eq,srs,849,13,3,98,20,4,25,8,37,75,52,11,94,42,22,73,80
random_eq,srs,850,68,99,1,51,67,95,66,32,88,98,63,52,37,14,64,35
random_eq,srs,851,73,72,22,88,91,49,85,43,39,93,29,32,24,94,76,50
random_eq,srs,852,64,9,67,30,2,21,11,36,75,95,78,41,23,5,97,25
random_eq,srs,853,86,22,19,49,85,81,62,12,10,25,50,24,20,28,3,78
random_eq,srs,854,79,73,75,88,25,96,70,32,42,91,35,63,23,28,4,72
random_eq,srs,855,35,81,45,84,83,16,13,21,75,65,42,5,14,57,73,94
random_eq,srs,856,63,23,74,94,14,60,84,70,82,71,51,91,46,96,22,68
random_eq,srs,857,78,38,74,3,49,53,59,8,86,77,80,32,58,16,7,88
random_eq,srs,858,91,95,35,34,21,19,3,100,89,67,4,18,90,93,97,10
random_eq,srs,859,51,80,27,4,61,76,89,32,58,86,18,60,75,16,2,69
random_eq,srs,860,36,84,90,95,51,15,66,87,80,43,94,44,69,56,74,46
random_eq,srs,861,12,16,46,59,55,4,40,21,18,22,93,75,24,53,37,51
random_eq,srs,862,38,68,17,33,27,82,6,55,8,34,86,53,2,39,43,5
random_eq,srs,863,30,69,81,88,76,74,65,23,49,54,47,67,86,99,97,21
random_eq,srs,864,78,31,36,27,4,48,69,85,96,19,33,60,94,40,77,75
random_eq,srs,865,58,49,54,72,55,34,28,76,94,86,2,80,48,30,62,23
random_eq,srs,866,50,96,89,10,71,86,93,65,24,13,77,66,9,98,42,12
random_eq,srs,867,34,59,47,20,77,82,64,30,11,5,86,7,80,79,87,53
random_eq,srs,868,6,35,28,93,69,38,12,31,55,52,74,20,82,40,58,98
random_eq,srs,869,8,83,51,4,90,40,10,14,100,94,7,36,30,62,68,72
random_eq,srs,870,64,24,28,62,82,65,29,9,55,95,51,98,20,26,49,83
random_eq,srs,871,4,98,75,79,32,71,45,59,92,93,18,54,73,78,24,13
random_eq,srs,872,61,88,81,45,35,55,33,43,65,73,15,5,11,86,91,92
random_eq,srs,873,81,25,26,10,65,59,4,12,50,49,29,2,30,66,70,41
random_eq,srs,874,78,69,25,28,51,50,4,56,40,34,72,19,93,95,23,66
random_eq,srs,875,99,54,66,13,78,9,7,3,20,74,62,14,30,46,82,83
random_eq,srs,876,93,74,4,48,49,52,7,56,67,81,26,45,46,96,57,5
random_eq,srs,877,85,60,84,57,92,64,90,76,77,22,63,14,24,50,81,58
random_eq,srs,878,92,88,44,96,25,89,84,86,5,3,81,64,70,59,65,69
random_eq,srs,879,44,58,49,5,87,34,57,100,82,37,16,88,89,18,30,25
random_eq,srs,880,74,71,87,96,17,84,47,60,75,20,62,41,86,49,35,21
random_eq,srs,881,72,52,28,99,43,49,26,29,81,19,68,80,66,61,40,100
random_eq,srs,882,73,81,54,68,3,13,52,34,59,24,94,70,91,86,92,31
random_eq,srs,883,83,27,85,77,76,30,72,31,61,74,98,29,60,48,95,7
random_eq,srs,884,32,4,52,66,68,94,44,97,11,22,81,10,99,77,62,14
random_eq,srs,885,1,70,59,71,65,57,27,11,52,22,80,49,29,88,24,14
random_eq,srs,886,89,11,47,52,7,17,94,45,95,91,4,1,3,85,72,88
random_eq,srs,887,14,75,56,62,15,91,92,70,3,93,50,76,72,58,23,52
random_eq,srs,888,51,75,15,46,83,66,28,98,70,30,76,47,4,82,95,89
random_eq,srs,889,6,82,13,45,69,58,100,8,19,12,72,96,66,52,98,90
random_eq,srs,890,20,89,14,95,31,100,39,60,91,86,98,25,18,28,66,41
random_eq,srs,891,47,10,71,32,69,4,77,97,83,8,5,31,19,63,90,93
random_eq,srs,892,30,9,56,51,91,78,67,35,42,77,88,65,86,72,71,60
random_eq,srs,893,84,44,81,43,36,24,92,69,75,46,25,50,23,71,53,68
random_eq,srs,894,59,68,13,58,46,83,41,27,8,85,75,19,55,52,35,50
random_eq,srs,895,63,45,4,91,70,25,89,69,78,90,93,59,5,67,23,32
random_eq,srs,896,29,48,88,57,2,14,35,95,22,76,77,94,27,64,28,86
random_eq,srs,897,66,88,68,3,2,25,78,79,97,65,14,20,45,31,80,23
random_eq,srs,898,41,11,55,5,3,43,13,44,25,16,100,1,22,35,46,54
random_eq,srs,899,60,84,63,72,76,75,81,97,74,50,87,20,28,58,12,13
random_eq,srs,900,11,3,49,90,72,4,29,53,97,23,73,50,25,74,92,52
random_eq,srs,901,76,66,43,55,82,3,53,85,63,99,8,81,73,44,22,20
random_eq,srs,902,31,40,74,57,63,78,27,90,85,83,29,38,50,3,1,92
random_eq,srs,903,77,43,62,8,67,96,99,74,1,23,45,47,15,37,28,6
random_eq,srs,904,75,21,95,31,45,80,46,74,41,33,64,65,36,68,5,48
random_eq,srs,905,61,63,22,87,29,98,5,3,48,23,24,97,25,12,85,50
random_eq,srs,906,35,44,22,31,16,33,26,37,54,64,93,83,43,71,63,15
random_eq,srs,907,39,24,27,62,70,96,45,42,23,7,5,83,6,73,14,44
random_eq,srs,908,28,1,38,6,82,96,71,21,44,64,2,15,51,84,7,62
random_eq,srs,909,98,3,25,44,2,13,69,19,79,16,48,43,4,29,1,53
random_eq,srs,910,58,3,4,61,99,67,77,11,28,98,15,40,64,46,70,44
random_eq,srs,911,11,52,59,85,96,20,9,22,76,15,100,71,40,38,90,78
random_eq,srs,912,13,91,80,85,63,11,15,45,89,88,67,1,40,3,46,8
random_eq,srs,913,19,99,53,78,64,51,11,85,75,62,50,41,32,84,46,67
random_eq,srs,914,94,21,28,17,79,1,12,9,24,27,92,39,67,45,75,54
random_eq,srs,915,28,64,9,36,11,95,55,79,4,81,41,43,100,84,80,67
random_eq,srs,916,91,50,100,89,27,71,58,18,56,7,82,32,54,24,49,62
random_eq,srs,917,71,42,27,45,46,93,13,78,35,11,86,83,51,96,14,16
random_eq,srs,918,2,62,48,47,78,49,28,13,70,67,25,39,44,50,83,22
random_eq,srs,919,29,46,2,93,16,95,83,30,91,88,9,68,7,97,23,5
random_eq,srs,920,88,13,23,64,12,2,26,75,3,100,84,92,24,4,77,61
random_eq,srs,921,28,40,61,18,39,55,93,59,89,29,47,16,7,91,82,42
random_eq,srs,922,58,69,91,76,98,42,28,14,79,20,84,5,8,95,1,17
random_eq,srs,923,82,96,49,46,51,11,6,44,91,75,43,95,56,94,77,78
random_eq,srs,924,24,87,33,19,63,50,74,65,53,66,94,26,34,70,76,28
random_eq,srs,925,75,44,59,65,82,45,60,47,100,52,94,2,30,66,79,69
random_eq,srs,926,7,61,10,90,29,93,20,15,57,60,42,64,18,91,85,21
random_eq,srs,927,70,15,52,19,61,76,5,32,95,27,98,57,56,80,58,43
random_eq,srs,928,83,82,49,78,40,10,60,72,75,77,38,62,100,57,14,36
random_eq,srs,929,87,29,16,89,61,17,91,93,62,33,42,68,51,10,54,24
random_eq,srs,930,28,95,45,15,17,61,49,12,25,70,58,65,7,34,29,20
random_eq,srs,931,20,94,36,10,12,40,6,38,64,4,85,17,65,83,44,62
random_eq,srs,932,9,29,12,49,61,15,37,91,86,21,39,51,11,45,19,35
random_eq,srs,933,53,45,84,30,24,68,64,1,94,77,70,66,19,76,41,93
random_eq,srs,934,2,83,61,78,20,94,52,67,12,76,36,40,1,64,65,54
random_eq,srs,935,37,1,13,77,43,75,54,18,35,14,3,63,9,61,41,89
random_eq,srs,936,83,68,33,5,64,65,77,72,55,29,98,36,59,82,7,80
random_eq,srs,937,36,93,66,92,44,45,28,18,72,26,67,5,95,51,9,41
random_eq,srs,938,56,51,25,91,86,27,63,40,26,72,50,62,69,31,4,14
random_eq,srs,939,17,80,27,95,53,11,99,83,77,30,72,19,47,93,4,67
random_eq,srs,940,23,93,53,42,29,77,7,54,97,81,59,49,96,89,90,57
random_eq,srs,941,65,92,51,1,96,60,10,16,21,99,18,58,70,30,28,68
random_eq,srs,942,45,17,64,73,72,7,19,14,91,78,80,60,81,74,29,83
random_eq,srs,943,34,23,70,100,50,87,37,29,76,24,92,35,54,55,46,64
random_eq,srs,944,89,32,55,87,5,51,6,67,71,31,47,11,42,56,94,92
random_eq,srs,945,35,21,59,73,11,80,65,30,31,4,97,78,92,10,40,63
random_eq,srs,946,70,9,7,69,71,31,64,3,97,65,89,34,4,45,77,30
random_eq,srs,947,72,64,16,49,41,55,83,39,61,5,100,42,74,62,48,6
random_eq,srs,948,57,74,11,49,38,72,44,63,43,95,36,40,86,30,75,90
random_eq,srs,949,14,58,41,12,67,3,93,73,46,70,27,50,64,48,85,88
random_eq,srs,950,91,80,94,95,7,88,44,1,70,15,32,25,14,3,67,64
random_eq,srs,951,62,83,46,96,48,36,10,34,43,67,35,66,82,9,71,53
random_eq,srs,952,34,89,92,36,31,28,43,1,17,84,76,61,6,55,86,32
random_eq,srs,953,47,17,81,1,71,98,76,52,12,86,29,35,93,55,31,28
random_eq,srs,954,80,39,31,53,78,49,69,66,85,91,97,65,25,54,46,56
random_eq,srs,955,38,42,15,97,91,7,56,100,4,13,64,11,20,73,99,61
random_eq,srs,956,60,61,30,36,7,86,83,25,11,38,92,59,72,19,48,96
random_eq,srs,957,41,57,4,1,2,88,32,8,78,76,13,96,62,79,3,35
random_eq,srs,958,44,70,96,57,27,62,23,95,51,76,68,79,67,10,84,34
random_eq,srs,959,43,15,18,49,10,38,37,87,31,21,20,45,28,83,39,34
random_eq,srs,960,14,49,5,3,25,39,16,19,72,28,87,1,92,35,41,44
random_eq,srs,961,54,46,39,23,15,47,100,45,16,85,64,5,1,24,61,37
random_eq,srs,962,33,64,100,63,34,76,21,25,75,35,40,43,53,10,14,15
random_eq,srs,963,29,97,75,55,17,12,90,77,33,39,21,70,49,13,10,60
random_eq,srs,964,37,33,88,68,100,30,1,42,46,57,90,38,11,40,15,73
random_eq,srs,965,10,45,94,33,88,9,19,70,38,14,8,78,7,16,80,35
random_eq,srs,966,51,16,92,87,5,84,32,45,58,73,21,13,50,19,90,34
random_eq,srs,967,42,36,53,2,76,45,46,84,66,73,6,35,5,33,61,44
random_eq,srs,968,99,62,35,94,3,8,86,15,22,19,30,56,95,78,75,1
random_eq,srs,969,61,57,17,56,3,38,30,60,13,80,63,19,83,97,71,81
random_eq,srs,970,30,84,33,100,16,97,19,74,95,88,53,45,63,93,76,29
random_eq,srs,971,76,90,15,27,61,38,23,60,19,93,31,22,50,86,4,3
random_eq,srs,972,6,59,74,56,77,96,65,51,97,13,63,7,94,16,8,93
random_eq,srs,973,57,70,48,1,100,29,66,28,53,68,46,17,61,88,90,95
random_eq,srs,974,23,87,74,90,6,55,79,78,46,51,50,97,72,98,63,64
random_eq,srs,975,47,11,8,18,25,72,28,61,95,80,52,22,75,96,10,29
random_eq,srs,976,48,53,85,18,43,94,61,8,76,9,69,12,59,72,49,31
random_eq,srs,977,23,28,85,93,58,35,56,33,84,12,1,7,10,72,17,13
random_eq,srs,978,98,18,81,55,9,57,39,36,94,38,100,58,2,97,99,11
random_eq,srs,979,76,21,7,72,59,88,10,15,87,19,83,33,49,77,12,64
random_eq,srs,980,97,50,30,93,67,92,27,98,15,25,66,47,35,20,12,65
random_eq,srs,981,46,93,49,73,33,50,38,53,52,9,51,72,65,87,4,47
random_eq,srs,982,19,8,31,30,93,28,94,100,32,57,54,9,87,73,25,65
random_eq,srs,983,37,26,71,21,1,3,18,92,27,61,35,74,23,84,52,86
random_eq,srs,984,62,39,79,51,24,87,96,86,38,80,97,58,37,70,9,52
random_eq,srs,985,33,85,79,21,93,83,51,58,67,40,35,16,25,82,81,24
random_eq,srs,986,24,76,31,86,62,68,82,66,87,63,52,41,28,13,95,51
random_eq,srs,987,7,10,68,31,55,99,32,77,81,80,82,65,88,42,54,57
random_eq,srs,988,88,10,92,75,17,41,24,48,35,15,67,34,31,77,45,22
random_eq,srs,989,30,37,62,79,55,40,81,19,10,36,29,95,35,51,78,96
random_eq,srs,990,98,50,95,47,94,26,39,69,6,43,52,7,25,75,88,38
random_eq,srs,991,65,93,35,4,36,45,34,44,51,47,30,9,16,50,81,3
random_eq,srs,992,9,58,74,76,33,49,56,17,44,6,61,91,37,31,10,43
random_eq,srs,993,10,63,24,36,9,83,81,5,60,26,92,42,67,70,45,84
random_eq,srs,994,90,35,70,84,59,80,8,20,89,6,100,41,98,47,95,18
random_eq,srs,995,92,89,76,17,35,95,34,23,65,13,19,2,66,85,68,67
random_eq,srs,996,65,18,7,15,98,23,89,75,95,87,34,46,91,37,82,93
random_eq,srs,997,55,89,17,35,34,67,39,40,82,68,16,3,100,25,10,61
random_eq,srs,998,34,17,75,12,55,16,11,40,78,39,13,97,18,90,64,88
random_eq,srs,999,54,20,5,52,12,49,2,93,66,21,60,32,78,97,37,15
random_eq,srs,1000,43,88,84,36,11,62,49,12,45,85,91,53,87,31,89,25
random_eq,srs,1001,94,99,18,48,71,22,49,83,60,41,37,72,16,73,91,70
random_eq,srs,1002,26,28,80,17,97,41,58,15,87,91,94,2,65,1,10,13
random_eq,srs,1003,86,89,91,73,72,65,25,10,8,96,68,80,11,88,30,2
random_eq,srs,1004,37,86,73,49,68,95,35,55,75,19,50,66,26,7,82,51
random_eq,srs,1005,66,28,44,41,61,88,2,92,9,48,98,37,79,72,65,36
random_eq,srs,1006,60,97,48,82,56,94,3,43,1,87,69,71,65,70,67,23
random_eq,srs,1007,21,69,90,41,20,2,82,17,97,9,28,71,3,52,5,83
random_eq,srs,1008,21,39,89,99,92,96,29,19,4,27,28,41,87,45,30,100
random_eq,srs,1009,100,3,61,25,16,21,8,89,7,63,98,4,29,60,87,76
random_eq,srs,1010,26,27,95,65,61,45,9,93,76,71,47,17,34,91,72,99
random_eq,srs,1011,53,74,75,67,89,98,61,87,5,16,63,17,88,30,41,62
random_eq,srs,1012,8,54,60,12,37,47,42,20,82,14,83,9,75,89,81,50
random_eq,srs,1013,6,4,22,70,57,83,90,80,29,7,17,65,8,44,99,24
random_eq,srs,1014,13,45,86,14,62,97,10,31,9,29,24,100,68,60,3,23
random_eq,srs,1015,37,87,94,52,47,85,22,9,54,57,27,5,89,46,82,11
random_eq,srs,1016,89,14,66,83,25,15,40,95,65,73,64,8,74,75,26,29
random_eq,srs,1017,59,68,24,18,26,43,17,27,84,66,12,4,74,29,63,42
random_eq,srs,1018,9,24,53,3,86,50,35,63,27,47,10,79,22,92,70,32
random_eq,srs,1019,68,69,15,75,65,77,56,54,24,44,100,25,48,31,38,94
random_eq,srs,1020,69,65,49,87,28,27,44,92,83,76,64,58,66,86,95,96
random_eq,srs,1021,14,72,81,40,100,46,77,74,91,4,11,43,57,62,73,93
random_eq,srs,1022,43,64,11,28,89,44,10,62,99,82,68,86,55,97,90,42
random_eq,srs,1023,100,74,88,28,47,32,44,95,23,93,35,24,97,84,31,85
random_eq,srs,1024,7,4,50,51,21,46,56,65,27,37,48,16,24,13,81,9
random_eq,srs,1025,28,29,80,46,58,44,25,35,49,32,13,99,67,41,10,51
random_eq,srs,1026,28,90,35,80,45,37,82,87,72,31,76,53,100,55,60,81
random_eq,srs,1027,6,98,29,81,16,22,65,19,50,38,97,49,11,68,54,61
random_eq,srs,1028,17,55,84,81,15,23,62,93,19,37,52,26,75,35,57,9
random_eq,srs,1029,50,4,90,21,99,44,40,62,74,14,61,47,2,22,52,87
random_eq,srs,1030,81,60,19,13,66,93,89,44,62,75,68,41,92,9,31,87
random_eq,srs,1031,59,23,9,92,38,86,57,78,26,67,87,47,33,83,65,46
random_eq,srs,1032,37,13,78,75,76,12,34,57,18,95,61,47,49,26,45,10
random_eq,srs,1033,94,95,61,14,77,38,62,43,82,40,45,98,79,32,9,46
random_eq,srs,1034,9,35,53,2,73,1,75,83,44,58,95,26,70,29,14,22
random_eq,srs,1035,68,99,42,47,14,94,74,80,24,38,43,2,60,64,23,98
random_eq,srs,1036,97,24,68,59,48,11,43,80,27,75,42,38,23,37,93,86
random_eq,srs,1037,92,48,88,33,77,39,96,61,71,93,40,95,44,25,76,29
random_eq,srs,1038,28,95,78,44,7,67,82,80,30,43,47,10,39,98,61,29
random_eq,srs,1039,95,60,4,64,69,41,44,86,94,21,26,20,6,58,50,81
random_eq,srs,1040,83,63,49,62,48,84,3,18,82,65,30,67,4,100,39,45
random_eq,srs,1041,7,84,55,53,59,21,30,13,43,31,23,74,60,14,94,9
random_eq,srs,1042,38,83,24,89,81,37,33,100,8,49,67,3,88,75,72,17
random_eq,srs,1043,81,72,59,70,23,91,54,50,12,73,51,48,87,3,65,16
random_eq,srs,1044,34,94,11,97,15,82,16,80,25,98,81,40,26,47,36,31
random_eq,srs,1045,36,76,17,52,29,81,56,21,43,60,87,86,46,65,44,59
random_eq,srs,1046,42,33,77,99,69,54,40,88,90,50,89,49,78,57,59,96
random_eq,srs,1047,30,97,49,3,100,44,96,80,74,52,7,58,24,21,11,69
random_eq,srs,1048,100,96,72,89,80,85,97,36,16,19,35,74,31,92,21,13
random_eq,srs,1049,98,13,45,49,87,57,34,84,53,90,44,94,56,10,6,74
random_eq,srs,1050,3,43,92,37,82,94,45,31,67,1,60,79,44,6,12,57
random_eq,srs,1051,55,33,24,47,11,58,56,13,41,75,38,40,100,91,80,59
random_eq,srs,1052,28,70,52,37,60,34,79,59,2,73,25,74,7,58,57,5
random_eq,srs,1053,77,28,37,54,1,5,96,53,43,22,40,32,29,70,8,50
random_eq,srs,1054,67,13,28,100,51,24,33,78,17,62,39,5,48,85,29,2
random_eq,srs,1055,22,58,51,53,60,40,2,98,25,11,85,93,82,77,45,17
random_eq,srs,1056,15,90,58,1,31,61,18,55,29,99,83,43,85,77,44,87
random_eq,srs,1057,54,43,62,60,44,26,4,79,72,30,61,45,68,17,25,75
random_eq,srs,1058,51,33,100,90,65,7,17,98,81,24,82,83,2,63,18,61
random_eq,srs,1059,44,4,45,35,83,88,77,89,63,10,47,85,65,29,34,98
random_eq,srs,1060,17,45,1,72,62,40,60,93,33,84,58,89,71,16,73,20
random_eq,srs,1061,73,88,41,63,13,26,44,12,18,22,56,89,34,78,66,72
random_eq,srs,1062,49,89,22,78,26,20,36,91,21,73,32,60,77,93,57,13
random_eq,srs,1063,2,48,50,12,23,38,25,27,87,18,84,11,36,60,97,8
random_eq,srs,1064,26,58,90,64,53,11,73,83,95,49,76,15,77,89,68,14
random_eq,srs,1065,94,56,36,40,9,69,28,20,55,75,4,10,45,99,77,54
random_eq,srs,1066,53,61,72,96,56,65,51,35,84,86,8,87,85,20,10,6
random_eq,srs,1067,22,48,100,98,46,64,33,58,81,54,23,47,94,29,57,59
random_eq,srs,1068,60,86,81,74,4,97,66,47,94,13,96,57,23,79,43,31
random_eq,srs,1069,63,45,4,53,52,69,10,23,47,94,97,73,72,30,27,29
random_eq,srs,1070,82,69,18,24,38,57,64,35,34,47,73,23,89,58,19,9
random_eq,srs,1071,86,87,45,95,14,62,88,27,3,63,74,31,96,75,50,1
random_eq,srs,1072,41,22,18,54,64,75,91,67,24,99,100,8,58,52,78,38
random_eq,srs,1073,55,45,33,39,84,57,61,32,75,73,81,37,46,89,35,15
random_eq,srs,1074,59,9,32,52,54,71,26,97,16,29,17,6,47,11,39,100
random_eq,srs,1075,61,49,38,16,60,51,2,78,53,90,93,63,9,58,91,44
random_eq,srs,1076,48,31,10,35,51,96,43,92,94,72,60,54,87,24,53,70
random_eq,srs,1077,74,66,37,98,2,15,60,1,10,28,56,95,16,65,43,45
random_eq,srs,1078,25,27,53,82,21,33,46,56,73,75,62,92,51,28,10,100
random_eq,srs,1079,49,11,24,99,58,29,30,95,1,84,63,28,26,60,44,100
random_eq,srs,1080,11,87,47,65,6,100,73,10,41,45,40,33,96,69,9,18
random_eq,srs,1081,58,60,13,99,62,97,84,55,80,42,67,21,38,70,35,1
random_eq,srs,1082,86,11,71,12,51,6,44,92,43,14,55,3,19,10,84,20
random_eq,srs,1083,25,46,73,13,36,82,57,71,89,11,79,98,18,42,93,22
random_eq,srs,1084,12,35,87,73,19,63,24,80,54,88,100,84,51,47,60,81
random_eq,srs,1085,70,97,8,80,96,46,93,18,23,42,34,85,98,36,33,83
random_eq,srs,1086,13,11,98,87,40,57,8,62,42,74,44,7,5,27,3,22
random_eq,srs,1087,53,78,13,49,25,47,1,77,96,33,54,44,7,69,66,65
random_eq,srs,1088,74,38,46,32,47,100,64,96,22,57,34,51,54,44,79,26
random_eq,srs,1089,53,27,82,86,11,80,18,1,32,43,92,99,55,30,36,24
random_eq,srs,1090,22,3,27,90,92,21,88,82,98,72,84,24,31,63,49,37
random_eq,srs,1091,71,80,20,31,63,57,1,25,13,11,92,15,35,6,27,51
random_eq,srs,1092,94,64,76,24,88,58,27,14,82,9,78,68,35,48,29,95
random_eq,srs,1093,13,23,59,5,77,70,48,56,25,31,67,27,14,62,76,82
random_eq,srs,1094,71,92,3,26,47,67,72,68,94,9,93,59,36,55,96,58
random_eq,srs,1095,11,48,80,31,49,33,59,32,54,53,82,30,14,10,35,40
random_eq,srs,1096,24,55,15,60,95,100,26,27,76,89,11,86,81,74,85,18
random_eq,srs,1097,8,46,25,9,35,80,100,48,15,53,26,83,90,85,21,79
random_eq,srs,1098,77,45,19,26,63,12,38,69,15,10,8,76,53,66,40,49
random_eq,srs,1099,57,42,89,93,25,59,32,99,84,19,24,50,52,77,46,3
random_eq,srs,1100,31,67,45,29,85,59,27,100,56,58,70,7,36,12,22,6
random_eq,srs,1101,6,11,52,34,40,18,99,59,32,78,87,89,70,23,77,16
random_eq,srs,1102,55,25,98,89,94,93,31,58,57,60,34,49,83,42,44,6
random_eq,srs,1103,21,81,2,30,74,40,33,24,78,72,97,34,14,92,82,88
random_eq,srs,1104,75,5,39,35,13,71,66,33,74,80,22,81,87,59,8,56
random_eq,srs,1105,66,53,24,52,6,57,73,41,27,54,94,40,42,88,15,4
random_eq,srs,1106,37,58,10,94,39,22,42,48,83,60,25,13,74,93,43,69
random_eq,srs,1107,80,87,30,43,60,39,42,17,91,11,7,53,62,94,73,35
random_eq,srs,1108,64,1,55,47,25,68,95,40,81,82,65,32,97,4,78,11
random_eq,srs,1109,5,14,46,74,25,29,95,80,39,92,91,41,97,96,81,85
random_eq,srs,1110,48,42,20,41,59,93,2,43,31,72,91,5,4,35,52,39
random_eq,srs,1111,22,15,14,98,29,26,78,99,74,13,27,46,20,86,12,10
random_eq,srs,1112,30,17,71,10,47,74,34,38,89,19,37,31,65,49,98,90
random_eq,srs,1113,54,22,36,76,72,15,93,37,89,68,59,77,80,56,5,41
random_eq,srs,1114,45,83,4,96,29,28,20,71,31,94,36,93,35,81,52,73
random_eq,srs,1115,60,37,66,32,50,84,87,27,13,63,67,61,24,89,78,40
random_eq,srs,1116,59,96,98,32,47,72,89,90,18,61,48,88,45,71,39,84
random_eq,srs,1117,39,7,85,48,96,84,75,100,32,52,60,79,44,76,18,56
random_eq,srs,1118,18,95,48,69,10,82,43,46,6,33,31,50,14,36,52,75
random_eq,srs,1119,67,37,71,89,20,29,77,85,91,72,38,54,98,62,95,92
random_eq,srs,1120,72,51,76,28,11,12,47,40,23,64,96,7,92,83,87,9
random_eq,srs,1121,94,58,52,59,13,9,45,77,99,85,80,18,38,92,49,91
random_eq,srs,1122,90,93,81,2,39,36,43,70,15,95,54,92,14,25,19,30
random_eq,srs,1123,8,47,95,56,27,64,97,90,59,55,93,86,81,11,87,49
random_eq,srs,1124,24,67,73,32,36,93,9,22,38,96,58,35,87,45,46,89
random_eq,srs,1125,37,69,83,50,34,80,70,17,40,23,6,56,84,65,45,38
random_eq,srs,1126,48,57,15,95,17,96,18,9,74,83,81,50,92,13,1,54
random_eq,srs,1127,57,32,64,75,34,11,14,44,91,62,41,55,24,67,88,9
random_eq,srs,1128,46,26,57,10,37,62,11,83,55,76,7,39,18,36,59,30
random_eq,srs,1129,10,2,16,50,83,23,44,45,34,20,75,32,53,90,46,79
random_eq,srs,1130,63,73,32,49,10,14,16,9,87,90,88,83,55,84,45,35
random_eq,srs,1131,44,38,8,80,36,22,42,12,73,1,81,24,94,62,65,49
random_eq,srs,1132,99,21,100,32,52,92,90,47,63,3,83,77,23,41,14,17
random_eq,srs,1133,91,61,48,65,16,4,23,29,30,74,18,85,43,11,98,55
random_eq,srs,1134,3,36,95,16,74,47,63,71,58,68,49,18,9,17,43,87
random_eq,srs,1135,81,28,78,62,55,67,72,54,52,74,8,27,94,97,91,89
random_eq,srs,1136,26,13,93,56,58,52,14,28,40,24,21,19,92,34,10,64
random_eq,srs,1137,43,67,6,93,82,89,13,28,99,20,64,65,30,79,10,92
random_eq,srs,1138,80,48,63,82,37,34,33,10,32,3,39,20,46,24,88,1
random_eq,srs,1139,100,61,69,91,13,4,82,56,64,20,80,7,42,30,79,35
random_eq,srs,1140,5,1,95,20,27,67,21,46,14,48,57,91,29,78,34,76
random_eq,srs,1141,95,100,72,63,51,3,26,75,86,38,60,14,79,77,36,22
random_eq,srs,1142,81,45,23,26,83,66,52,76,74,89,53,57,25,87,46,64
random_eq,srs,1143,14,12,24,40,80,2,71,99,98,62,45,46,55,41,73,50
random_eq,srs,1144,64,37,84,4,45,6,36,50,81,59,21,75,69,26,32,74
random_eq,srs,1145,78,99,23,30,49,32,65,44,71,88,38,43,69,35,82,79
random_eq,srs,1146,99,6,42,22,93,79,86,98,81,78,3,63,72,1,65,92
random_eq,srs,1147,93,11,44,84,82,95,41,81,49,17,79,43,56,25,52,14
random_eq,srs,1148,61,58,55,31,45,29,40,68,65,27,15,23,70,47,76,22
random_eq,srs,1149,54,25,40,57,48,5,41,12,37,22,38,61,18,100,83,3
random_eq,srs,1150,19,1,77,89,4,30,11,65,83,79,68,37,58,52,12,91
random_eq,srs,1151,29,100,47,95,79,82,60,52,2,26,98,39,56,9,70,41
random_eq,srs,1152,98,81,36,79,59,39,78,16,82,10,19,85,23,37,48,89
random_eq,srs,1153,87,33,95,88,24,41,59,8,3,83,73,13,18,46,1,19
random_eq,srs,1154,11,25,50,32,59,33,39,29,98,56,14,99,40,80,37,75
random_eq,srs,1155,1,19,55,35,89,28,56,11,95,65,44,34,76,78,63,25
random_eq,srs,1156,64,17,14,24,97,59,30,65,2,40,20,11,3,82,68,18
random_eq,srs,1157,68,31,99,84,57,41,1,34,23,48,100,44,70,2,71,97
random_eq,srs,1158,26,72,79,65,19,53,49,43,57,28,24,25,47,2,48,73
random_eq,srs,1159,75,8,17,67,11,39,80,55,15,35,20,45,83,32,85,25
random_eq,srs,1160,9,27,77,46,89,47,30,38,2,52,26,49,42,37,96,22
random_eq,srs,1161,4,84,49,72,80,14,73,92,59,34,13,99,53,55,65,76
random_eq,srs,1162,82,17,15,64,89,52,47,39,66,62,40,56,68,1,72,48
random_eq,srs,1163,28,14,87,91,82,55,44,80,40,72,27,8,75,52,62,83
random_eq,srs,1164,44,10,46,13,28,21,34,49,1,25,40,91,80,59,81,2
random_eq,srs,1165,92,49,97,88,80,6,75,7,56,87,17,59,86,65,55,54
random_eq,srs,1166,76,70,40,10,74,81,42,28,53,19,14,100,51,43,68,30
random_eq,srs,1167,24,3,67,94,70,9,90,85,15,28,22,7,33,45,60,55
random_eq,srs,1168,62,30,11,18,80,10,81,56,5,31,94,58,35,79,92,70
random_eq,srs,1169,89,5,3,76,9,95,99,21,61,63,44,51,57,92,70,1
random_eq,srs,1170,9,88,18,80,95,87,65,79,94,89,22,6,39,54,14,29
random_eq,srs,1171,14,29,5,82,67,57,95,62,2,96,54,86,74,8,59,39
random_eq,srs,1172,19,53,33,2,57,28,17,89,64,36,74,80,31,82,20,14
random_eq,srs,1173,76,91,20,5,14,19,62,90,80,75,73,33,77,87,31,57
random_eq,srs,1174,63,77,87,67,96,20,51,56,86,74,49,48,27,64,23,45
random_eq,srs,1175,59,43,53,78,42,37,25,17,23,45,64,7,69,34,29,20
random_eq,srs,1176,87,94,2,61,30,5,75,73,10,65,36,60,68,50,99,97
random_eq,srs,1177,6,27,63,26,31,98,11,13,93,91,2,49,58,100,81,56
random_eq,srs,1178,90,13,27,21,60,46,47,81,1,67,25,91,44,98,69,100
random_eq,srs,1179,33,77,92,97,10,59,11,23,89,38,96,16,94,71,6,60
random_eq,srs,1180,12,33,13,84,7,9,77,40,91,96,31,90,92,35,87,14
random_eq,srs,1181,100,73,7,36,97,15,48,75,12,81,60,22,87,25,85,11
random_eq,srs,1182,86,19,76,88,47,38,4,74,81,8,82,97,36,87,6,56
random_eq,srs,1183,44,66,35,76,15,9,12,95,87,51,42,39,64,60,62,16
random_eq,srs,1184,70,96,83,17,26,64,79,15,20,84,99,61,33,37,4,5
random_eq,srs,1185,76,48,12,15,94,83,77,6,78,88,22,87,21,55,71,40
random_eq,srs,1186,56,29,65,10,20,42,67,43,5,77,69,95,72,82,70,45
random_eq,srs,1187,64,52,62,86,20,68,80,97,50,84,37,14,31,93,3,63
random_eq,srs,1188,28,69,92,46,57,90,7,77,11,73,56,53,100,64,24,4
random_eq,srs,1189,74,38,17,72,61,5,59,62,71,93,13,41,91,76,98,60
random_eq,srs,1190,51,55,82,2,69,6,47,70,7,40,96,97,90,12,21,68
random_eq,srs,1191,94,31,40,14,98,53,30,75,96,25,58,7,67,41,91,4
random_eq,srs,1192,1,15,91,69,51,8,41,28,27,52,60,94,80,74,83,89
random_eq,srs,1193,70,68,15,49,57,23,92,58,41,81,93,6,77,4,56,78
random_eq,srs,1194,52,91,74,21,11,76,10,33,44,29,35,7,84,18,28,79
random_eq,srs,1195,22,78,66,23,25,32,39,80,41,6,1,62,63,45,42,98
random_eq,srs,1196,10,79,38,1,40,33,58,43,61,3,74,89,15,94,9,46
random_eq,srs,1197,75,89,94,43,54,45,23,33,77,59,85,1,63,10,38,18
random_eq,srs,1198,11,20,96,39,49,40,2,56,6,95,45,61,69,72,92,50
random_eq,srs,1199,71,68,7,39,5,8,44,43,17,6,62,10,37,35,11,28
random_eq,srs,1200,41,35,69,32,24,26,4,91,2,28,30,43,59,78,62,64
random_eq,srs,1201,27,66,56,79,47,71,5,73,18,69,7,8,75,54,38,76
random_eq,srs,1202,78,27,51,9,7,86,62,30,75,76,13,29,64,36,16,92
random_eq,srs,1203,12,24,30,21,88,5,31,92,93,35,17,7,61,1,14,28
random_eq,srs,1204,85,15,30,65,57,74,99,83,78,98,33,2,49,5,82,6
random_eq,srs,1205,11,98,96,58,85,77,40,33,57,74,72,32,14,15,56,28
random_eq,srs,1206,60,81,45,2,33,57,22,93,99,3,37,19,64,9,44,56
random_eq,srs,1207,24,31,62,54,13,71,80,4,44,95,74,9,96,42,77,35
random_eq,srs,1208,63,60,8,33,49,62,78,100,72,14,87,94,1,74,12,7
random_eq,srs,1209,35,79,50,36,31,98,59,20,75,15,18,8,1,68,49,17
random_eq,srs,1210,46,42,5,91,97,40,79,75,10,7,49,70,52,18,38,33
random_eq,srs,1211,40,56,50,77,30,32,44,20,85,52,64,68,75,13,73,99
random_eq,srs,1212,58,26,75,84,18,3,88,96,9,98,83,92,85,39,37,16
random_eq,srs,1213,80,29,49,20,15,95,30,90,27,53,3,44,78,37,33,23
random_eq,srs,1214,8,11,44,13,45,65,33,72,5,92,38,81,74,75,2,61
random_eq,srs,1215,75,39,54,25,85,6,100,55,96,31,44,67,95,63,37,16
random_eq,srs,1216,58,94,2,56,38,95,57,24,5,43,73,30,60,87,18,20
random_eq,srs,1217,86,19,65,6,95,52,82,100,38,91,18,20,35,83,42,97
random_eq,srs,1218,51,86,43,4,89,60,22,85,20,17,31,68,28,5,44,48
random_eq,srs,1219,61,30,66,83,37,57,67,72,19,68,46,25,34,6,18,52
random_eq,srs,1220,86,16,13,18,53,79,74,11,39,48,32,3,27,2,100,83
random_eq,srs,1221,21,87,70,80,74,81,49,35,93,16,64,4,75,46,22,69
random_eq,srs,1222,81,50,70,97,33,86,2,34,16,1,71,18,96,64,31,13
random_eq,srs,1223,27,86,99,12,55,7,2,92,54,33,59,88,63,29,56,40
random_eq,srs,1224,12,89,28,37,29,72,47,2,5,100,27,1,80,78,26,39
random_eq,srs,1225,32,57,77,60,23,65,9,91,85,78,7,74,80,37,52,27
random_eq,srs,1226,47,48,70,88,9,1,79,45,50,57,34,92,33,95,38,3
random_eq,srs,1227,25,35,93,96,38,68,55,53,84,85,40,19,27,99,8,22
random_eq,srs,1228,98,21,47,36,99,27,59,39,83,49,72,28,76,57,75,14
random_eq,srs,1229,26,47,61,32,73,54,21,41,91,10,88,100,90,69,75,4
random_eq,srs,1230,50,55,8,56,71,26,44,91,42,12,95,28,58,62,75,21
random_eq,srs,1231,27,24,70,29,73,17,63,98,93,54,88,16,84,78,44,57
random_eq,srs,1232,62,64,9,37,48,32,33,72,28,57,40,6,25,91,77,67
random_eq,srs,1233,4,64,79,51,36,26,62,24,5,87,39,42,56,45,28,46
random_eq,srs,1234,5,69,90,18,45,52,20,47,98,27,86,57,38,63,77,4
random_eq,srs,1235,40,100,63,80,3,9,60,57,82,46,98,6,70,7,41,17
random_eq,srs,1236,54,49,68,13,34,20,29,70,21,90,52,97,76,60,84,71
random_eq,srs,1237,75,3,94,20,19,68,98,65,76,69,7,100,23,93,56,5
random_eq,srs,1238,18,60,78,67,84,15,45,88,58,39,96,62,99,50,83,9
random_eq,srs,1239,36,41,6,12,37,31,63,8,61,94,20,72,64,24,25,98
random_eq,srs,1240,56,44,85,61,89,37,87,7,24,72,77,55,2,73,71,95
random_eq,srs,1241,28,11,38,24,92,56,52,20,67,57,84,9,58,80,99,63
random_eq,srs,1242,51,43,31,7,90,82,64,16,99,72,8,6,44,83,37,20
random_eq,srs,1243,80,19,54,3,99,87,58,47,36,85,35,53,79,29,25,20
random_eq,srs,1244,21,87,28,80,89,53,88,3,27,24,42,94,26,55,66,50
random_eq,srs,1245,81,77,10,46,57,69,24,98,27,58,15,59,37,16,40,50
random_eq,srs,1246,73,65,14,3,12,11,42,9,13,32,4,23,35,33,47,18
random_eq,srs,1247,94,36,1,6,10,50,73,69,68,3,5,39,26,91,66,92
random_eq,srs,1248,28,33,9,36,12,30,98,1,77,80,72,46,22,11,3,57
random_eq,srs,1249,14,55,41,77,89,49,87,45,1,75,6,84,8,24,15,4
random_eq,srs,1250,1,56,82,25,49,100,29,20,24,34,37,97,98,18,61,55
random_eq,srs,1251,51,65,64,20,62,95,7,16,17,93,53,6,28,34,57,22
random_eq,srs,1252,2,47,87,28,36,84,31,24,43,44,81,90,9,18,53,83
random_eq,srs,1253,66,2,9,43,3,21,32,96,72,89,93,24,81,20,11,94
random_eq,srs,1254,54,96,31,47,46,7,21,28,30,93,33,24,89,95,65,70
random_eq,srs,1255,90,12,59,10,47,84,66,20,24,50,52,72,76,100,19,81
random_eq,srs,1256,74,93,41,4,14,21,83,62,24,53,79,32,44,82,19,49
random_eq,srs,1257,87,68,89,53,59,15,42,84,4,70,16,85,37,83,51,66
random_eq,srs,1258,17,66,41,95,90,40,74,65,35,73,75,77,64,46,72,2
random_eq,srs,1259,94,9,60,100,62,69,7,93,21,87,6,73,70,61,48,53
random_eq,srs,1260,32,5,53,30,61,68,93,28,87,51,59,78,23,97,79,41
random_eq,srs,1261,57,86,89,80,83,68,22,77,38,13,37,54,94,97,41,23
random_eq,srs,1262,73,81,34,95,46,23,96,94,41,53,85,31,12,54,87,15
random_eq,srs,1263,82,98,12,37,10,40,9,62,41,20,51,8,88,87,80,94
random_eq,srs,1264,78,4,53,28,40,16,63,98,83,93,94,7,71,1,80,18
random_eq,srs,1265,91,59,86,5,15,3,88,82,30,66,100,75,76,99,32,48
random_eq,srs,1266,96,5,23,34,83,3,30,26,15,73,6,57,9,93,79,24
random_eq,srs,1267,65,76,60,64,35,42,49,40,48,12,68,47,19,44,21,31
random_eq,srs,1268,49,89,47,15,66,77,33,83,30,32,98,61,43,1,41,18
random_eq,srs,1269,8,47,20,79,88,94,61,12,14,7,31,87,93,13,42,57
random_eq,srs,1270,100,98,7,56,46,37,58,27,94,91,99,20,90,64,2,47
random_eq,srs,1271,52,29,3,71,13,72,2,84,62,54,4,69,18,86,31,64
random_eq,srs,1272,19,99,21,74,47,31,100,70,23,2,79,9,4,86,61,84
random_eq,srs,1273,21,24,37,2,75,27,85,95,40,92,44,59,17,4,98,79
random_eq,srs,1274,57,61,76,48,41,4,37,71,52,65,34,79,84,16,5,80
random_eq,srs,1275,99,72,74,56,37,64,47,33,30,34,44,96,22,8,82,78
random_eq,srs,1276,63,11,1,68,84,29,39,16,31,58,55,2,12,8,80,83
random_eq,srs,1277,33,78,19,48,68,70,82,29,15,23,64,69,74,87,59,96
random_eq,srs,1278,87,84,69,15,46,54,98,86,19,35,10,26,12,6,88,92
random_eq,srs,1279,76,64,82,13,25,34,4,32,78,98,50,61,53,35,56,54
random_eq,srs,1280,39,91,72,8,12,43,52,48,56,62,59,32,10,9,81,3
random_eq,srs,1281,58,80,47,4,8,89,34,84,19,30,64,95,63,81,42,82
random_eq,srs,1282,95,21,72,49,18,58,78,24,94,47,98,43,82,37,4,39
random_eq,srs,1283,39,98,34,42,64,21,1,8,65,70,43,73,29,67,22,46
random_eq,srs,1284,55,21,17,81,16,39,85,38,51,29,56,6,23,41,7,57
random_eq,srs,1285,51,82,50,84,39,81,36,58,1,75,60,66,17,23,88,94
random_eq,srs,1286,56,44,20,51,85,2,6,52,36,28,41,24,31,11,22,4
random_eq,srs,1287,2,17,59,97,94,45,16,23,62,13,32,21,73,42,10,24
random_eq,srs,1288,11,38,46,70,6,27,88,69,68,62,43,19,64,86,14,3
random_eq,srs,1289,55,38,45,10,91,42,46,22,92,7,2,27,18,93,12,8
random_eq,srs,1290,52,99,61,25,43,49,55,71,91,83,96,4,76,47,45,24
random_eq,srs,1291,97,36,27,1,59,19,79,26,47,88,3,77,94,49,24,60
random_eq,srs,1292,47,15,24,76,80,41,94,86,88,20,31,100,1,51,85,30
random_eq,srs,1293,72,55,28,59,53,36,75,56,78,86,96,87,89,51,100,48
random_eq,srs,1294,80,6,9,85,84,37,67,35,4,63,29,38,54,92,89,23
random_eq,srs,1295,38,89,97,21,23,79,26,51,63,70,52,66,19,27,62,91
random_eq,srs,1296,56,20,37,77,68,7,98,47,67,89,72,50,30,88,93,71
random_eq,srs,1297,33,98,90,12,94,57,22,32,76,55,73,11,45,3,87,82
random_eq,srs,1298,56,85,49,16,26,9,10,66,46,21,24,72,74,61,41,88
random_eq,srs,1299,48,25,60,92,94,71,57,52,53,64,2,98,72,56,97,11
random_eq,srs,1300,1,49,76,51,97,67,35,9,59,71,96,32,23,68,25,31
random_eq,srs,1301,59,46,72,88,4,18,86,78,3,94,50,90,57,33,24,20
random_eq,srs,1302,77,9,86,52,60,72,64,61,89,56,94,17,65,29,84,24
random_eq,srs,1303,81,79,45,3,100,47,48,15,69,83,12,58,19,1,28,38
random_eq,srs,1304,58,44,54,31,23,17,79,50,12,46,53,69,72,47,65,45
random_eq,srs,1305,5,20,67,93,80,43,69,98,25,15,31,76,73,72,97,11
random_eq,srs,1306,52,71,28,20,42,90,56,68,89,17,94,93,66,100,59,78
random_eq,srs,1307,23,75,31,83,84,35,59,38,54,19,82,64,9,15,51,25
random_eq,srs,1308,30,55,63,100,44,79,64,17,82,42,98,57,3,51,21,11
random_eq,srs,1309,97,65,25,36,27,70,31,24,79,94,19,1,87,81,6,53
random_eq,srs,1310,43,85,70,60,67,40,33,12,37,65,73,54,88,45,11,91
random_eq,srs,1311,45,42,67,7,20,9,100,84,46,32,74,40,66,81,14,89
random_eq,srs,1312,22,45,5,54,49,21,81,82,65,1,80,30,15,19,37,98
random_eq,srs,1313,52,95,64,74,69,2,43,4,45,80,62,91,58,39,34,51
random_eq,srs,1314,21,68,36,26,79,11,8,3,23,92,56,43,84,51,49,72
random_eq,srs,1315,73,58,52,80,50,97,19,87,42,48,60,92,31,78,47,90
random_eq,srs,1316,6,4,76,88,8,56,84,47,68,86,20,54,18,49,43,41
random_eq,srs,1317,10,85,48,33,32,1,96,47,24,50,13,17,83,93,4,97
random_eq,srs,1318,75,44,12,91,20,50,2,89,43,97,83,4,35,68,38,63
random_eq,srs,1319,49,73,28,96,91,45,35,41,100,80,36,27,42,92,98,39
random_eq,srs,1320,22,2,37,11,68,77,45,91,70,49,92,98,64,63,62,33
random_eq,srs,1321,59,40,3,70,23,27,69,20,66,13,93,50,4,55,28,21
random_eq,srs,1322,55,90,87,80,97,4,9,99,37,79,64,23,61,56,29,36
random_eq,srs,1323,99,88,83,36,21,82,98,95,15,44,25,93,64,74,68,49
random_eq,srs,1324,14,87,1,12,38,77,73,26,91,75,76,80,99,70,63,89
random_eq,srs,1325,34,22,64,78,79,11,3,92,56,57,81,97,55,59,91,24
random_eq,srs,1326,86,34,60,90,80,75,63,43,79,76,54,14,99,17,70,65
random_eq,srs,1327,68,42,21,85,43,56,77,33,50,73,74,97,58,28,100,39
random_eq,srs,1328,14,97,80,60,90,13,2,22,43,47,21,76,10,35,95,41
random_eq,srs,1329,62,65,63,69,83,16,28,46,37,85,31,44,21,93,23,27
random_eq,srs,1330,28,23,75,60,73,58,83,52,45,16,22,41,25,15,69,42
random_eq,srs,1331,95,96,6,15,81,66,7,83,19,65,1,70,79,63,85,72
random_eq,srs,1332,31,7,53,17,83,5,36,95,100,79,47,37,43,2,82,70
random_eq,srs,1333,46,66,11,25,76,41,50,97,63,8,44,14,19,67,48,3
random_eq,srs,1334,65,71,64,60,63,50,7,84,62,29,2,38,5,33,12,28
random_eq,srs,1335,46,89,2,9,39,37,54,30,99,5,44,10,77,51,45,57
random_eq,srs,1336,58,31,78,69,42,12,55,75,48,19,96,32,16,4,25,33
random_eq,srs,1337,20,96,32,76,35,58,11,53,77,61,29,86,28,79,51,9
random_eq,srs,1338,50,49,40,38,13,42,20,94,21,15,33,12,59,52,4,43
random_eq,srs,1339,6,3,19,25,12,49,80,78,36,1,89,53,64,63,50,92
random_eq,srs,1340,84,12,45,11,85,58,56,15,26,9,30,37,93,63,77,46
random_eq,srs,1341,33,60,79,49,68,22,34,15,9,40,84,45,38,54,19,91
random_eq,srs,1342,72,16,25,44,80,91,15,39,65,45,66,4,52,40,2,78
random_eq,srs,1343,77,44,15,93,82,54,45,12,49,63,57,24,92,55,68,75
random_eq,srs,1344,43,75,35,51,17,100,90,66,69,91,34,16,96,47,73,3
random_eq,srs,1345,69,90,36,20,13,52,88,38,92,42,26,57,30,78,91,64
random_eq,srs,1346,78,44,9,18,87,50,91,48,58,15,39,36,20,60,92,98
random_eq,srs,1347,81,3,27,94,59,44,63,38,73,90,89,85,68,39,34,40
random_eq,srs,1348,13,85,32,49,44,41,96,79,2,25,14,21,72,93,87,38
random_eq,srs,1349,63,20,72,23,33,88,68,50,65,1,34,28,94,70,45,19
random_eq,srs,1350,42,71,65,62,13,82,98,18,92,91,53,33,15,39,26,45
random_eq,srs,1351,77,11,68,43,7,98,80,14,9,87,3,72,57,94,18,67
random_eq,srs,1352,64,52,79,19,58,82,99,8,48,92,35,20,14,11,85,26
random_eq,srs,1353,90,79,39,48,98,72,51,62,6,28,88,38,61,56,26,19
random_eq,srs,1354,27,49,39,100,86,21,71,36,80,63,13,54,53,64,41,92
random_eq,srs,1355,87,79,89,47,29,53,15,54,88,11,7,38,85,82,97,64
random_eq,srs,1356,1,82,50,97,54,68,63,9,65,20,32,28,77,12,55,83
random_eq,srs,1357,74,13,9,19,25,68,49,48,73,24,63,20,54,95,8,86
random_eq,srs,1358,4,15,86,35,96,87,71,47,27,75,58,79,46,48,8,56
random_eq,srs,1359,18,34,12,100,56,22,19,83,45,92,44,17,73,28,91,41
random_eq,srs,1360,28,85,57,93,59,86,20,44,49,3,97,81,36,99,6,53
random_eq,srs,1361,59,84,6,96,71,18,68,32,50,26,61,73,60,92,100,77
random_eq,srs,1362,38,71,44,96,93,85,27,29,94,11,72,84,67,53,4,8
random_eq,srs,1363,60,48,29,41,1,62,68,45,76,56,78,24,14,51,20,18
random_eq,srs,1364,34,60,77,85,95,16,97,83,84,26,74,23,81,86,58,37
random_eq,srs,1365,14,67,34,30,87,44,39,23,32,92,90,91,73,96,100,84
random_eq,srs,1366,3,71,99,29,79,97,9,11,59,70,83,27,87,34,5,78
random_eq,srs,1367,84,1,4,59,80,56,62,32,39,3,87,71,81,68,40,52
random_eq,srs,1368,8,97,85,71,9,17,21,55,16,98,1,70,46,20,77,33
random_eq,srs,1369,55,64,96,66,82,49,46,7,10,28,40,86,26,21,43,59
random_eq,srs,1370,29,50,39,89,97,85,67,32,4,63,46,45,31,88,44,91
random_eq,srs,1371,78,37,77,80,57,64,48,66,9,24,26,73,68,31,62,98
random_eq,srs,1372,50,97,15,43,29,65,76,58,91,93,81,75,26,31,66,28
random_eq,srs,1373,71,62,21,91,20,92,95,30,9,19,97,56,73,78,51,8
random_eq,srs,1374,30,72,35,10,5,18,99,48,41,12,9,94,87,40,33,70
random_eq,srs,1375,29,76,83,68,79,15,25,34,64,87,72,16,21,28,13,98
random_eq,srs,1376,58,35,80,56,60,48,16,75,94,24,50,15,36,77,2,38
random_eq,srs,1377,14,28,55,84,19,37,65,29,82,20,66,62,67,76,39,40
random_eq,srs,1378,7,45,47,33,26,5,29,70,83,57,12,60,20,99,68,35
random_eq,srs,1379,20,63,33,11,12,39,89,98,36,83,14,43,58,77,28,97
random_eq,srs,1380,29,46,79,92,83,41,34,4,27,15,17,51,97,75,58,48
random_eq,srs,1381,60,68,79,73,16,95,49,7,82,33,5,56,85,97,84,19
random_eq,srs,1382,58,48,47,66,88,68,24,21,14,73,53,28,84,41,95,70
random_eq,srs,1383,20,14,100,75,22,63,9,44,74,5,40,19,59,41,31,96
random_eq,srs,1384,97,70,74,47,32,88,84,8,11,43,39,58,91,42,77,20
random_eq,srs,1385,67,23,7,85,79,96,24,26,16,78,35,20,6,84,45,63
random_eq,srs,1386,29,7,26,9,28,2,39,83,51,34,42,46,14,50,1,79
random_eq,srs,1387,56,67,6,91,92,28,83,35,54,47,98,44,45,73,75,36
random_eq,srs,1388,7,46,16,2,58,66,19,32,82,14,11,28,36,41,56,96
random_eq,srs,1389,95,12,9,27,90,72,61,67,50,19,74,52,82,28,71,3
random_eq,srs,1390,35,69,84,58,28,18,81,95,13,92,54,47,56,32,93,36
random_eq,srs,1391,10,56,66,45,35,9,40,63,58,85,64,44,51,54,6,71
random_eq,srs,1392,88,98,10,47,78,64,63,45,2,29,4,65,54,58,100,46
random_eq,srs,1393,76,10,49,41,89,37,57,78,23,68,19,80,25,45,83,2
random_eq,srs,1394,79,25,27,100,75,84,99,94,86,24,22,90,51,87,6,76
random_eq,srs,1395,9,47,82,14,5,81,88,86,16,22,99,68,2,90,85,55
random_eq,srs,1396,51,65,62,53,14,85,5,3,17,37,64,47,88,13,63,70
random_eq,srs,1397,91,19,49,25,37,93,31,30,51,68,90,54,47,41,39,23
random_eq,srs,1398,44,90,89,78,20,15,70,81,43,63,100,71,40,80,33,75
random_eq,srs,1399,24,32,22,52,28,64,40,2,56,83,49,66,91,12,19,96
random_eq,srs,1400,94,69,78,84,37,22,33,26,90,17,27,74,4,21,38,63
random_eq,srs,1401,27,94,99,86,66,13,12,59,17,26,85,74,48,32,55,82
random_eq,srs,1402,15,25,56,8,86,100,82,92,19,23,30,43,53,75,13,18
random_eq,srs,1403,43,98,67,8,13,38,64,48,93,17,9,57,5,50,54,29
random_eq,srs,1404,77,94,100,86,60,11,34,17,83,91,47,53,16,4,20,49
random_eq,srs,1405,90,2,75,11,7,66,97,45,21,34,70,84,24,63,87,55
random_eq,srs,1406,53,52,11,65,9,1,24,89,66,36,18,95,62,40,73,56
random_eq,srs,1407,11,46,4,6,51,49,42,50,35,90,24,44,100,26,62,10
random_eq,srs,1408,56,34,42,37,93,51,91,52,76,27,98,2,90,79,75,82
random_eq,srs,1409,99,16,19,11,9,55,31,84,54,68,43,48,18,46,5,74
random_eq,srs,1410,55,97,90,18,38,15,23,42,98,28,63,88,57,6,40,19
random_eq,srs,1411,89,94,28,80,16,55,39,23,17,37,100,58,49,4,91,3
random_eq,srs,1412,70,3,80,58,32,54,8,73,66,33,98,96,15,56,85,59
random_eq,srs,1413,3,44,38,87,16,39,9,45,1,48,55,56,72,31,66,99
random_eq,srs,1414,72,90,21,38,59,99,61,16,75,78,28,4,65,63,100,91
random_eq,srs,1415,83,70,57,49,77,51,71,2,47,17,89,98,42,1,99,73
random_eq,srs,1416,91,50,84,65,21,38,51,55,54,28,95,61,45,19,88,4
random_eq,srs,1417,11,38,4,47,32,88,71,37,63,68,20,82,33,60,74,29
random_eq,srs,1418,45,53,89,75,19,81,99,33,43,24,58,67,27,64,39,73
random_eq,srs,1419,8,13,83,71,73,28,95,38,29,37,69,57,91,7,6,11
random_eq,srs,1420,11,5,9,59,62,52,81,65,98,89,7,42,41,30,50,75
random_eq,srs,1421,68,10,93,42,43,27,1,96,97,3,83,62,88,99,38,32
random_eq,srs,1422,13,24,37,39,22,38,94,52,75,51,79,11,59,4,8,21
random_eq,srs,1423,23,26,75,30,36,43,19,44,73,18,96,34,11,1,66,67
random_eq,srs,1424,70,33,14,1,66,29,9,56,78,35,19,27,86,87,51,88
random_eq,srs,1425,52,94,21,87,42,64,86,35,100,63,24,38,29,54,79,69
random_eq,srs,1426,42,55,75,91,83,44,20,95,92,41,27,71,74,37,35,73
random_eq,srs,1427,75,19,22,98,61,62,54,37,7,95,64,79,6,65,80,87
random_eq,srs,1428,28,64,92,51,99,75,73,7,39,27,50,76,96,95,31,9
random_eq,srs,1429,92,43,24,91,21,3,74,30,18,26,89,45,90,97,25,50
random_eq,srs,1430,8,95,48,49,47,2,100,77,43,35,98,33,37,17,4,80
random_eq,srs,1431,93,80,76,100,81,4,20,66,71,18,92,42,62,87,88,8
random_eq,srs,1432,33,40,17,16,7,18,81,11,83,15,64,41,22,74,90,21
random_eq,srs,1433,21,1,12,34,33,30,11,68,55,35,50,63,84,92,6,25
random_eq,srs,1434,17,20,37,88,97,33,82,94,39,36,83,70,64,56,12,11
random_eq,srs,1435,28,49,91,82,99,13,12,24,43,35,98,31,71,95,73,11
random_eq,srs,1436,61,68,53,8,21,31,73,92,86,1,28,95,47,71,93,18
random_eq,srs,1437,62,74,55,2,1,10,32,69,72,45,79,27,60,95,98,37
random_eq,srs,1438,18,35,34,91,61,74,27,92,29,4,72,83,76,37,14,70
random_eq,srs,1439,95,84,64,88,32,12,18,81,77,33,7,49,96,51,89,58
random_eq,srs,1440,54,16,21,55,12,38,37,2,56,59,26,75,47,89,65,62
random_eq,srs,1441,75,99,92,27,8,69,1,55,2,82,45,35,87,11,53,51
random_eq,srs,1442,82,61,86,11,70,87,29,9,17,34,3,38,15,37,56,65
random_eq,srs,1443,83,99,100,56,52,62,25,86,94,22,36,28,91,29,75,15
random_eq,srs,1444,31,15,42,52,21,46,43,61,36,47,9,40,90,30,80,19
random_eq,srs,1445,44,90,11,5,81,45,14,17,46,74,10,22,96,24,32,100
random_eq,srs,1446,88,99,59,13,93,66,19,67,96,55,95,43,27,52,50,34
random_eq,srs,1447,24,52,61,76,35,89,74,65,32,69,20,86,18,85,49,80
random_eq,srs,1448,20,53,94,39,80,90,60,17,24,43,2,22,84,95,83,97
random_eq,srs,1449,48,74,38,14,4,43,53,21,19,5,8,65,91,51,42,78
random_eq,srs,1450,63,25,80,20,26,52,17,32,100,89,61,97,83,62,15,43
random_eq,srs,1451,40,71,87,13,2,57,39,81,56,9,96,3,43,70,4,98
random_eq,srs,1452,19,82,92,52,29,70,56,51,96,38,16,84,45,28,69,53
random_eq,srs,1453,65,41,31,40,67,47,75,54,93,12,100,29,55,21,20,71
random_eq,srs,1454,56,37,53,30,87,16,40,33,25,6,60,49,62,3,81,90
random_eq,srs,1455,61,97,8,53,100,95,25,3,83,51,99,20,28,73,81,87
random_eq,srs,1456,99,67,23,21,96,46,53,93,62,4,11,1,34,87,26,7
random_eq,srs,1457,74,43,59,13,68,73,19,50,29,49,15,89,100,3,21,53
random_eq,srs,1458,30,6,18,79,68,14,23,29,90,56,63,53,82,61,71,24
random_eq,srs,1459,13,5,74,92,47,3,66,94,26,11,96,68,39,65,19,34
random_eq,srs,1460,13,98,36,1,33,27,49,70,86,76,42,31,51,44,63,5
random_eq,srs,1461,36,87,55,54,24,23,60,62,58,2,64,77,63,11,95,41
random_eq,srs,1462,88,23,29,17,27,59,63,32,98,85,77,79,62,6,68,9
random_eq,srs,1463,61,100,49,3,50,52,68,31,63,58,43,89,11,64,94,13
random_eq,srs,1464,71,29,96,55,94,9,93,36,5,41,50,2,6,25,73,84
random_eq,srs,1465,97,38,94,80,22,23,19,81,15,96,57,91,2,67,40,47
random_eq,srs,1466,93,9,89,100,72,2,55,34,49,33,17,62,21,86,96,28
random_eq,srs,1467,69,42,65,58,86,74,96,61,1,94,50,36,39,12,35,33
random_eq,srs,1468,32,25,9,74,15,86,10,79,65,53,73,31,18,7,34,77
random_eq,srs,1469,24,25,49,91,15,26,42,69,89,67,66,27,78,1,38,19
random_eq,srs,1470,37,50,49,76,31,85,88,47,94,23,79,53,54,63,39,12
random_eq,srs,1471,23,49,66,100,63,37,71,19,78,48,76,90,18,16,91,46
random_eq,srs,1472,48,74,98,10,32,89,45,94,69,23,42,92,51,8,71,84
random_eq,srs,1473,20,31,55,6,72,59,33,86,21,47,3,73,98,70,39,38
random_eq,srs,1474,60,24,59,79,41,48,58,42,4,1,90,87,5,3,91,28
random_eq,srs,1475,71,75,96,90,34,97,48,99,26,61,58,13,3,64,2,47
random_eq,srs,1476,9,75,60,48,37,70,42,31,88,36,41,85,29,64,19,92
random_eq,srs,1477,54,99,74,51,15,63,77,39,23,93,82,46,72,81,78,84
random_eq,srs,1478,38,58,80,33,22,94,63,92,67,66,41,45,78,24,62,48
random_eq,srs,1479,58,88,55,65,81,66,73,75,96,72,64,48,90,7,27,46
random_eq,srs,1480,8,75,33,78,56,67,71,42,83,100,61,53,14,31,17,36
random_eq,srs,1481,56,70,66,62,65,16,91,71,47,67,45,37,14,2,3,75
random_eq,srs,1482,92,66,51,77,61,84,71,10,95,26,21,67,96,49,7,4
random_eq,srs,1483,45,81,78,87,62,58,57,47,34,35,60,68,26,84,77,5
random_eq,srs,1484,62,35,31,67,100,14,45,16,52,11,28,49,90,34,27,15
random_eq,srs,1485,5,25,100,34,27,94,6,33,69,14,3,59,87,29,8,9
random_eq,srs,1486,66,46,74,93,49,9,69,53,65,1,6,38,61,32,19,58
random_eq,srs,1487,12,16,38,41,68,43,28,66,27,87,95,32,72,81,4,90
random_eq,srs,1488,25,63,17,81,8,73,18,66,67,58,56,94,64,40,85,83
random_eq,srs,1489,76,74,26,1,3,84,52,86,62,100,82,57,7,85,21,14
random_eq,srs,1490,64,47,32,94,71,73,33,42,67,53,22,72,26,50,17,36
random_eq,srs,1491,29,34,48,63,55,85,58,3,24,91,25,27,78,38,66,17
random_eq,srs,1492,75,45,39,25,72,34,74,98,86,21,76,9,18,42,36,61
random_eq,srs,1493,77,63,78,72,15,69,17,44,28,29,54,53,95,75,52,14
random_eq,srs,1494,49,18,37,11,12,33,60,67,14,28,80,29,42,89,98,97
random_eq,srs,1495,90,25,19,5,48,92,11,24,47,51,14,68,26,30,23,95
random_eq,srs,1496,5,100,9,76,19,75,80,14,64,60,40,45,61,31,47,24
random_eq,srs,1497,31,48,97,78,44,35,93,92,76,33,98,87,68,27,84,56
random_eq,srs,1498,23,36,74,99,30,53,62,35,13,97,90,63,87,17,21,72
random_eq,srs,1499,98,52,57,75,9,45,79,7,61,88,90,94,66,16,11,2
random_eq,srs,1500,56,55,65,57,22,80,70,51,95,38,45,6,24,44,84,42
random_eq,srs,1501,60,84,39,37,26,40,78,55,38,4,45,88,57,93,48,35
random_eq,srs,1502,83,18,66,46,11,51,38,68,100,35,93,17,16,45,31,70
random_eq,srs,1503,90,55,69,32,26,19,22,7,47,11,80,14,9,92,50,82
random_eq,srs,1504,43,84,53,18,28,55,52,92,44,76,99,79,48,37,2,33
random_eq,srs,1505,94,15,89,49,99,95,76,53,27,6,39,70,52,62,56,43
random_eq,srs,1506,80,73,60,63,88,17,35,69,36,98,24,100,51,52,47,44
random_eq,srs,1507,4,73,95,21,44,2,61,70,100,11,47,7,72,54,51,5
random_eq,srs,1508,15,63,12,69,70,29,50,1,43,23,32,37,5,72,87,40
random_eq,srs,1509,81,36,58,96,85,71,13,94,92,44,95,74,78,56,22,27
random_eq,srs,1510,6,71,2,95,97,8,66,75,70,99,1,14,46,56,77,13
random_eq,srs,1511,31,21,10,66,34,73,24,48,96,84,83,28,9,61,42,26
random_eq,srs,1512,100,49,67,45,5,55,13,76,51,60,87,35,64,20,37,25
random_eq,srs,1513,36,11,69,98,22,47,59,15,94,76,82,79,12,85,75,31
random_eq,srs,1514,70,60,71,59,39,38,20,46,85,63,1,96,78,28,75,83
random_eq,srs,1515,68,42,82,27,60,48,7,38,75,71,2,44,91,15,24,18
random_eq,srs,1516,35,70,32,98,37,88,65,54,6,97,38,91,42,24,67,50
random_eq,srs,1517,98,51,67,26,96,63,25,93,47,58,70,78,36,2,76,6
random_eq,srs,1518,32,3,96,76,61,23,7,16,53,45,35,20,86,72,22,89
random_eq,srs,1519,27,18,49,66,80,34,4,57,41,15,52,31,23,78,16,89
random_eq,srs,1520,84,19,28,14,97,91,70,9,1,59,43,64,72,2,18,60
random_eq,srs,1521,23,55,69,29,43,59,2,25,14,65,48,47,77,15,3,38
random_eq,srs,1522,81,16,10,38,50,43,78,12,46,75,69,68,84,3,88,53
random_eq,srs,1523,33,91,51,44,18,43,65,24,23,12,72,46,2,7,16,88
random_eq,srs,1524,31,36,53,32,11,2,92,82,96,29,24,7,75,1,56,35
random_eq,srs,1525,28,86,88,100,22,15,67,77,37,21,9,60,70,65,72,91
random_eq,srs,1526,47,89,19,22,71,33,38,94,78,6,67,55,79,83,76,32
random_eq,srs,1527,57,74,6,26,49,85,34,46,40,91,69,17,60,44,48,78
random_eq,srs,1528,74,4,73,88,77,86,18,92,96,10,7,31,33,44,43,75
random_eq,srs,1529,37,25,47,70,81,10,50,56,39,86,33,5,51,87,45,67
random_eq,srs,1530,62,23,44,55,63,11,36,34,46,3,7,56,10,24,87,40
random_eq,srs,1531,31,7,9,78,30,67,74,98,28,14,13,3,75,38,80,61
random_eq,srs,1532,74,30,43,25,88,44,28,7,47,97,16,42,89,60,61,67
random_eq,srs,1533,17,18,10,94,46,28,25,74,83,82,37,98,34,62,38,31
random_eq,srs,1534,77,28,51,14,81,8,72,3,64,35,37,10,75,87,40,55
random_eq,srs,1535,7,69,5,20,86,61,24,9,19,32,52,36,67,8,12,56
random_eq,srs,1536,39,41,83,84,52,72,24,31,67,12,94,85,22,98,60,66
random_eq,srs,1537,64,9,55,54,43,62,31,66,80,8,4,36,20,85,38,98
random_eq,srs,1538,59,34,74,27,81,88,85,79,54,92,97,9,14,58,75,87
random_eq,srs,1539,36,33,30,76,87,80,27,65,5,83,7,55,98,82,75,67
random_eq,srs,1540,83,86,25,92,44,89,54,99,50,7,4,57,81,68,48,40
random_eq,srs,1541,41,81,80,32,36,48,54,14,19,40,29,52,70,44,71,75
random_eq,srs,1542,5,13,7,21,98,30,55,35,84,8,33,65,27,6,72,74
random_eq,srs,1543,27,70,64,6,8,39,86,22,18,61,92,71,31,24,12,74
random_eq,srs,1544,6,68,57,7,36,88,22,69,49,83,9,17,39,32,51,23
random_eq,srs,1545,98,65,77,84,45,54,6,2,97,17,78,81,75,12,25,100
random_eq,srs,1546,41,92,81,70,63,43,39,64,23,14,98,94,4,16,2,91
random_eq,srs,1547,59,22,57,41,68,39,33,76,38,89,35,24,47,83,18,58
random_eq,srs,1548,45,68,64,73,34,70,16,30,2,57,33,51,8,65,40,35
random_eq,srs,1549,39,14,42,67,52,73,44,6,8,95,61,54,88,9,3,77
random_eq,srs,1550,84,54,38,23,53,76,80,60,40,11,85,5,3,50,20,16
random_eq,srs,1551,30,13,52,48,58,35,96,40,57,31,84,18,64,66,29,7
random_eq,srs,1552,93,56,52,8,7,89,98,15,17,48,60,86,46,74,26,51
random_eq,srs,1553,29,98,88,71,69,63,48,57,84,52,60,34,8,70,20,15
random_eq,srs,1554,36,50,98,91,12,72,96,88,5,92,6,17,7,63,78,93
random_eq,srs,1555,83,50,49,3,37,82,66,97,16,81,39,32,98,87,58,19
random_eq,srs,1556,63,1,23,91,82,27,97,47,39,85,70,43,40,94,24,21
random_eq,srs,1557,37,33,65,56,98,79,74,38,86,19,93,57,52,61,13,88
random_eq,srs,1558,40,17,45,12,94,85,28,64,4,10,98,47,90,82,39,33
random_eq,srs,1559,51,15,61,37,50,35,41,47,88,9,24,86,23,77,70,21
random_eq,srs,1560,58,80,87,91,13,100,27,17,64,82,60,7,9,37,78,74
random_eq,srs,1561,82,77,44,57,35,92,12,18,46,62,40,85,72,67,56,100
random_eq,srs,1562,82,64,41,100,96,32,50,62,8,14,6,83,34,91,15,80
random_eq,srs,1563,12,52,16,14,9,97,2,72,77,81,50,80,53,43,65,59
random_eq,srs,1564,3,25,24,13,35,10,55,95,52,86,1,81,36,9,43,32
random_eq,srs,1565,31,40,37,47,35,53,52,64,54,29,46,26,14,23,81,73
random_eq,srs,1566,26,15,38,85,25,40,68,77,37,47,46,29,76,61,89,91
random_eq,srs,1567,82,86,52,68,77,56,54,37,83,81,87,47,12,93,35,3
random_eq,srs,1568,24,78,33,31,99,18,75,29,76,96,48,45,81,69,92,61
random_eq,srs,1569,91,1,42,37,100,59,58,76,52,20,61,36,89,51,86,74
random_eq,srs,1570,87,45,20,13,51,34,10,96,90,58,27,1,2,17,75,71
random_eq,srs,1571,95,67,99,46,77,11,20,98,2,68,3,34,86,71,50,73
random_eq,srs,1572,33,11,94,76,50,86,81,90,36,74,48,30,87,41,47,52
random_eq,srs,1573,16,96,24,45,3,72,71,27,15,36,89,75,31,46,18,11
random_eq,srs,1574,68,16,19,20,49,39,63,9,73,3,58,67,86,40,79,92
random_eq,srs,1575,77,26,46,75,4,67,76,97,95,65,2,21,1,73,30,25
random_eq,srs,1576,26,69,61,96,64,95,80,100,6,47,68,44,56,25,14,37
random_eq,srs,1577,40,12,8,41,91,45,100,24,60,97,34,93,7,54,92,81
random_eq,srs,1578,89,56,16,100,26,32,66,42,40,34,1,83,25,39,80,45
random_eq,srs,1579,79,11,70,86,99,56,54,22,61,9,1,80,77,78,18,17
random_eq,srs,1580,87,84,2,82,71,53,3,40,11,36,54,45,6,63,39,95
random_eq,srs,1581,39,21,30,3,75,2,28,41,65,14,74,96,61,6,15,19
random_eq,srs,1582,33,18,67,97,73,35,62,23,52,17,54,82,80,50,90,20
random_eq,srs,1583,36,5,59,6,4,89,10,69,47,97,23,7,16,26,30,94
random_eq,srs,1584,81,14,74,34,60,18,4,28,9,72,99,27,93,82,69,2
random_eq,srs,1585,40,2,9,38,57,74,66,93,49,6,47,7,10,50,67,5
random_eq,srs,1586,86,74,5,30,97,35,44,2,89,48,96,36,76,79,61,51
random_eq,srs,1587,82,42,43,84,100,22,92,7,78,93,45,58,79,59,40,13
random_eq,srs,1588,83,92,86,44,3,87,70,73,46,84,17,71,97,64,34,62
random_eq,srs,1589,9,3,66,29,95,38,44,82,75,11,39,76,63,61,60,5
random_eq,srs,1590,73,34,71,80,40,41,98,1,81,61,84,67,7,62,95,3
random_eq,srs,1591,80,31,18,77,23,21,12,30,63,33,94,70,65,51,17,72
random_eq,srs,1592,33,48,49,21,100,37,41,9,8,18,93,15,35,87,70,19
random_eq,srs,1593,61,100,98,62,30,53,78,72,95,70,16,31,83,6,69,93
random_eq,srs,1594,58,98,54,33,9,36,85,26,48,70,92,30,14,32,49,53
random_eq,srs,1595,34,100,26,71,62,99,31,88,7,27,95,80,40,15,72,10
random_eq,srs,1596,34,28,22,61,33,83,30,74,81,18,71,91,41,100,14,55
random_eq,srs,1597,7,80,66,35,90,22,74,86,42,47,83,25,98,10,48,85
random_eq,srs,1598,70,86,72,22,6,97,67,35,33,69,14,55,88,18,48,11
random_eq,srs,1599,88,83,32,58,8,53,79,9,34,65,45,70,46,69,73,26
random_eq,srs,1600,15,68,37,29,17,43,4,38,35,27,84,1,9,72,82,89
random_eq,srs,1601,42,100,64,13,57,63,79,73,77,84,17,33,18,32,15,1
random_eq,srs,1602,100,25,62,90,89,26,59,81,95,21,35,70,78,7,52,76
random_eq,srs,1603,65,89,78,81,19,95,70,41,66,93,27,33,29,7,45,44
random_eq,srs,1604,70,42,68,78,43,76,33,7,89,56,6,32,44,22,29,8
random_eq,srs,1605,23,71,84,100,97,58,72,67,28,32,55,37,19,43,49,96
random_eq,srs,1606,78,43,32,44,46,89,3,7,41,87,34,88,26,55,12,24
random_eq,srs,1607,32,55,51,33,5,95,89,19,39,31,50,8,67,38,59,78
random_eq,srs,1608,28,38,42,52,47,91,94,10,15,3,86,1,97,79,26,17
random_eq,srs,1609,49,7,29,51,22,40,99,33,88,84,65,75,71,98,87,4
random_eq,srs,1610,27,14,2,56,16,75,66,62,28,87,21,95,79,88,60,4
random_eq,srs,1611,17,7,39,53,95,28,61,63,31,16,24,80,4,27,44,86
random_eq,srs,1612,52,36,93,65,19,35,39,40,41,53,96,68,38,84,42,24
random_eq,srs,1613,18,82,84,24,58,81,97,41,20,25,3,60,23,89,2,74
random_eq,srs,1614,3,30,88,4,15,57,16,77,89,44,9,38,60,50,65,76
random_eq,srs,1615,18,70,80,60,62,7,86,96,90,27,63,48,37,5,83,100
random_eq,srs,1616,21,31,74,16,76,32,1,58,79,11,48,14,95,53,38,86
random_eq,srs,1617,6,53,44,97,100,64,43,50,37,61,45,69,79,73,1,93
random_eq,srs,1618,43,44,39,34,57,68,77,15,30,47,25,10,24,67,50,20
random_eq,srs,1619,24,99,90,96,47,97,40,52,20,27,8,76,59,92,16,39
random_eq,srs,1620,8,69,47,75,18,33,1,38,29,55,74,27,87,31,93,45
random_eq,srs,1621,91,66,72,64,45,1,81,78,50,43,25,76,41,95,56,94
random_eq,srs,1622,2,38,60,84,28,24,37,44,99,12,86,10,34,21,26,91
random_eq,srs,1623,21,59,91,57,47,94,20,19,18,44,37,30,58,54,8,92
random_eq,srs,1624,53,86,79,32,87,90,15,91,29,64,28,60,98,83,4,36
random_eq,srs,1625,86,94,36,27,92,62,52,58,7,76,73,60,26,18,74,69
random_eq,srs,1626,83,44,22,5,92,12,75,34,78,28,84,80,82,59,54,6
random_eq,srs,1627,95,39,10,91,27,73,51,2,16,75,94,38,57,80,93,8
random_eq,srs,1628,53,47,65,89,27,5,21,8,67,46,100,18,29,79,88,50
random_eq,srs,1629,47,76,43,86,18,54,62,16,17,23,27,7,90,40,66,82
random_eq,srs,1630,99,82,47,52,76,29,45,14,89,28,92,91,78,72,56,98
random_eq,srs,1631,85,54,58,26,55,52,78,41,44,42,39,64,29,32,24,94
random_eq,srs,1632,49,43,95,5,26,69,27,20,42,75,52,31,10,73,70,3
random_eq,srs,1633,81,33,56,85,43,41,64,50,52,60,73,37,80,30,59,13
random_eq,srs,1634,70,14,29,1,3,15,13,85,80,39,73,8,59,68,60,89
random_eq,srs,1635,95,85,63,39,53,11,42,48,80,82,37,50,81,6,20,99
random_eq,srs,1636,93,39,3,12,83,87,65,70,100,95,44,15,50,38,43,76
random_eq,srs,1637,28,80,73,19,25,66,23,9,36,59,21,51,2,90,94,39
random_eq,srs,1638,95,60,19,53,59,44,35,49,87,29,40,80,48,11,41,6
random_eq,srs,1639,94,1,70,59,27,84,54,60,30,26,83,44,29,66,53,22
random_eq,srs,1640,100,92,18,33,17,4,91,19,26,13,41,93,95,77,80,5
random_eq,srs,1641,94,42,74,45,72,37,69,64,95,50,10,65,66,18,40,48
random_eq,srs,1642,22,64,61,45,25,68,82,98,51,12,32,31,67,20,16,76
random_eq,srs,1643,54,55,21,90,53,24,96,74,15,72,40,73,63,61,14,19
random_eq,srs,1644,35,15,39,60,2,64,40,100,87,58,42,71,99,16,57,7
random_eq,srs,1645,55,47,58,4,95,62,79,91,19,78,21,44,69,8,15,5
random_eq,srs,1646,87,14,80,37,6,95,10,30,22,11,97,39,96,99,16,100
random_eq,srs,1647,97,48,42,58,38,75,61,60,51,49,8,69,37,43,2,100
random_eq,srs,1648,100,53,18,16,60,14,22,89,67,69,50,70,29,30,28,1
random_eq,srs,1649,85,8,65,4,1,96,33,90,25,100,92,23,39,56,51,94
random_eq,srs,1650,98,96,89,97,41,67,58,64,40,37,65,80,85,55,46,28
random_eq,srs,1651,36,99,43,32,83,96,61,55,86,24,33,70,59,15,37,20
random_eq,srs,1652,28,18,25,81,69,9,59,45,65,60,82,19,97,8,84,94
random_eq,srs,1653,73,3,19,43,57,51,45,86,56,22,41,89,23,48,79,95
random_eq,srs,1654,95,51,13,47,49,24,32,6,92,100,23,75,37,1,99,58
random_eq,srs,1655,8,88,81,4,31,61,78,79,87,67,54,35,50,22,1,17
random_eq,srs,1656,41,62,71,13,36,3,66,59,69,21,39,14,79,9,40,8
random_eq,srs,1657,79,76,50,89,53,83,10,54,24,38,72,14,96,8,63,52
random_eq,srs,1658,62,39,74,86,83,1,92,71,77,27,23,43,95,46,98,53
random_eq,srs,1659,8,38,73,99,58,74,33,51,96,24,50,53,55,36,23,37
random_eq,srs,1660,24,75,18,34,66,79,28,67,83,88,27,30,45,58,57,53
random_eq,srs,1661,84,19,6,56,100,75,61,21,88,92,78,4,24,76,95,50
random_eq,srs,1662,93,90,57,65,69,23,2,100,46,79,49,9,29,54,32,84
random_eq,srs,1663,90,39,50,34,38,57,13,1,46,66,91,10,76,71,24,43
random_eq,srs,1664,96,97,98,12,23,87,28,32,71,84,8,7,2,88,91,76
random_eq,srs,1665,14,42,3,29,20,86,83,85,2,100,38,60,45,16,1,87
random_eq,srs,1666,38,89,10,21,98,33,44,52,45,22,57,96,77,17,65,37
random_eq,srs,1667,51,5,4,45,6,60,96,63,65,38,35,68,97,25,11,79
random_eq,srs,1668,87,24,78,74,33,29,32,70,28,83,18,62,72,6,89,79
random_eq,srs,1669,76,98,86,87,26,32,54,41,63,85,50,81,82,4,13,68
random_eq,srs,1670,39,56,45,3,32,81,37,65,44,70,100,2,79,97,61,14
random_eq,srs,1671,65,17,62,3,97,30,58,9,95,79,19,76,35,64,41,69
random_eq,srs,1672,37,17,90,45,9,22,39,99,84,93,12,77,54,57,64,66
random_eq,srs,1673,60,63,8,31,22,100,87,83,79,72,17,56,57,10,50,64
random_eq,srs,1674,98,88,97,82,3,79,44,20,39,8,14,80,36,65,77,43
random_eq,srs,1675,49,98,44,82,12,15,43,20,5,14,47,87,61,63,97,29
random_eq,srs,1676,46,84,60,39,25,75,8,86,97,19,82,48,79,35,81,44
random_eq,srs,1677,77,84,80,81,42,98,40,71,28,5,2,72,14,39,78,53
random_eq,srs,1678,41,37,73,64,80,27,40,66,86,92,95,39,29,54,10,52
random_eq,srs,1679,54,21,27,83,18,92,48,20,65,41,55,39,70,35,4,57
random_eq,srs,1680,77,22,66,82,92,23,95,10,53,52,70,72,50,31,83,4
random_eq,srs,1681,83,72,43,51,57,66,7,63,8,28,81,13,80,93,24,35
random_eq,srs,1682,55,73,63,77,53,74,10,1,48,62,16,82,100,64,86,96
random_eq,srs,1683,5,25,65,81,37,50,47,21,98,26,54,55,24,30,41,72
random_eq,srs,1684,70,4,23,18,24,39,63,79,85,38,35,44,9,53,27,22
random_eq,srs,1685,74,100,18,61,94,39,56,45,22,96,92,76,82,11,99,36
random_eq,srs,1686,34,89,100,27,40,14,85,66,7,52,10,17,53,75,96,18
random_eq,srs,1687,30,42,39,97,100,19,32,26,34,37,49,58,79,33,41,77
random_eq,srs,1688,1,42,23,8,99,95,89,54,64,17,57,58,44,2,55,62
random_eq,srs,1689,25,1,40,65,15,54,62,64,83,12,63,53,39,42,41,52
random_eq,srs,1690,36,55,65,74,24,53,47,70,3,11,85,51,28,29,5,14
random_eq,srs,1691,24,52,46,55,60,1,11,82,97,80,30,9,15,56,38,35
random_eq,srs,1692,74,70,87,59,72,99,23,62,4,17,33,92,64,35,97,89
random_eq,srs,1693,50,100,30,26,39,13,95,48,61,79,45,42,32,36,69,15
random_eq,srs,1694,17,49,50,98,33,88,39,90,26,61,38,15,20,82,74,80
random_eq,srs,1695,32,71,5,21,67,25,1,18,52,2,51,41,36,80,46,9
random_eq,srs,1696,46,24,57,98,67,39,32,8,27,5,1,75,76,78,60,28
random_eq,srs,1697,37,33,85,62,60,87,50,38,54,100,22,53,10,26,83,14
random_eq,srs,1698,100,22,82,42,33,20,45,6,89,4,32,39,10,69,29,87
random_eq,srs,1699,34,51,87,43,60,82,44,53,81,83,55,66,23,38,8,46
random_eq,srs,1700,3,30,66,80,61,52,82,53,96,68,40,16,77,17,89,98
random_eq,srs,1701,29,1,68,37,9,92,40,6,12,45,88,75,22,86,8,94
random_eq,srs,1702,10,82,99,92,77,66,2,8,57,29,39,26,19,63,41,68
random_eq,srs,1703,43,12,44,13,66,10,16,7,91,85,90,59,72,39,100,5
random_eq,srs,1704,40,20,21,29,37,42,44,19,59,96,10,45,16,54,35,58
random_eq,srs,1705,98,72,58,3,34,1,41,21,77,59,8,46,80,95,6,10
random_eq,srs,1706,15,33,53,73,79,24,72,96,17,64,56,38,92,74,11,89
random_eq,srs,1707,69,39,61,11,78,7,73,91,75,9,89,20,76,77,25,71
random_eq,srs,1708,42,46,91,31,80,25,14,57,97,4,2,3,10,33,11,82
random_eq,srs,1709,30,56,33,31,99,29,77,8,50,6,70,7,40,55,10,72
random_eq,srs,1710,56,25,30,32,90,57,73,77,95,81,63,50,48,72,61,9
random_eq,srs,1711,90,60,93,8,22,37,92,95,21,31,16,56,73,49,55,4
random_eq,srs,1712,80,52,56,89,65,94,92,86,12,11,53,75,4,87,16,18
random_eq,srs,1713,33,58,73,23,60,36,45,88,26,10,4,64,15,28,85,56
random_eq,srs,1714,86,18,25,92,71,61,33,28,53,40,11,38,15,73,87,47
random_eq,srs,1715,35,48,44,50,2,11,59,16,71,18,24,70,69,7,53,41
random_eq,srs,1716,47,75,74,23,41,56,30,24,68,88,15,62,45,72,20,40
random_eq,srs,1717,48,33,63,56,44,87,11,38,89,95,92,21,26,37,4,46
random_eq,srs,1718,32,85,48,2,4,28,76,44,54,20,78,14,74,55,47,16
random_eq,srs,1719,36,69,64,35,59,20,1,61,9,14,70,86,24,77,19,44
random_eq,srs,1720,89,17,11,20,84,72,8,48,95,78,37,31,12,35,79,74
random_eq,srs,1721,73,56,57,88,65,51,96,41,77,97,17,54,64,75,25,19
random_eq,srs,1722,51,32,38,55,87,27,54,53,83,9,16,17,52,22,45,93
random_eq,srs,1723,73,60,39,44,46,90,27,49,97,38,14,36,82,64,71,15
random_eq,srs,1724,49,24,51,22,58,52,100,85,81,72,83,35,23,13,54,16
random_eq,srs,1725,25,87,57,43,19,70,79,13,84,34,55,11,32,52,16,99
random_eq,srs,1726,5,33,2,21,20,43,10,30,46,3,81,93,56,85,68,17
random_eq,srs,1727,30,65,45,68,95,80,13,76,24,90,33,78,59,67,34,84
random_eq,srs,1728,72,54,32,92,47,58,53,86,45,43,49,10,46,39,44,75
random_eq,srs,1729,37,52,16,79,55,61,84,93,78,96,11,63,20,24,19,68
random_eq,srs,1730,11,27,100,5,55,21,24,78,73,75,15,42,41,7,48,66
random_eq,srs,1731,34,92,2,100,61,1,47,64,76,81,50,46,68,94,11,14
random_eq,srs,1732,11,99,77,24,19,58,69,47,92,20,95,38,23,62,60,32
random_eq,srs,1733,9,98,85,29,65,44,79,8,75,17,46,86,40,59,31,36
random_eq,srs,1734,44,43,69,65,98,82,34,95,54,10,14,97,8,47,60,6
random_eq,srs,1735,93,72,42,57,89,10,12,65,1,17,84,19,34,70,3,31
random_eq,srs,1736,38,41,71,74,66,92,7,70,9,87,53,16,97,6,15,86
random_eq,srs,1737,2,68,55,50,40,84,38,62,61,1,16,25,3,19,21,97
random_eq,srs,1738,49,34,35,97,94,19,59,52,46,66,43,55,83,70,48,8
random_eq,srs,1739,38,40,62,10,18,52,27,20,86,48,96,69,12,99,11,33
random_eq,srs,1740,46,78,89,96,28,30,92,14,66,34,45,70,100,8,94,2
random_eq,srs,1741,73,41,17,82,70,79,60,53,62,71,76,96,8,3,21,39
random_eq,srs,1742,32,12,36,56,6,2,4,11,41,68,87,1,53,17,70,91
random_eq,srs,1743,12,94,34,100,77,56,61,88,58,43,85,55,20,84,33,89
random_eq,srs,1744,29,15,19,24,55,76,69,48,97,86,38,1,34,41,5,10
random_eq,srs,1745,63,32,54,57,78,94,28,99,23,39,7,16,55,98,33,14
random_eq,srs,1746,94,90,54,76,97,4,45,77,64,70,5,51,84,92,50,75
random_eq,srs,1747,27,52,83,97,47,64,7,61,37,73,9,81,50,45,55,20
random_eq,srs,1748,24,39,49,29,1,94,3,89,66,76,8,27,79,81,63,90
random_eq,srs,1749,73,12,34,87,64,30,100,55,31,53,98,51,49,90,5,91
random_eq,srs,1750,15,79,23,90,6,22,47,45,76,59,16,62,14,34,97,43
random_eq,srs,1751,86,53,63,77,32,29,52,58,73,13,45,65,64,92,59,94
random_eq,srs,1752,50,51,1,32,2,47,79,17,68,3,27,13,29,58,5,69
random_eq,srs,1753,68,49,18,13,59,44,78,85,63,76,8,27,75,28,30,29
random_eq,srs,1754,11,82,16,21,37,93,4,81,41,60,22,51,25,83,50,95
random_eq,srs,1755,63,74,55,45,81,99,79,19,53,49,37,28,1,66,67,60
random_eq,srs,1756,24,46,38,78,44,32,14,80,98,94,64,34,54,26,67,52
random_eq,srs,1757,22,81,34,97,16,50,63,59,12,30,45,20,86,68,80,49
random_eq,srs,1758,79,78,95,19,71,14,84,52,16,62,57,60,99,53,74,59
random_eq,srs,1759,16,58,8,100,47,23,51,21,41,20,10,43,85,65,22,88
random_eq,srs,1760,5,71,65,55,25,11,4,24,77,96,18,43,42,10,75,70
random_eq,srs,1761,32,51,61,37,91,89,79,16,86,54,100,43,53,19,28,88
random_eq,srs,1762,47,37,92,71,10,78,25,52,29,43,66,55,23,12,27,83
random_eq,srs,1763,15,20,44,29,6,89,91,54,61,85,59,68,60,25,27,41
random_eq,srs,1764,94,38,19,77,32,39,61,95,100,33,26,57,66,82,52,17
random_eq,srs,1765,6,9,29,88,99,97,21,92,4,35,75,54,22,71,65,77
random_eq,srs,1766,96,70,46,52,31,1,83,14,47,36,18,3,79,99,2,38
random_eq,srs,1767,49,81,76,62,39,58,71,7,33,46,63,22,38,91,80,96
random_eq,srs,1768,38,71,100,44,77,5,53,99,50,93,29,33,55,96,60,68
random_eq,srs,1769,83,86,5,68,11,50,46,6,67,72,35,47,25,63,22,65
random_eq,srs,1770,23,1,63,100,68,51,24,69,30,32,21,59,73,8,54,7
random_eq,srs,1771,66,33,30,26,75,35,45,67,5,50,82,22,62,41,83,99
random_eq,srs,1772,13,75,84,73,39,85,89,47,67,42,48,31,99,3,16,58
random_eq,srs,1773,63,76,87,51,61,91,98,85,72,68,21,1,7,30,6,32
random_eq,srs,1774,31,32,68,73,37,55,24,19,66,83,15,65,60,50,96,71
random_eq,srs,1775,27,12,69,36,76,64,38,60,51,97,31,95,58,65,10,47
random_eq,srs,1776,2,60,99,15,32,79,97,58,61,91,16,6,86,63,53,64
random_eq,srs,1777,26,15,92,79,6,23,39,57,70,28,32,88,74,11,27,85
random_eq,srs,1778,53,46,52,64,2,63,10,90,27,20,89,62,25,23,73,4
random_eq,srs,1779,63,30,87,74,79,17,12,38,14,42,41,8,94,93,31,67
random_eq,srs,1780,93,68,70,37,73,69,99,74,29,66,4,77,52,90,11,54
random_eq,srs,1781,23,56,21,27,72,75,49,33,45,70,62,12,37,96,71,20
random_eq,srs,1782,5,30,29,32,57,62,64,42,18,10,54,13,80,28,52,39
random_eq,srs,1783,63,52,94,42,17,68,5,7,36,84,82,2,45,61,59,48
random_eq,srs,1784,14,39,13,1,16,45,54,83,51,23,64,19,81,7,86,60
random_eq,srs,1785,61,37,68,48,31,39,17,64,43,65,50,47,13,87,28,10
random_eq,srs,1786,6,42,11,16,3,27,79,94,55,50,14,86,37,89,10,1
random_eq,srs,1787,49,82,94,47,61,23,12,69,26,13,42,93,77,76,9,66
random_eq,srs,1788,22,45,39,78,15,1,50,35,20,40,94,38,30,92,56,58
random_eq,srs,1789,68,99,40,66,60,62,53,50,22,13,64,1,30,5,71,24
random_eq,srs,1790,47,55,19,64,24,16,61,27,33,91,89,65,38,42,44,35
random_eq,srs,1791,87,31,52,7,58,24,42,21,71,4,92,90,56,40,63,2
random_eq,srs,1792,17,40,50,11,97,66,63,51,3,24,16,61,22,49,30,69
random_eq,srs,1793,86,15,50,27,68,74,39,46,83,20,13,17,45,91,5,94
random_eq,srs,1794,90,77,53,24,41,98,97,17,34,22,42,54,50,86,30,73
random_eq,srs,1795,6,99,23,51,78,40,5,53,31,25,13,98,7,32,89,26
random_eq,srs,1796,84,88,50,79,41,35,23,76,7,53,25,21,99,6,27,96
random_eq,srs,1797,77,48,51,94,96,26,82,29,19,43,54,97,20,25,72,35
random_eq,srs,1798,75,34,16,82,72,91,28,35,64,15,27,30,85,62,44,74
random_eq,srs,1799,44,35,41,33,49,6,94,62,50,1,98,17,25,87,69,11
random_eq,srs,1800,42,40,4,11,55,18,66,17,14,82,69,9,5,85,23,29
random_eq,srs,1801,39,17,28,57,70,98,67,52,61,27,19,23,45,88,78,34
random_eq,srs,1802,26,99,80,56,76,24,43,38,92,28,33,14,71,47,51,44
random_eq,srs,1803,84,57,3,24,20,12,99,54,62,96,26,98,7,60,6,67
random_eq,srs,1804,59,4,19,24,51,94,10,39,31,69,89,13,35,53,1,42
random_eq,srs,1805,40,56,34,67,72,43,64,77,7,88,81,60,31,96,47,80
random_eq,srs,1806,5,87,60,40,72,45,71,64,24,67,62,34,41,92,97,54
random_eq,srs,1807,2,95,9,3,83,23,50,67,13,44,34,64,47,60,52,91
random_eq,srs,1808,50,84,71,2,69,88,49,15,43,48,9,58,45,31,25,19
random_eq,srs,1809,90,15,52,55,38,71,35,36,13,93,45,44,97,54,94,63
random_eq,srs,1810,60,71,58,73,91,44,4,39,88,6,52,85,66,30,82,33
random_eq,srs,1811,79,28,58,6,63,60,59,8,93,97,78,9,98,13,84,2
random_eq,srs,1812,41,26,67,39,18,2,8,91,43,25,6,23,70,59,65,69
random_eq,srs,1813,97,88,17,34,68,32,94,26,12,52,100,18,37,69,48,40
random_eq,srs,1814,41,84,16,50,14,80,77,89,65,63,88,26,44,86,60,56
random_eq,srs,1815,1,32,40,28,31,53,47,96,9,81,45,36,22,73,7,38
random_eq,srs,1816,16,51,87,43,54,99,89,41,76,17,36,8,11,6,81,57
random_eq,srs,1817,1,3,76,89,49,79,63,60,75,91,11,4,59,65,77,88
random_eq,srs,1818,62,70,48,95,58,89,100,44,67,49,59,26,65,10,84,93
random_eq,srs,1819,32,95,71,57,3,55,17,94,80,37,10,29,93,100,47,61
random_eq,srs,1820,100,5,53,99,71,86,85,35,27,38,81,55,59,1,87,52
random_eq,srs,1821,16,26,69,41,29,58,6,34,38,1,68,59,43,12,65,24
random_eq,srs,1822,23,25,61,75,20,5,34,24,55,6,13,59,8,44,4,79
random_eq,srs,1823,64,84,17,67,32,13,48,45,38,52,25,69,93,4,40,56
random_eq,srs,1824,46,93,84,99,81,11,20,57,33,47,60,87,55,96,8,18
random_eq,srs,1825,20,21,10,13,50,99,14,38,4,68,86,61,31,19,30,92
random_eq,srs,1826,28,38,59,49,29,70,27,79,47,21,37,50,15,8,48,35
random_eq,srs,1827,9,16,75,73,44,72,64,31,20,1,96,43,7,63,39,83
random_eq,srs,1828,86,55,2,64,36,17,49,11,72,58,62,76,60,38,32,70
random_eq,srs,1829,27,81,9,16,15,20,88,93,77,62,38,47,51,10,97,87
random_eq,srs,1830,22,58,9,73,96,78,14,89,11,44,54,34,79,98,50,51
random_eq,srs,1831,19,54,57,91,52,29,28,97,5,95,26,31,16,24,18,59
random_eq,srs,1832,11,48,95,10,40,41,60,7,72,55,8,58,25,92,91,56
random_eq,srs,1833,73,15,60,23,27,32,11,50,78,47,26,49,77,79,83,19
random_eq,srs,1834,70,88,36,38,24,61,67,37,75,25,34,18,59,27,93,72
random_eq,srs,1835,2,14,48,31,37,91,56,3,95,82,85,25,61,19,79,66
random_eq,srs,1836,40,25,43,34,60,10,93,68,84,56,13,7,94,97,22,4
random_eq,srs,1837,55,60,98,93,27,18,57,48,19,30,63,83,4,10,85,25
random_eq,srs,1838,2,91,89,51,71,65,28,62,22,81,90,94,72,6,34,9
random_eq,srs,1839,62,69,4,14,5,20,44,10,82,36,33,96,94,79,60,16
random_eq,srs,1840,63,7,26,48,73,82,74,39,30,97,67,5,4,54,14,42
random_eq,srs,1841,67,80,52,25,27,37,49,21,73,74,14,60,53,77,99,93
random_eq,srs,1842,42,91,15,31,19,66,30,16,40,72,3,17,51,7,54,25
random_eq,srs,1843,98,68,21,64,57,85,70,16,23,30,99,60,75,51,29,25
random_eq,srs,1844,8,46,53,92,32,54,74,71,26,83,57,65,35,17,58,56
random_eq,srs,1845,46,89,17,13,88,22,42,67,48,90,54,28,73,80,62,99
random_eq,srs,1846,21,65,95,94,66,40,98,7,69,41,3,30,60,42,67,76
random_eq,srs,1847,83,15,3,48,45,19,27,56,65,74,1,61,43,95,82,97
random_eq,srs,1848,55,60,17,71,13,41,22,84,94,83,82,51,56,23,62,68
random_eq,srs,1849,80,74,78,22,76,81,31,33,36,61,12,95,57,55,86,97
random_eq,srs,1850,77,92,98,11,49,79,50,96,57,47,13,22,16,78,43,90
random_eq,srs,1851,84,64,73,55,52,48,1,81,74,30,59,6,62,86,22,15
random_eq,srs,1852,10,6,82,13,45,81,78,53,54,19,20,18,25,77,23,38
random_eq,srs,1853,78,6,86,66,43,65,35,44,77,10,58,75,88,61,5,94
random_eq,srs,1854,63,49,43,20,58,34,52,97,69,26,32,60,85,1,87,55
random_eq,srs,1855,94,60,21,22,7,72,55,61,40,13,38,23,29,53,91,52
random_eq,srs,1856,92,31,81,72,85,50,36,61,12,19,15,86,87,1,69,10
random_eq,srs,1857,77,58,72,70,86,48,42,28,16,73,37,50,30,67,96,22
random_eq,srs,1858,36,100,76,72,14,20,75,99,69,74,35,94,17,7,18,77
random_eq,srs,1859,20,2,48,50,31,7,58,80,41,11,70,37,18,6,56,72
random_eq,srs,1860,22,44,30,62,81,36,64,29,58,39,74,83,15,75,3,7
random_eq,srs,1861,20,77,100,89,80,14,17,76,25,59,60,44,45,36,88,40
random_eq,srs,1862,22,20,26,93,18,49,42,70,6,52,36,92,12,84,10,15
random_eq,srs,1863,56,11,49,98,75,7,35,27,26,43,21,66,58,86,79,74
random_eq,srs,1864,80,98,37,65,94,39,83,36,12,42,9,5,19,79,47,2
random_eq,srs,1865,5,46,88,82,99,66,26,31,48,19,96,94,63,53,86,89
random_eq,srs,1866,100,50,8,81,68,74,28,6,64,85,22,58,11,71,65,87
random_eq,srs,1867,4,77,65,46,38,18,40,28,68,17,24,76,49,16,29,95
random_eq,srs,1868,81,57,47,24,40,22,88,13,99,3,4,8,55,14,86,93
random_eq,srs,1869,85,54,46,72,4,14,23,99,48,2,49,22,75,63,68,36
random_eq,srs,1870,79,62,28,22,43,16,1,73,56,18,89,44,2,25,86,66
random_eq,srs,1871,41,59,55,84,54,61,7,79,13,57,87,32,2,60,88,94
random_eq,srs,1872,29,14,70,22,10,25,72,68,98,23,43,17,67,86,6,60
random_eq,srs,1873,17,10,77,55,35,64,1,88,6,50,84,24,75,79,85,92
random_eq,srs,1874,48,5,75,70,45,88,68,14,66,27,96,19,84,43,3,79
random_eq,srs,1875,48,68,5,76,96,51,41,15,23,33,90,62,18,27,3,92
random_eq,srs,1876,17,48,54,99,10,33,9,92,50,65,16,91,59,94,70,7
random_eq,srs,1877,61,3,36,85,100,83,78,44,30,31,46,69,11,73,87,48
random_eq,srs,1878,33,69,35,61,25,4,3,95,70,76,6,59,99,37,28,17
random_eq,srs,1879,100,50,36,44,10,85,4,81,87,97,7,75,54,43,90,72
random_eq,srs,1880,54,74,37,88,21,77,49,90,62,45,32,29,93,79,51,94
random_eq,srs,1881,63,98,55,99,82,5,58,100,47,42,45,70,83,28,68,94
random_eq,srs,1882,84,30,86,83,36,8,74,69,9,61,13,29,42,34,52,75
random_eq,srs,1883,81,46,12,51,33,85,28,97,21,49,57,14,35,80,87,59
random_eq,srs,1884,47,71,64,68,21,3,52,67,87,48,57,39,56,59,55,99
random_eq,srs,1885,36,47,1,11,77,39,42,44,32,24,49,10,98,99,83,90
random_eq,srs,1886,66,82,34,77,10,22,35,95,50,27,69,86,32,49,43,45
random_eq,srs,1887,55,57,53,75,93,94,10,98,80,87,89,88,35,45,7,3
random_eq,srs,1888,70,72,44,29,8,19,21,77,81,50,60,83,26,31,37,12
random_eq,srs,1889,67,77,65,20,44,19,43,27,31,35,87,74,54,76,11,23
random_eq,srs,1890,84,56,18,74,15,16,6,75,97,55,5,21,4,85,67,88
random_eq,srs,1891,50,68,33,34,15,14,21,54,38,78,66,65,95,86,30,17
random_eq,srs,1892,55,40,43,98,38,63,77,21,99,16,71,87,5,42,37,9
random_eq,srs,1893,24,62,22,59,54,5,87,14,51,86,49,92,85,83,72,52
random_eq,srs,1894,75,84,17,22,47,51,13,86,62,99,43,7,6,76,14,71
random_eq,srs,1895,74,10,47,58,57,61,1,97,37,76,78,66,7,9,8,24
random_eq,srs,1896,39,85,80,65,87,57,10,30,32,81,3,41,63,29,91,93
random_eq,srs,1897,66,45,24,76,89,15,98,67,4,73,91,59,77,61,1,79
random_eq,srs,1898,24,48,74,86,20,62,27,95,42,2,3,100,71,60,56,66
random_eq,srs,1899,75,17,65,36,63,67,25,61,2,55,4,47,20,83,12,84
random_eq,srs,1900,20,76,17,60,84,78,33,56,21,71,68,13,92,42,14,90
random_eq,srs,1901,85,3,100,2,74,7,23,11,12,64,32,45,84,22,4,26
random_eq,srs,1902,6,57,15,97,41,67,58,44,91,3,88,78,34,31,23,26
random_eq,srs,1903,97,75,90,63,38,80,33,45,99,37,25,12,41,7,60,28
random_eq,srs,1904,57,54,46,83,51,99,44,78,22,48,60,84,55,39,16,31
random_eq,srs,1905,87,73,34,79,41,94,6,2,69,47,32,64,11,85,16,43
random_eq,srs,1906,52,3,91,24,16,99,54,67,31,32,69,45,37,89,98,23
random_eq,srs,1907,22,80,32,1,63,34,56,16,27,36,18,48,15,82,88,13
random_eq,srs,1908,67,98,57,82,13,14,33,5,25,87,74,73,76,35,72,42
random_eq,srs,1909,30,6,97,73,25,91,17,68,40,44,23,37,51,18,56,22
random_eq,srs,1910,99,3,5,13,9,89,56,22,40,64,17,79,51,42,69,48
random_eq,srs,1911,39,73,95,17,68,90,88,30,7,6,8,16,78,5,25,64
random_eq,srs,1912,72,64,71,89,41,24,3,79,87,25,10,11,80,100,23,61
random_eq,srs,1913,20,38,56,74,70,10,62,58,90,13,25,67,44,11,88,63
random_eq,srs,1914,63,48,89,59,38,1,91,54,36,39,84,26,49,70,55,43
random_eq,srs,1915,78,27,54,71,8,97,56,48,33,16,98,74,86,43,14,39
random_eq,srs,1916,96,40,54,53,78,32,5,87,26,80,94,27,66,17,71,12
random_eq,srs,1917,95,44,7,58,89,38,97,56,92,14,22,70,84,72,62,59
random_eq,srs,1918,64,92,54,50,34,1,74,49,22,38,61,65,95,91,10,52
random_eq,srs,1919,95,83,1,56,90,34,78,100,81,58,91,84,89,48,74,41
random_eq,srs,1920,39,87,88,11,63,95,79,65,71,84,33,80,34,82,53,28
random_eq,srs,1921,12,89,78,72,2,54,3,85,7,86,57,83,93,64,94,49
random_eq,srs,1922,3,34,66,45,43,50,90,83,2,99,33,5,65,71,35,97
random_eq,srs,1923,33,99,75,27,71,86,8,31,47,24,74,30,87,40,9,94
random_eq,srs,1924,94,83,66,87,47,14,21,75,73,36,22,96,28,92,54,85
random_eq,srs,1925,63,55,64,14,16,61,90,65,51,83,15,42,31,1,88,2
random_eq,srs,1926,18,69,81,20,30,88,11,15,85,57,51,37,13,71,6,12
random_eq,srs,1927,31,91,26,64,72,43,19,36,5,4,100,89,88,28,87,22
random_eq,srs,1928,4,91,52,64,35,77,58,66,80,69,9,31,42,10,54,90
random_eq,srs,1929,16,94,78,70,23,33,31,65,36,66,49,1,96,21,50,35
random_eq,srs,1930,99,84,86,88,53,32,67,91,23,92,94,30,47,27,15,74
random_eq,srs,1931,80,81,11,6,42,90,55,99,82,1,89,32,33,12,28,38
random_eq,srs,1932,87,37,42,89,32,39,23,7,52,46,6,67,88,78,4,31
random_eq,srs,1933,3,46,51,33,11,91,94,17,52,15,65,50,20,21,44,47
random_eq,srs,1934,39,54,96,18,26,69,92,2,27,53,8,98,78,75,88,76
random_eq,srs,1935,73,46,27,81,2,71,100,1,40,67,10,5,68,45,36,12
random_eq,srs,1936,80,66,37,88,44,43,33,30,67,73,63,51,41,99,98,34
random_eq,srs,1937,42,48,85,70,99,62,96,26,82,21,68,32,17,69,92,39
random_eq,srs,1938,84,74,5,93,46,66,33,72,47,97,78,82,14,80,17,49
random_eq,srs,1939,50,18,66,14,20,89,76,90,82,42,100,62,1,39,10,99
random_eq,srs,1940,8,56,88,43,95,58,81,79,90,51,50,13,40,100,46,92
random_eq,srs,1941,66,35,80,3,30,11,50,73,28,14,55,21,60,87,64,17
random_eq,srs,1942,9,17,99,84,70,22,14,83,6,92,71,54,65,3,16,31
random_eq,srs,1943,20,50,48,63,17,92,4,33,62,41,74,6,14,30,72,83
random_eq,srs,1944,92,15,72,85,35,46,93,62,54,20,17,52,86,66,18,70
random_eq,srs,1945,1,59,31,95,99,86,49,30,61,79,64,51,90,72,98,55
random_eq,srs,1946,44,13,58,54,80,1,11,31,41,93,57,81,55,61,56,97
random_eq,srs,1947,57,66,5,2,16,54,74,52,80,70,93,27,30,91,12,100
random_eq,srs,1948,20,17,61,80,15,94,66,38,29,52,50,4,44,35,19,84
random_eq,srs,1949,32,55,75,95,79,54,6,15,93,10,25,43,9,19,47,71
random_eq,srs,1950,21,45,94,34,81,5,58,85,46,64,69,23,68,74,10,66
random_eq,srs,1951,24,11,74,36,4,18,15,9,52,92,60,49,44,54,25,50
random_eq,srs,1952,76,27,65,70,1,57,5,32,66,40,67,48,22,36,87,81
random_eq,srs,1953,62,8,23,13,72,91,14,100,16,60,39,98,7,95,6,51
random_eq,srs,1954,70,10,51,2,45,57,99,6,81,67,95,11,52,17,48,61
random_eq,srs,1955,79,2,64,54,85,80,40,99,11,46,3,50,97,18,20,96
random_eq,srs,1956,89,57,25,82,27,32,10,61,52,94,64,30,9,72,11,28
random_eq,srs,1957,78,7,12,53,23,64,58,16,91,93,9,22,25,29,36,32
random_eq,srs,1958,54,98,95,61,37,85,46,79,90,78,63,93,59,83,2,76
random_eq,srs,1959,41,9,97,82,64,34,38,16,56,5,11,96,57,35,85,15
random_eq,srs,1960,10,16,35,45,2,95,60,53,72,38,84,14,49,93,34,21
random_eq,srs,1961,64,71,87,9,1,95,51,76,12,91,79,26,33,70,69,27
random_eq,srs,1962,9,58,7,30,61,15,93,39,25,80,72,86,55,23,71,68
random_eq,srs,1963,11,32,3,42,96,58,85,25,91,26,43,14,87,68,50,72
random_eq,srs,1964,62,54,39,77,55,59,42,50,41,67,7,86,94,18,68,75
random_eq,srs,1965,94,25,68,45,65,96,84,17,40,37,50,92,54,90,6,3
random_eq,srs,1966,4,5,75,55,85,91,80,38,16,8,3,95,68,77,31,1
random_eq,srs,1967,3,41,56,81,64,99,52,8,54,32,65,86,24,12,83,28
random_eq,srs,1968,15,3,2,24,52,29,81,25,33,34,70,41,47,5,7,84
random_eq,srs,1969,39,93,74,40,7,70,34,22,92,76,99,36,97,53,38,56
random_eq,srs,1970,26,90,30,58,15,69,24,21,87,23,5,56,28,48,93,36
random_eq,srs,1971,34,43,84,1,37,16,38,71,22,28,23,94,82,100,59,64
random_eq,srs,1972,25,58,2,30,45,91,6,12,60,43,29,17,40,88,83,7
random_eq,srs,1973,43,19,42,22,37,45,41,92,72,38,97,3,1,23,17,81
random_eq,srs,1974,17,21,26,61,5,78,42,83,29,54,82,59,41,46,31,94
random_eq,srs,1975,48,7,59,63,82,53,58,17,3,2,11,68,32,93,78,15
random_eq,srs,1976,84,30,98,54,25,80,48,55,75,56,60,34,89,62,69,32
random_eq,srs,1977,30,93,21,15,57,79,60,10,74,95,17,27,86,4,28,11
random_eq,srs,1978,90,89,31,23,81,42,51,60,53,2,70,86,91,66,93,16
random_eq,srs,1979,81,29,14,43,80,91,25,84,54,39,99,40,17,30,28,97
random_eq,srs,1980,97,69,62,3,84,23,82,80,83,61,18,63,34,90,79,75
random_eq,srs,1981,32,48,39,18,84,7,24,62,46,88,76,28,5,72,31,16
random_eq,srs,1982,3,43,95,21,32,51,85,71,66,10,94,96,91,24,5,40
random_eq,srs,1983,68,93,55,26,44,35,8,56,67,90,34,81,88,36,3,13
random_eq,srs,1984,82,13,48,100,80,11,68,2,99,28,92,64,7,67,88,25
random_eq,srs,1985,7,19,51,86,59,84,35,55,90,95,77,12,88,4,29,72
random_eq,srs,1986,51,88,78,25,19,99,9,58,87,93,83,15,64,7,73,35
random_eq,srs,1987,48,80,41,47,99,23,100,39,89,83,92,55,59,78,71,70
random_eq,srs,1988,66,44,100,5,56,98,63,20,70,17,6,67,3,49,91,79
random_eq,srs,1989,65,73,67,40,11,63,2,52,29,48,17,91,54,8,15,43
random_eq,srs,1990,79,82,96,25,37,53,66,8,46,18,44,92,10,6,45,3
random_eq,srs,1991,4,27,83,8,72,90,12,82,79,17,84,96,89,37,71,73
random_eq,srs,1992,44,73,65,88,27,66,28,11,79,29,40,20,99,97,52,12
random_eq,srs,1993,98,42,55,23,19,33,88,74,90,70,9,57,15,6,22,28
random_eq,srs,1994,18,92,71,75,46,88,20,74,81,48,14,77,57,68,55,67
random_eq,srs,1995,22,52,32,71,9,13,31,6,46,93,65,72,73,61,75,69
random_eq,srs,1996,72,39,56,64,52,44,69,35,16,41,31,77,99,42,36,6
random_eq,srs,1997,33,60,4,75,10,63,55,11,78,43,85,1,53,84,65,30
random_eq,srs,1998,62,5,84,17,30,91,63,48,89,79,34,78,38,40,56,73
random_eq,srs,1999,58,33,29,83,69,96,85,5,30,12,74,80,47,70,48,62
random_eq,srs,2000,68,37,57,39,36,97,67,26,99,75,3,55,16,96,41,19
random_eq,lpm1,1,10,18,20,25,27,29,41,45,47,52,56,59,66,79,84,92
random_eq,lpm1,2,2,16,20,23,25,43,44,45,47,50,67,70,76,81,84,91
random_eq,lpm1,3,2,4,11,14,15,16,42,45,51,55,62,65,69,91,93,100
random_eq,lpm1,4,6,14,22,32,36,38,44,57,60,80,82,86,91,93,94,96
random_eq,lpm1,5,12,13,21,26,27,37,39,43,44,50,63,73,75,81,83,97
random_eq,lpm1,6,2,4,6,14,15,23,34,41,48,49,65,76,80,82,91,96
random_eq,lpm1,7,6,8,12,14,19,34,38,41,42,48,68,79,82,84,88,97
random_eq,lpm1,8,2,3,6,11,17,25,29,34,36,39,44,47,54,67,83,85
random_eq,lpm1,9,9,18,26,28,30,54,55,66,70,78,82,83,86,90,98,100
random_eq,lpm1,10,11,16,17,23,28,29,30,33,41,45,73,81,91,92,93,100
random_eq,lpm1,11,5,8,12,24,27,35,36,44,47,58,62,67,71,77,85,93
random_eq,lpm1,12,23,31,45,46,47,55,58,59,62,66,70,78,83,86,87,96
random_eq,lpm1,13,2,6,10,12,13,14,23,31,33,37,39,43,62,65,97,99
random_eq,lpm1,14,6,10,15,19,25,26,48,54,61,68,70,76,82,87,94,98
random_eq,lpm1,15,2,16,21,25,31,39,43,49,54,63,71,78,80,83,97,99
random_eq,lpm1,16,2,5,8,13,19,26,30,31,38,43,51,53,68,69,84,100
random_eq,lpm1,17,11,14,22,32,34,37,38,39,44,53,60,73,76,89,94,96
random_eq,lpm1,18,4,7,15,25,32,35,36,44,52,60,83,85,89,92,94,95
random_eq,lpm1,19,2,13,20,22,39,43,44,45,48,51,52,54,68,73,79,85
random_eq,lpm1,20,7,12,14,18,23,28,39,66,69,77,85,89,90,92,94,100
random_eq,lpm1,21,9,10,11,13,16,19,27,39,49,54,55,58,64,67,78,90
random_eq,lpm1,22,3,8,13,15,18,22,27,38,43,47,49,63,65,73,74,100
random_eq,lpm1,23,1,2,7,8,13,14,22,33,38,41,59,60,77,79,88,92
random_eq,lpm1,24,4,7,10,11,19,34,37,38,44,45,56,58,61,69,73,91
random_eq,lpm1,25,16,22,31,36,38,40,42,56,60,67,69,72,76,86,88,99
random_eq,lpm1,26,7,9,11,33,40,45,48,50,56,69,85,86,87,90,92,100
random_eq,lpm1,27,2,4,16,30,39,54,57,60,64,66,68,72,78,81,88,96
random_eq,lpm1,28,1,12,14,28,39,42,43,49,51,58,62,78,79,81,92,97
random_eq,lpm1,29,14,19,35,39,41,61,62,64,65,68,71,74,80,84,91,95
random_eq,lpm1,30,19,22,23,27,34,37,48,54,56,59,65,71,91,97,99,100
random_eq,lpm1,31,7,8,9,11,14,18,20,21,34,55,60,69,74,80,81,90
random_eq,lpm1,32,6,9,15,17,22,37,38,41,57,63,66,70,73,78,93,98
random_eq,lpm1,33,6,10,11,12,15,21,24,70,73,75,78,82,86,87,96,99
random_eq,lpm1,34,27,28,30,32,33,35,58,62,65,67,74,76,78,88,92,99
random_eq,lpm1,35,5,8,9,22,27,28,39,46,50,63,67,70,71,74,80,95
random_eq,lpm1,36,4,5,10,36,40,52,54,56,63,69,73,83,84,86,89,96
random_eq,lpm1,37,3,11,15,27,36,49,54,56,65,66,71,72,80,82,90,96
random_eq,lpm1,38,1,12,14,16,19,21,34,57,63,64,68,79,81,86,88,93
random_eq,lpm1,39,12,16,20,27,30,41,42,50,51,77,83,84,87,91,92,93
random_eq,lpm1,40,1,5,12,13,16,31,56,60,72,75,76,86,88,92,96,98
random_eq,lpm1,41,21,32,37,43,51,52,55,61,62,68,75,79,80,84,95,99
random_eq,lpm1,42,1,6,7,10,20,24,37,49,51,60,65,84,86,90,91,97
random_eq,lpm1,43,1,8,22,54,59,60,67,71,72,74,84,86,91,92,93,94
random_eq,lpm1,44,9,27,32,37,40,45,58,64,67,68,71,85,88,91,95,97
random_eq,lpm1,45,4,5,8,25,26,27,38,45,52,69,72,82,85,87,90,99
random_eq,lpm1,46,7,11,14,16,17,18,21,29,34,38,41,60,66,72,80,100
random_eq,lpm1,47,5,20,24,28,31,40,43,44,54,60,61,62,70,80,87,89
random_eq,lpm1,48,7,25,30,34,37,40,47,53,60,63,72,77,78,79,86,90
random_eq,lpm1,49,2,4,8,14,23,31,37,40,42,46,50,54,71,72,90,91
random_eq,lpm1,50,19,29,34,52,54,66,71,74,75,79,81,85,89,93,99,100
random_eq,lpm1,51,1,7,23,33,41,42,47,63,70,74,76,81,94,95,98,99
random_eq,lpm1,52,5,13,14,20,24,25,39,45,61,68,69,77,87,90,92,99
random_eq,lpm1,53,2,10,12,33,38,41,48,52,57,59,67,82,83,88,91,100
random_eq,lpm1,54,16,22,24,27,46,48,54,59,60,63,66,69,70,72,73,87
random_eq,lpm1,55,3,6,11,18,35,46,47,56,59,69,74,80,83,88,94,96
random_eq,lpm1,56,2,3,8,13,22,24,36,37,42,43,51,52,57,58,59,87
random_eq,lpm1,57,3,12,18,39,41,43,47,53,55,56,72,75,79,86,88,91
random_eq,lpm1,58,6,8,13,14,15,21,38,46,51,59,63,65,84,85,97,99
random_eq,lpm1,59,6,12,22,24,30,39,41,47,64,65,70,71,78,85,96,99
random_eq,lpm1,60,5,6,13,22,26,28,39,48,52,53,54,61,87,88,93,96
random_eq,lpm1,61,2,6,19,24,32,37,43,49,59,64,68,77,80,87,89,90
random_eq,lpm1,62,1,19,21,30,31,32,36,37,43,45,58,74,76,79,88,94
random_eq,lpm1,63,3,7,10,13,17,18,19,25,31,35,37,38,41,64,72,75
random_eq,lpm1,64,4,21,29,36,43,55,58,69,70,75,80,81,83,87,98,99
random_eq,lpm1,65,14,21,33,43,45,50,64,65,71,72,73,75,86,92,94,100
random_eq,lpm1,66,14,15,16,25,29,33,38,54,66,69,72,87,90,94,98,99
random_eq,lpm1,67,4,23,30,31,36,47,54,55,58,60,67,84,85,93,97,98
random_eq,lpm1,68,3,4,15,23,34,37,41,42,43,44,56,76,77,87,89,90
random_eq,lpm1,69,19,25,41,43,48,51,53,59,60,68,70,72,75,87,92,97
random_eq,lpm1,70,4,7,11,20,29,35,47,53,60,61,68,73,80,83,87,99
random_eq,lpm1,71,7,10,14,17,19,26,30,35,37,38,44,48,51,54,62,77
random_eq,lpm1,72,4,6,10,17,22,24,25,30,50,54,55,57,67,68,78,97
random_eq,lpm1,73,4,6,11,21,24,25,36,52,54,60,74,87,90,93,94,97
random_eq,lpm1,74,5,7,20,24,28,30,35,44,45,47,52,53,56,68,73,81
random_eq,lpm1,75,4,17,20,23,27,42,43,44,60,64,71,74,78,84,94,98
random_eq,lpm1,76,10,11,12,14,17,22,23,27,33,44,47,55,59,64,82,99
random_eq,lpm1,77,13,17,18,21,22,23,31,37,40,44,45,56,58,76,96,99
random_eq,lpm1,78,2,4,5,10,12,15,17,18,23,29,47,56,72,91,98,99
random_eq,lpm1,79,1,6,16,31,33,39,51,56,60,67,69,71,80,86,89,90
random_eq,lpm1,80,2,3,10,16,17,26,33,40,48,56,57,62,72,75,92,96
random_eq,lpm1,81,1,19,20,25,29,34,38,43,49,54,61,74,78,79,83,91
random_eq,lpm1,82,5,12,13,16,30,31,44,55,56,58,59,69,75,76,88,96
random_eq,lpm1,83,3,4,7,10,11,18,35,55,63,66,69,70,73,83,94,100
random_eq,lpm1,84,2,3,16,19,25,40,41,44,49,55,58,75,76,78,79,89
random_eq,lpm1,85,13,14,33,34,37,46,51,58,61,65,69,74,79,80,84,90
random_eq,lpm1,86,2,3,5,6,10,25,26,44,59,60,67,69,74,76,89,97
random_eq,lpm1,87,4,16,20,40,41,44,48,60,64,69,71,73,86,91,94,99
random_eq,lpm1,88,1,5,10,12,17,30,34,48,50,56,65,66,75,95,96,98
random_eq,lpm1,89,4,17,18,20,24,28,40,41,48,51,53,60,61,66,76,97
random_eq,lpm1,90,14,18,21,23,24,28,32,40,41,43,55,58,62,76,77,86
random_eq,lpm1,91,6,8,12,33,39,42,52,57,65,69,75,81,82,89,94,96
random_eq,lpm1,92,13,25,30,33,38,43,47,53,54,56,63,75,84,87,94,100
random_eq,lpm1,93,13,15,17,23,25,33,38,59,60,77,82,86,90,95,97,99
random_eq,lpm1,94,14,22,24,25,37,40,46,48,54,57,67,68,76,87,94,100
random_eq,lpm1,95,6,13,18,26,43,47,54,61,62,69,74,77,81,83,94,99
random_eq,lpm1,96,3,9,10,13,25,26,28,29,32,37,47,49,56,71,95,98
random_eq,lpm1,97,1,3,5,7,8,10,19,35,39,52,53,57,61,71,75,95
random_eq,lpm1,98,6,8,13,15,22,26,33,41,46,48,49,51,53,71,73,96
random_eq,lpm1,99,1,9,17,18,26,29,31,48,60,64,80,81,82,91,93,99
random_eq,lpm1,100,9,12,20,27,44,50,53,68,69,70,78,82,85,90,96,98
random_eq,lpm1,101,7,13,27,38,45,49,56,63,77,78,85,88,92,98,99,100
random_eq,lpm1,102,2,21,26,40,42,49,50,54,55,62,67,76,78,82,84,100
random_eq,lpm1,103,4,6,16,27,31,40,47,49,51,53,54,67,73,92,97,99
random_eq,lpm1,104,2,8,9,11,15,19,32,48,53,55,62,65,67,70,72,85
random_eq,lpm1,105,2,3,10,14,15,17,25,31,32,35,55,63,76,87,89,100
random_eq,lpm1,106,2,4,10,18,23,37,40,41,46,57,62,69,72,76,89,97
random_eq,lpm1,107,7,8,19,35,45,51,52,53,55,57,75,78,85,91,97,100
random_eq,lpm1,108,8,9,11,20,24,38,52,60,61,69,78,80,87,89,95,98
random_eq,lpm1,109,3,6,24,27,31,33,40,43,48,51,52,53,65,84,88,97
random_eq,lpm1,110,2,3,6,19,21,32,65,66,76,78,79,81,85,88,90,93
random_eq,lpm1,111,1,4,9,15,17,30,32,53,56,60,62,72,82,85,91,99
random_eq,lpm1,112,7,11,14,16,21,23,27,28,32,33,44,63,76,77,80,81
random_eq,lpm1,113,3,8,18,24,26,30,40,58,60,66,74,77,83,86,89,93
random_eq,lpm1,114,4,27,28,37,45,47,49,63,68,71,72,73,80,83,97,98
random_eq,lpm1,115,8,15,19,21,51,65,66,70,72,74,81,84,86,92,93,99
random_eq,lpm1,116,10,18,29,35,40,43,45,51,58,62,63,67,69,70,77,78
random_eq,lpm1,117,5,7,15,22,31,32,33,41,42,47,51,61,65,81,97,100
random_eq,lpm1,118,4,17,20,28,30,35,37,39,45,48,56,57,65,73,76,85
random_eq,lpm1,119,1,13,17,45,54,67,72,74,75,79,83,84,85,92,94,100
random_eq,lpm1,120,7,13,18,19,24,27,36,41,49,59,62,64,74,75,84,100
random_eq,lpm1,121,5,9,35,36,40,44,46,47,49,56,69,71,79,83,84,85
random_eq,lpm1,122,1,9,19,22,33,34,38,46,52,64,69,74,84,91,95,98
random_eq,lpm1,123,2,11,13,16,28,33,40,44,49,51,60,64,90,92,96,100
random_eq,lpm1,124,22,31,36,38,39,42,45,65,67,69,70,72,73,74,94,99
random_eq,lpm1,125,16,27,38,40,45,50,51,64,65,69,70,73,78,80,96,100
random_eq,lpm1,126,2,18,22,26,37,40,41,44,48,51,52,53,56,57,60,67
random_eq,lpm1,127,6,7,12,13,19,26,40,49,76,78,84,85,87,88,92,97
random_eq,lpm1,128,2,3,4,12,13,33,35,43,52,62,74,80,83,87,97,100
random_eq,lpm1,129,1,6,9,19,22,27,34,37,42,54,59,70,77,78,89,98
random_eq,lpm1,130,11,14,18,21,22,25,28,30,43,44,60,72,82,85,97,98
random_eq,lpm1,131,7,8,12,13,25,29,34,39,48,49,50,55,74,79,86,95
random_eq,lpm1,132,9,11,12,13,18,19,25,38,39,49,64,72,74,78,80,93
random_eq,lpm1,133,2,5,11,13,18,24,32,38,41,47,60,64,73,75,98,100
random_eq,lpm1,134,3,7,23,26,29,46,47,55,62,68,69,72,74,84,86,98
random_eq,lpm1,135,6,15,25,34,41,47,60,64,68,69,75,79,81,82,85,87
random_eq,lpm1,136,3,7,19,25,26,27,36,48,70,81,82,83,85,87,91,95
random_eq,lpm1,137,11,13,21,24,27,29,32,40,44,50,52,55,65,74,83,100
random_eq,lpm1,138,4,7,15,16,34,37,47,60,62,64,69,71,78,86,99,100
random_eq,lpm1,139,1,7,10,13,14,15,16,21,32,35,60,72,73,75,79,94
random_eq,lpm1,140,5,7,24,25,27,31,44,50,51,54,58,64,68,70,79,89
random_eq,lpm1,141,1,3,9,12,21,35,56,59,69,71,72,74,79,80,88,92
random_eq,lpm1,142,1,4,7,17,23,24,25,30,31,38,45,56,72,76,89,99
random_eq,lpm1,143,1,4,7,9,39,41,48,50,55,56,58,66,69,74,77,83
random_eq,lpm1,144,2,18,21,24,28,31,36,39,42,46,49,55,56,65,83,100
random_eq,lpm1,145,8,9,11,15,16,17,34,38,46,58,65,88,89,93,95,98
random_eq,lpm1,146,6,9,13,18,43,48,57,60,65,70,74,76,80,86,88,98
random_eq,lpm1,147,2,3,5,10,12,17,36,59,62,63,66,75,87,95,96,97
random_eq,lpm1,148,2,10,17,28,29,36,43,60,64,72,73,77,79,87,89,92
random_eq,lpm1,149,5,17,18,19,22,29,31,41,43,55,58,64,66,73,81,85
random_eq,lpm1,150,18,21,24,28,29,44,46,49,53,59,61,62,76,79,85,96
random_eq,lpm1,151,1,5,27,28,29,36,39,49,51,58,62,80,81,89,95,99
random_eq,lpm1,152,4,6,7,19,27,29,33,42,45,56,76,81,84,85,91,94
random_eq,lpm1,153,3,12,18,24,30,31,43,64,69,70,74,78,88,91,98,100
random_eq,lpm1,154,1,2,3,11,15,21,24,32,33,38,40,42,52,56,63,73
random_eq,lpm1,155,13,29,37,42,46,50,58,61,62,69,77,81,84,85,87,98
random_eq,lpm1,156,2,20,21,25,26,31,33,35,37,42,46,49,50,90,97,98
random_eq,lpm1,157,15,21,29,33,43,50,52,54,61,65,66,73,76,77,79,95
random_eq,lpm1,158,9,16,30,33,34,43,45,47,50,53,55,59,63,90,95,97
random_eq,lpm1,159,26,27,28,29,34,54,56,57,67,68,74,76,87,88,91,100
random_eq,lpm1,160,6,18,20,21,23,30,37,50,52,59,64,68,74,84,93,96
random_eq,lpm1,161,4,20,29,40,45,49,55,57,61,62,65,76,80,82,89,96
random_eq,lpm1,162,11,14,21,23,33,43,45,57,58,62,67,71,74,81,86,97
random_eq,lpm1,163,5,16,17,21,31,34,41,43,44,45,47,59,73,83,86,95
random_eq,lpm1,164,3,24,37,47,54,63,68,71,76,77,88,90,93,94,98,100
random_eq,lpm1,165,2,6,10,14,18,19,25,29,54,59,77,82,83,89,93,96
random_eq,lpm1,166,2,13,14,19,31,34,38,44,45,51,78,82,90,93,95,96
random_eq,lpm1,167,7,9,16,19,20,33,38,48,52,54,57,61,88,91,97,100
random_eq,lpm1,168,6,16,26,30,35,47,50,56,57,66,67,69,78,87,88,94
random_eq,lpm1,169,2,12,19,20,24,26,31,36,43,52,59,66,73,75,85,92
random_eq,lpm1,170,13,14,27,28,31,33,34,43,44,45,51,58,75,79,82,97
random_eq,lpm1,171,1,4,8,11,19,20,23,35,41,61,62,67,70,82,89,99
random_eq,lpm1,172,1,2,4,6,7,22,23,29,47,54,59,64,71,80,82,99
random_eq,lpm1,173,2,5,7,15,22,23,42,46,47,49,57,59,74,76,87,95
random_eq,lpm1,174,6,14,22,34,38,39,45,50,57,65,68,73,74,78,91,93
random_eq,lpm1,175,5,16,21,25,34,41,55,67,69,76,79,84,86,90,97,100
random_eq,lpm1,176,8,19,24,31,37,39,44,46,48,52,65,66,72,75,80,94
random_eq,lpm1,177,5,8,11,18,23,49,53,55,58,60,61,81,91,94,96,99
random_eq,lpm1,178,2,4,5,8,11,14,17,18,24,42,54,60,72,88,89,90
random_eq,lpm1,179,1,3,5,10,21,23,40,52,60,64,72,79,82,90,93,94
random_eq,lpm1,180,1,3,15,19,24,31,37,48,55,61,62,63,69,80,83,91
random_eq,lpm1,181,1,3,15,26,37,38,45,48,51,52,62,63,66,83,93,97
random_eq,lpm1,182,4,11,19,22,34,42,44,46,52,64,67,82,85,87,89,95
random_eq,lpm1,183,5,6,9,24,36,38,39,52,54,56,60,66,83,84,86,96
random_eq,lpm1,184,13,14,21,23,25,26,33,38,45,59,61,63,64,67,94,99
random_eq,lpm1,185,6,28,31,32,33,35,38,43,49,63,74,75,76,88,94,98
random_eq,lpm1,186,8,12,13,23,28,39,44,48,60,62,68,81,82,86,93,95
random_eq,lpm1,187,6,9,10,19,25,36,43,48,54,59,61,63,70,71,84,97
random_eq,lpm1,188,9,11,16,17,35,38,40,60,68,72,76,83,87,89,93,97
random_eq,lpm1,189,6,10,21,22,28,29,31,34,38,40,52,54,57,62,65,74
random_eq,lpm1,190,2,17,20,22,39,47,51,65,68,76,80,82,84,92,93,99
random_eq,lpm1,191,9,12,17,30,47,56,58,59,71,78,84,85,88,91,92,96
random_eq,lpm1,192,2,10,17,20,25,48,50,59,60,71,91,92,93,95,97,98
random_eq,lpm1,193,1,11,14,23,24,39,42,54,55,61,64,75,84,91,93,95
random_eq,lpm1,194,2,3,20,25,38,46,48,70,77,78,79,85,90,92,93,97
random_eq,lpm1,195,8,10,24,30,41,42,48,50,55,68,71,73,79,81,93,100
random_eq,lpm1,196,5,7,11,17,21,30,38,42,54,65,72,76,86,88,94,98
random_eq,lpm1,197,3,12,13,16,22,26,32,38,44,48,52,58,86,87,88,96
random_eq,lpm1,198,10,16,30,31,39,45,47,50,62,70,76,86,87,94,96,100
random_eq,lpm1,199,7,11,17,23,28,30,35,38,39,41,47,62,76,82,85,100
random_eq,lpm1,200,8,21,24,32,35,44,46,67,70,72,73,77,78,80,82,97
random_eq,lpm1,201,6,9,10,11,18,19,21,26,34,54,61,62,64,69,92,98
random_eq,lpm1,202,12,23,27,33,37,40,42,48,50,58,64,70,73,79,84,87
random_eq,lpm1,203,4,5,7,9,10,12,23,30,33,44,66,69,72,83,92,99
random_eq,lpm1,204,7,8,12,25,34,39,50,63,79,85,87,91,92,94,97,100
random_eq,lpm1,205,4,7,15,16,27,29,31,33,45,47,49,62,65,80,94,95
random_eq,lpm1,206,3,13,29,34,42,52,55,56,58,59,63,67,73,79,82,86
random_eq,lpm1,207,1,15,20,22,23,26,37,40,46,55,61,70,89,94,97,99
random_eq,lpm1,208,8,11,15,21,22,32,36,38,41,52,66,85,86,88,93,95
random_eq,lpm1,209,11,16,41,43,49,50,51,55,59,62,66,68,86,89,95,97
random_eq,lpm1,210,5,9,16,26,38,44,47,52,56,60,63,66,67,69,72,86
random_eq,lpm1,211,5,10,23,25,33,44,46,50,52,57,61,63,65,83,89,98
random_eq,lpm1,212,2,17,31,34,36,37,40,42,47,50,51,54,63,71,83,93
random_eq,lpm1,213,10,17,22,27,35,39,45,48,51,64,65,68,72,84,92,96
random_eq,lpm1,214,9,12,13,16,17,26,32,55,56,58,62,77,78,86,96,98
random_eq,lpm1,215,7,11,20,21,28,41,66,70,74,76,78,81,86,87,88,90
random_eq,lpm1,216,5,11,27,36,44,49,54,56,63,65,67,73,85,89,94,99
random_eq,lpm1,217,2,8,24,25,36,38,42,48,49,57,63,77,81,82,97,99
random_eq,lpm1,218,3,14,15,32,33,35,53,59,61,62,65,71,77,80,88,92
random_eq,lpm1,219,7,12,14,21,33,37,39,42,58,69,75,77,86,88,95,99
random_eq,lpm1,220,3,5,10,11,12,13,17,47,51,62,63,67,76,86,87,98
random_eq,lpm1,221,4,5,8,30,35,36,38,39,42,51,54,58,62,77,91,96
random_eq,lpm1,222,5,6,10,12,28,35,40,46,49,51,68,74,75,76,79,87
random_eq,lpm1,223,2,3,5,15,16,19,21,23,26,33,53,56,57,58,69,90
random_eq,lpm1,224,1,13,19,30,34,37,42,53,65,67,69,73,75,77,86,100
random_eq,lpm1,225,6,11,20,23,27,45,46,47,55,69,82,85,90,97,98,99
random_eq,lpm1,226,17,21,29,40,47,54,60,61,71,72,73,77,85,92,94,96
random_eq,lpm1,227,2,20,29,31,32,34,49,54,57,67,68,71,82,85,88,89
random_eq,lpm1,228,2,7,12,14,15,16,20,21,24,25,26,44,57,66,69,75
random_eq,lpm1,229,8,20,28,33,39,46,48,49,53,60,61,65,71,73,82,90
random_eq,lpm1,230,7,11,13,25,27,29,32,33,38,49,58,60,74,83,84,85
random_eq,lpm1,231,12,33,50,59,61,64,75,80,82,84,87,88,89,94,96,100
random_eq,lpm1,232,13,18,20,25,40,46,50,51,57,61,70,78,79,80,82,83
random_eq,lpm1,233,4,12,15,22,23,31,43,47,52,53,68,69,73,82,86,95
random_eq,lpm1,234,1,2,6,14,31,32,40,62,68,74,83,85,89,93,96,99
random_eq,lpm1,235,25,30,34,40,42,48,50,58,60,76,87,92,93,94,95,96
random_eq,lpm1,236,20,24,41,44,50,52,59,61,64,67,78,80,87,88,91,94
random_eq,lpm1,237,1,10,12,19,20,23,34,56,59,75,77,83,89,92,93,95
random_eq,lpm1,238,11,12,18,19,20,25,35,53,56,59,65,67,69,75,85,89
random_eq,lpm1,239,4,5,13,14,24,25,32,45,50,51,65,67,68,83,89,100
random_eq,lpm1,240,12,14,17,20,21,23,34,37,40,57,68,86,87,90,96,99
random_eq,lpm1,241,20,25,40,41,43,48,49,50,65,71,76,79,85,91,94,97
random_eq,lpm1,242,2,7,10,16,24,29,32,40,44,63,64,77,78,87,88,99
random_eq,lpm1,243,5,7,9,15,34,42,46,49,50,58,64,65,77,88,89,98
random_eq,lpm1,244,4,6,10,13,25,27,32,39,57,68,74,78,81,93,97,99
random_eq,lpm1,245,1,8,14,38,40,42,45,49,50,57,67,74,78,88,94,100
random_eq,lpm1,246,2,15,18,23,26,32,54,55,56,58,62,66,74,75,84,99
random_eq,lpm1,247,6,29,35,46,48,52,53,60,62,68,69,76,84,85,87,92
random_eq,lpm1,248,7,9,19,31,33,36,39,46,55,61,62,65,66,70,95,97
random_eq,lpm1,249,3,5,6,16,27,33,34,39,42,43,64,69,73,77,90,91
random_eq,lpm1,250,4,6,7,10,27,36,40,41,56,60,66,82,83,87,90,99
random_eq,lpm1,251,4,12,13,14,33,40,42,49,50,55,61,65,74,83,90,95
random_eq,lpm1,252,7,22,30,31,35,36,38,39,41,52,60,63,82,85,87,89
random_eq,lpm1,253,7,10,14,21,28,29,31,36,41,65,69,81,86,90,92,95
random_eq,lpm1,254,4,9,15,20,41,44,50,52,53,56,73,78,80,86,92,93
random_eq,lpm1,255,17,23,35,37,41,53,58,60,67,68,71,77,80,89,93,97
random_eq,lpm1,256,7,10,18,25,32,35,47,51,56,59,60,63,76,77,79,95
random_eq,lpm1,257,2,14,16,31,32,36,44,50,51,58,62,67,71,76,80,98
random_eq,lpm1,258,4,12,21,28,34,36,49,55,57,58,61,71,75,83,85,94
random_eq,lpm1,259,1,3,7,15,21,32,35,49,51,62,71,78,80,84,95,97
random_eq,lpm1,260,12,15,19,20,21,38,68,69,70,75,85,86,87,88,95,97
random_eq,lpm1,261,8,16,19,30,34,38,39,41,47,52,58,66,75,87,88,99
random_eq,lpm1,262,1,6,28,31,32,56,59,61,66,70,71,73,74,80,89,98
random_eq,lpm1,263,4,18,28,29,37,41,48,50,58,62,66,70,81,88,93,94
random_eq,lpm1,264,13,18,41,48,58,59,60,67,73,74,75,76,84,93,94,95
random_eq,lpm1,265,3,8,28,33,34,38,51,53,63,66,70,72,79,89,96,97
random_eq,lpm1,266,1,4,9,20,22,33,35,42,48,54,61,67,70,93,98,99
random_eq,lpm1,267,1,7,31,33,39,41,63,64,69,75,80,82,88,91,94,99
random_eq,lpm1,268,7,24,25,30,33,35,42,44,46,50,57,59,72,78,90,97
random_eq,lpm1,269,13,16,20,25,33,35,38,45,52,54,57,59,67,78,94,97
random_eq,lpm1,270,9,13,35,37,38,42,43,50,52,54,57,63,67,68,83,97
random_eq,lpm1,271,3,5,26,30,35,41,46,47,56,59,63,80,91,92,95,97
random_eq,lpm1,272,1,6,12,15,26,31,42,43,52,56,59,83,85,88,92,94
random_eq,lpm1,273,14,19,23,26,29,42,54,59,64,67,68,72,77,85,92,93
random_eq,lpm1,274,10,15,20,29,36,47,49,60,74,79,83,86,87,90,96,100
random_eq,lpm1,275,3,5,8,22,26,28,29,39,52,68,80,91,92,93,94,100
random_eq,lpm1,276,2,14,19,24,32,36,37,40,44,45,48,49,53,75,77,95
random_eq,lpm1,277,2,8,11,19,22,30,32,38,43,45,58,59,68,82,88,91
random_eq,lpm1,278,3,27,31,32,42,51,60,68,78,81,83,85,89,93,95,97
random_eq,lpm1,279,9,13,17,19,22,30,37,39,43,51,54,57,87,89,95,97
random_eq,lpm1,280,1,12,17,30,36,38,63,66,74,75,76,84,86,88,92,93
random_eq,lpm1,281,7,9,13,25,28,40,41,49,55,68,72,74,77,83,86,87
random_eq,lpm1,282,3,8,12,13,26,29,30,32,34,36,38,53,58,59,84,88
random_eq,lpm1,283,19,22,29,36,39,42,44,45,48,51,57,58,71,85,86,93
random_eq,lpm1,284,1,3,11,13,19,33,37,52,53,64,69,73,86,95,96,98
random_eq,lpm1,285,6,19,27,29,33,45,47,52,57,63,67,74,80,83,87,88
random_eq,lpm1,286,5,18,19,34,42,43,45,49,51,61,75,76,79,88,98,100
random_eq,lpm1,287,9,16,23,30,38,39,44,47,54,58,64,69,78,79,86,99
random_eq,lpm1,288,5,6,18,21,22,24,31,39,54,56,63,67,85,93,94,99
random_eq,lpm1,289,10,14,16,33,35,38,41,44,45,49,57,76,81,88,89,96
random_eq,lpm1,290,4,7,10,15,31,32,34,35,36,52,56,61,72,75,88,89
random_eq,lpm1,291,1,6,7,11,21,27,29,38,39,54,60,64,69,78,85,92
random_eq,lpm1,292,2,3,9,14,17,31,36,39,56,63,66,74,81,84,93,100
random_eq,lpm1,293,3,9,21,23,27,38,40,46,65,70,72,79,82,83,93,97
random_eq,lpm1,294,1,4,14,22,29,31,32,35,43,50,61,73,85,89,92,95
random_eq,lpm1,295,5,10,14,21,27,28,38,46,50,66,72,73,79,87,90,97
random_eq,lpm1,296,2,9,10,15,17,21,24,31,33,43,50,59,65,82,83,100
random_eq,lpm1,297,5,6,17,18,26,32,60,63,64,81,82,84,85,88,89,94
random_eq,lpm1,298,20,28,35,38,39,42,44,49,51,60,73,79,82,89,96,97
random_eq,lpm1,299,6,11,21,22,24,27,33,45,46,51,53,64,65,69,84,92
random_eq,lpm1,300,2,19,42,43,45,49,51,55,57,58,59,68,74,76,91,98
random_eq,lpm1,301,3,6,24,25,33,46,53,56,59,61,65,67,83,84,85,91
random_eq,lpm1,302,3,5,22,23,38,39,45,53,56,57,62,67,86,87,93,95
random_eq,lpm1,303,1,3,6,13,23,26,27,28,38,39,47,56,62,69,75,93
random_eq,lpm1,304,2,16,21,23,28,35,49,55,57,58,60,79,83,87,90,95
random_eq,lpm1,305,6,7,14,19,22,33,34,39,47,55,65,69,76,80,84,86
random_eq,lpm1,306,10,18,20,34,36,54,57,61,62,64,65,70,89,92,96,98
random_eq,lpm1,307,28,32,33,38,43,44,49,58,59,70,73,75,80,82,89,98
random_eq,lpm1,308,5,7,9,12,17,18,39,48,50,53,61,76,79,83,88,95
random_eq,lpm1,309,1,2,7,12,25,30,33,38,42,47,58,70,79,82,98,99
random_eq,lpm1,310,10,12,26,28,33,35,48,67,70,73,76,92,94,95,97,99
random_eq,lpm1,311,3,4,12,14,15,17,24,36,53,55,58,73,75,89,93,98
random_eq,lpm1,312,2,5,16,21,32,36,40,45,58,64,65,70,73,79,90,93
random_eq,lpm1,313,10,15,21,27,41,51,70,78,79,81,83,87,88,95,97,99
random_eq,lpm1,314,1,11,18,20,29,34,46,48,52,59,61,73,83,85,92,96
random_eq,lpm1,315,4,13,18,21,22,27,45,49,54,63,67,73,76,78,84,85
random_eq,lpm1,316,1,2,7,11,21,32,36,37,40,51,56,60,66,71,83,95
random_eq,lpm1,317,4,17,23,24,35,37,44,45,46,55,66,67,83,89,90,100
random_eq,lpm1,318,8,12,24,31,36,38,46,48,51,57,69,75,80,86,98,100
random_eq,lpm1,319,3,5,12,23,24,29,32,38,52,57,63,65,83,86,89,98
random_eq,lpm1,320,4,11,13,20,30,34,39,54,55,60,68,83,85,97,99,100
random_eq,lpm1,321,1,8,10,11,19,25,26,35,37,39,48,54,58,66,75,93
random_eq,lpm1,322,1,4,8,18,25,34,46,49,61,74,84,85,91,97,99,100
random_eq,lpm1,323,15,30,31,32,50,53,56,59,63,71,72,73,78,86,89,93
random_eq,lpm1,324,9,11,16,19,20,30,33,35,40,54,55,67,70,83,91,95
random_eq,lpm1,325,13,14,19,24,25,33,46,54,57,58,74,81,83,86,95,97
random_eq,lpm1,326,4,18,19,30,34,43,45,51,56,58,62,66,74,83,89,98
random_eq,lpm1,327,18,26,29,34,38,45,52,58,73,74,78,83,84,86,89,99
random_eq,lpm1,328,2,18,19,26,34,39,43,49,54,58,62,64,74,80,91,97
random_eq,lpm1,329,2,8,12,23,29,31,38,39,42,49,50,58,62,68,82,93
random_eq,lpm1,330,17,19,22,26,29,31,34,38,46,51,53,56,59,66,85,87
random_eq,lpm1,331,1,12,15,42,50,52,56,61,65,72,78,81,84,85,88,90
random_eq,lpm1,332,1,17,19,23,36,54,65,74,77,83,91,92,94,97,98,100
random_eq,lpm1,333,1,17,30,34,38,45,50,64,67,68,74,75,84,91,94,100
random_eq,lpm1,334,5,11,15,35,38,49,60,66,68,69,73,74,81,83,94,95
random_eq,lpm1,335,13,16,21,22,28,32,35,49,56,65,68,77,80,95,97,98
random_eq,lpm1,336,1,13,20,22,27,28,33,37,40,45,49,55,64,85,88,93
random_eq,lpm1,337,3,20,23,39,41,47,52,53,55,61,64,80,82,84,93,95
random_eq,lpm1,338,3,11,17,20,24,30,42,45,48,78,80,81,83,87,90,94
random_eq,lpm1,339,2,7,10,17,19,22,23,26,40,54,55,64,72,74,77,78
random_eq,lpm1,340,5,10,18,28,39,51,56,60,63,65,69,81,86,90,91,100
random_eq,lpm1,341,2,11,14,18,39,43,47,50,51,54,58,68,74,75,77,83
random_eq,lpm1,342,3,6,9,20,25,27,33,34,39,43,45,66,70,78,79,85
random_eq,lpm1,343,2,6,8,31,35,38,46,52,53,66,67,69,75,78,87,88
random_eq,lpm1,344,3,7,15,17,21,28,36,37,42,45,56,58,61,73,79,83
random_eq,lpm1,345,14,15,19,25,27,34,41,47,53,55,59,69,72,75,85,87
random_eq,lpm1,346,6,8,11,17,19,20,24,38,47,51,53,60,75,85,93,98
random_eq,lpm1,347,2,15,16,19,22,31,33,35,37,52,54,56,65,72,73,89
random_eq,lpm1,348,4,5,10,13,17,19,40,56,77,84,87,88,92,93,94,95
random_eq,lpm1,349,3,5,11,16,17,20,33,34,40,46,47,62,65,76,86,96
random_eq,lpm1,350,4,6,8,16,20,21,22,30,37,47,49,60,73,87,96,98
random_eq,lpm1,351,9,18,20,24,29,30,35,41,53,60,65,69,89,90,96,99
random_eq,lpm1,352,10,18,25,31,45,51,52,54,65,76,82,86,89,96,98,100
random_eq,lpm1,353,2,4,8,17,18,35,36,45,46,53,57,62,66,92,98,100
random_eq,lpm1,354,7,8,9,18,21,24,40,41,46,52,57,63,79,82,88,100
random_eq,lpm1,355,1,2,11,34,36,38,39,45,52,53,58,67,73,83,85,99
random_eq,lpm1,356,3,4,5,14,15,22,42,49,51,58,60,82,85,87,91,96
random_eq,lpm1,357,1,6,9,30,31,41,46,56,59,62,66,67,79,83,85,89
random_eq,lpm1,358,3,8,35,42,46,47,52,58,67,69,78,79,87,88,92,97
random_eq,lpm1,359,1,3,9,14,22,23,33,35,37,63,69,76,78,79,80,93
random_eq,lpm1,360,6,8,9,24,25,38,39,46,48,66,69,86,87,91,97,99
random_eq,lpm1,361,6,12,21,23,26,36,37,44,49,67,76,77,86,94,98,99
random_eq,lpm1,362,2,6,10,13,22,25,31,37,40,45,52,55,64,87,93,99
random_eq,lpm1,363,3,8,11,12,13,16,17,18,20,39,61,88,89,92,94,96
random_eq,lpm1,364,5,13,20,41,49,60,64,79,81,85,87,88,90,93,94,99
random_eq,lpm1,365,17,19,22,31,34,40,47,57,63,66,76,85,87,92,94,96
random_eq,lpm1,366,1,19,20,25,30,35,47,49,54,55,65,67,74,75,80,84
random_eq,lpm1,367,2,8,11,17,25,26,28,34,46,71,78,85,89,90,98,100
random_eq,lpm1,368,3,4,8,15,18,21,31,34,35,42,49,58,63,85,92,97
random_eq,lpm1,369,2,6,28,36,38,40,46,48,56,57,60,80,88,90,91,93
random_eq,lpm1,370,4,10,11,13,17,22,32,39,50,51,55,64,74,78,86,95
random_eq,lpm1,371,2,13,16,22,23,26,36,39,41,46,48,50,56,72,77,87
random_eq,lpm1,372,18,20,29,31,37,41,51,53,69,80,81,84,86,90,91,96
random_eq,lpm1,373,3,16,19,21,34,39,43,49,61,62,68,71,76,80,88,100
random_eq,lpm1,374,16,23,24,35,49,55,59,60,64,65,68,70,72,75,89,96
random_eq,lpm1,375,7,11,15,18,34,37,49,50,54,61,66,73,76,78,80,95
random_eq,lpm1,376,20,26,31,35,38,39,46,49,60,66,68,73,76,85,91,97
random_eq,lpm1,377,9,12,20,25,30,34,36,41,46,53,55,59,64,65,82,84
random_eq,lpm1,378,1,8,10,18,20,22,30,31,35,48,51,54,55,59,60,84
random_eq,lpm1,379,12,15,16,19,25,27,35,36,52,63,65,66,71,76,77,94
random_eq,lpm1,380,2,24,46,54,63,67,71,73,78,80,81,83,89,97,99,100
random_eq,lpm1,381,1,2,7,8,24,36,38,54,62,63,70,72,74,84,89,99
random_eq,lpm1,382,7,11,21,24,33,45,52,59,65,73,80,82,83,94,99,100
random_eq,lpm1,383,18,19,20,36,41,43,45,48,59,61,70,82,83,88,94,95
random_eq,lpm1,384,8,10,13,27,33,52,53,54,57,59,65,71,93,94,95,97
random_eq,lpm1,385,17,30,33,40,41,42,45,47,56,71,73,77,79,83,92,95
random_eq,lpm1,386,1,20,23,28,30,32,35,39,43,53,54,55,64,65,66,75
random_eq,lpm1,387,2,13,16,17,31,40,41,43,65,68,73,78,80,90,97,99
random_eq,lpm1,388,1,8,9,11,16,17,36,43,50,55,59,63,66,89,97,98
random_eq,lpm1,389,2,6,16,31,33,42,44,46,50,70,73,76,89,90,93,96
random_eq,lpm1,390,4,6,7,9,15,22,33,38,48,53,66,69,84,88,92,99
random_eq,lpm1,391,6,11,21,27,28,33,40,42,49,60,62,65,69,74,83,92
random_eq,lpm1,392,3,12,16,18,23,39,41,52,55,61,64,79,81,89,90,95
random_eq,lpm1,393,13,14,18,19,21,25,32,43,58,59,67,68,79,82,83,97
random_eq,lpm1,394,15,17,19,30,32,34,36,44,48,71,73,79,80,82,83,100
random_eq,lpm1,395,11,13,23,24,28,33,36,43,45,52,54,59,72,74,86,90
random_eq,lpm1,396,9,26,34,37,42,43,50,54,61,62,67,71,85,91,95,97
random_eq,lpm1,397,16,20,32,34,36,38,40,43,49,53,57,61,64,73,87,97
random_eq,lpm1,398,3,13,14,25,37,42,46,51,56,71,78,79,86,93,98,100
random_eq,lpm1,399,7,13,16,17,26,29,35,44,48,50,51,55,59,72,76,88
random_eq,lpm1,400,8,19,29,37,42,45,68,69,77,78,79,85,86,90,95,98
random_eq,lpm1,401,3,5,8,20,22,23,40,43,49,53,57,61,65,71,82,91
random_eq,lpm1,402,7,11,13,18,19,20,26,32,49,53,56,59,78,88,90,92
random_eq,lpm1,403,10,13,16,17,25,26,28,32,39,51,57,58,64,71,92,93
random_eq,lpm1,404,2,9,12,17,28,37,48,63,65,67,68,76,77,80,81,91
random_eq,lpm1,405,2,6,9,17,21,25,26,40,47,54,60,64,68,71,82,84
random_eq,lpm1,406,11,17,18,26,28,29,34,48,54,58,62,83,91,92,93,98
random_eq,lpm1,407,22,27,40,53,55,60,62,69,70,71,72,78,80,84,91,96
random_eq,lpm1,408,4,9,10,13,14,31,34,39,41,44,46,47,50,55,69,76
random_eq,lpm1,409,14,20,21,23,35,37,39,41,44,49,66,71,73,79,83,99
random_eq,lpm1,410,3,6,9,14,18,27,43,44,56,57,59,66,74,79,88,89
random_eq,lpm1,411,5,27,31,32,39,46,48,51,52,57,68,72,73,76,80,83
random_eq,lpm1,412,5,10,18,25,26,28,29,38,45,56,57,58,69,74,93,94
random_eq,lpm1,413,11,17,23,29,36,39,48,58,60,64,65,77,85,92,94,96
random_eq,lpm1,414,7,9,23,27,42,44,54,57,60,64,69,72,81,82,87,91
random_eq,lpm1,415,7,10,15,16,24,27,45,48,52,55,58,64,66,69,73,77
random_eq,lpm1,416,5,9,11,15,16,18,25,34,42,45,50,56,61,63,69,92
random_eq,lpm1,417,10,12,15,16,30,34,36,38,48,52,62,63,64,65,93,99
random_eq,lpm1,418,9,16,17,36,37,39,41,50,51,53,56,57,65,86,96,100
random_eq,lpm1,419,1,2,9,16,28,32,40,42,56,63,71,72,76,90,91,96
random_eq,lpm1,420,1,3,14,20,26,36,43,59,60,74,75,85,86,89,92,97
random_eq,lpm1,421,9,15,24,27,30,37,45,59,65,70,72,73,78,83,91,96
random_eq,lpm1,422,1,4,7,9,14,15,16,21,27,28,38,41,72,78,83,88
random_eq,lpm1,423,2,11,16,20,26,30,36,43,51,60,69,71,75,80,83,89
random_eq,lpm1,424,10,13,23,24,38,41,48,50,52,64,69,72,77,79,87,94
random_eq,lpm1,425,14,15,24,37,45,46,47,53,57,59,61,64,71,72,75,88
random_eq,lpm1,426,6,11,13,14,15,20,25,27,28,55,60,71,80,81,90,93
random_eq,lpm1,427,4,6,11,17,23,28,36,43,54,66,76,80,82,86,87,90
random_eq,lpm1,428,3,8,11,24,29,30,35,42,43,51,54,67,71,72,74,78
random_eq,lpm1,429,2,22,23,30,31,33,37,38,40,45,53,63,64,66,84,93
random_eq,lpm1,430,3,4,9,18,19,21,24,42,52,55,69,74,83,86,90,100
random_eq,lpm1,431,6,8,15,23,26,28,33,42,45,59,61,69,78,92,94,97
random_eq,lpm1,432,1,6,9,16,18,35,38,40,41,57,67,69,70,76,88,89
random_eq,lpm1,433,1,7,9,14,27,31,38,42,48,54,56,78,79,80,99,100
random_eq,lpm1,434,1,7,8,17,36,39,42,51,54,61,71,72,74,77,90,99
random_eq,lpm1,435,7,11,17,21,22,40,58,61,62,78,85,87,92,94,95,99
random_eq,lpm1,436,2,19,20,21,39,41,49,55,65,66,67,68,70,80,88,97
random_eq,lpm1,437,6,24,41,43,47,49,56,59,65,70,77,78,79,80,90,94
random_eq,lpm1,438,20,28,31,32,34,35,36,45,51,55,70,80,87,89,90,97
random_eq,lpm1,439,12,16,19,25,34,36,52,55,65,67,69,75,79,86,91,100
random_eq,lpm1,440,7,11,14,16,18,28,48,60,64,66,69,81,88,92,95,97
random_eq,lpm1,441,6,8,16,31,35,40,48,49,50,54,57,61,66,83,87,92
random_eq,lpm1,442,3,13,18,22,25,30,31,56,59,60,63,69,80,82,89,93
random_eq,lpm1,443,9,17,18,22,24,28,44,45,57,59,64,66,67,82,89,97
random_eq,lpm1,444,2,10,14,15,21,25,44,46,50,56,58,59,69,75,79,92
random_eq,lpm1,445,2,8,10,20,31,41,46,57,67,69,81,82,87,88,90,91
random_eq,lpm1,446,3,11,18,20,22,23,25,26,29,61,66,69,81,82,96,98
random_eq,lpm1,447,1,5,7,12,16,19,29,33,39,47,52,53,58,73,77,83
random_eq,lpm1,448,4,18,27,31,40,42,51,52,54,58,60,64,75,78,91,92
random_eq,lpm1,449,7,23,27,30,37,42,54,59,62,64,68,69,78,84,95,99
random_eq,lpm1,450,5,12,27,28,29,30,36,40,43,57,65,76,80,82,89,90
random_eq,lpm1,451,12,13,17,25,26,28,53,61,64,68,71,72,81,92,96,97
random_eq,lpm1,452,3,4,18,20,21,22,28,29,37,55,61,64,66,73,93,100
random_eq,lpm1,453,14,15,18,20,26,29,34,37,43,44,60,76,84,85,86,91
random_eq,lpm1,454,5,7,23,28,31,34,47,52,54,64,66,79,92,94,95,99
random_eq,lpm1,455,7,11,23,28,32,33,37,49,61,62,71,77,81,83,89,95
random_eq,lpm1,456,16,19,25,27,43,54,56,59,66,70,75,77,87,89,94,95
random_eq,lpm1,457,3,19,21,22,26,29,30,55,63,69,77,82,87,88,94,96
random_eq,lpm1,458,1,24,25,36,38,40,47,50,53,56,57,69,70,72,86,96
random_eq,lpm1,459,1,3,10,12,17,20,24,30,39,41,75,77,84,91,92,94
random_eq,lpm1,460,5,19,23,30,32,36,40,57,58,62,64,67,71,89,92,94
random_eq,lpm1,461,3,4,17,29,35,37,38,42,47,70,84,87,88,93,96,100
random_eq,lpm1,462,4,9,11,21,24,36,38,42,45,46,62,69,72,83,97,98
random_eq,lpm1,463,14,19,26,31,34,36,37,47,51,54,58,64,66,81,93,98
random_eq,lpm1,464,14,21,22,25,28,34,38,39,45,58,64,65,67,68,74,94
random_eq,lpm1,465,3,8,15,16,18,19,21,31,38,51,63,70,86,88,93,100
random_eq,lpm1,466,2,25,28,33,34,39,43,45,52,56,58,66,77,81,82,89
random_eq,lpm1,467,4,14,18,21,23,31,41,60,72,81,82,83,86,92,96,97
random_eq,lpm1,468,3,15,27,29,31,38,47,51,58,63,69,70,74,87,88,90
random_eq,lpm1,469,6,18,21,23,32,35,42,46,50,56,75,76,79,81,92,98
random_eq,lpm1,470,6,18,25,38,42,45,46,48,51,57,59,64,67,69,85,86
random_eq,lpm1,471,3,4,10,12,28,34,36,44,48,56,67,69,74,90,93,94
random_eq,lpm1,472,2,3,11,13,25,37,40,41,49,55,58,67,68,70,76,85
random_eq,lpm1,473,16,22,27,32,37,38,45,48,51,52,56,66,67,77,79,100
random_eq,lpm1,474,2,10,38,43,45,48,50,62,63,69,70,75,77,82,87,98
random_eq,lpm1,475,4,10,11,12,15,21,22,30,37,56,66,86,87,94,95,99
random_eq,lpm1,476,4,7,13,34,36,44,45,49,57,64,73,75,80,86,92,95
random_eq,lpm1,477,8,16,17,30,31,33,34,40,44,60,66,73,75,92,93,96
random_eq,lpm1,478,13,21,28,34,46,52,61,67,75,77,79,83,87,88,92,95
random_eq,lpm1,479,1,3,13,14,20,23,29,37,40,45,48,65,69,79,94,96
random_eq,lpm1,480,3,4,5,13,14,19,23,25,32,65,80,86,92,97,98,100
random_eq,lpm1,481,1,7,10,23,35,39,41,47,52,57,64,75,79,92,95,99
random_eq,lpm1,482,1,14,15,20,23,25,31,32,38,48,53,60,64,75,86,96
random_eq,lpm1,483,7,8,14,20,22,31,33,37,42,46,54,61,78,80,91,98
random_eq,lpm1,484,1,7,25,32,37,46,48,52,55,56,58,61,74,75,81,84
random_eq,lpm1,485,11,13,18,28,29,30,42,55,60,63,68,69,73,82,86,98
random_eq,lpm1,486,3,6,12,15,33,38,40,42,49,56,57,73,82,89,94,97
random_eq,lpm1,487,14,18,23,25,28,36,54,60,74,79,86,90,91,92,93,100
random_eq,lpm1,488,1,7,8,13,15,40,46,51,52,57,63,65,71,74,75,86
random_eq,lpm1,489,2,5,11,15,17,28,56,60,65,73,81,82,83,89,90,95
random_eq,lpm1,490,5,6,15,22,26,32,36,40,42,47,60,61,92,93,94,97
random_eq,lpm1,491,12,18,22,26,48,50,52,59,62,63,74,76,84,85,86,91
random_eq,lpm1,492,4,12,13,20,23,29,30,36,37,42,65,81,84,90,93,94
random_eq,lpm1,493,1,5,10,19,23,29,32,34,35,65,67,72,76,84,89,93
random_eq,lpm1,494,6,7,11,12,15,17,21,29,34,36,37,42,50,62,65,85
random_eq,lpm1,495,4,5,11,15,17,19,48,51,61,63,71,73,83,85,99,100
random_eq,lpm1,496,13,16,37,43,48,50,59,67,68,70,72,76,84,86,88,90
random_eq,lpm1,497,9,12,15,21,24,26,52,61,63,76,77,78,80,95,98,99
random_eq,lpm1,498,1,23,28,54,57,58,61,64,67,69,74,85,90,91,92,98
random_eq,lpm1,499,1,3,12,14,23,36,37,48,55,58,61,75,76,79,81,98
random_eq,lpm1,500,1,3,4,10,14,15,19,25,48,57,64,72,82,86,90,91
random_eq,lpm1,501,1,2,4,5,7,20,22,24,33,41,60,70,80,84,88,91
random_eq,lpm1,502,3,10,19,23,35,36,38,40,54,56,63,74,79,87,93,97
random_eq,lpm1,503,1,10,16,25,31,32,40,48,49,57,58,60,67,76,91,94
random_eq,lpm1,504,3,4,8,11,14,15,21,22,33,37,38,66,72,73,86,93
random_eq,lpm1,505,1,25,28,40,54,56,60,61,69,71,72,79,80,82,83,91
random_eq,lpm1,506,11,16,19,20,34,42,44,52,54,55,59,61,67,75,78,83
random_eq,lpm1,507,8,9,10,20,21,24,36,45,46,52,61,65,77,82,90,98
random_eq,lpm1,508,19,21,27,36,42,43,49,51,63,64,65,72,74,75,79,98
random_eq,lpm1,509,3,6,7,15,16,25,30,38,68,69,76,78,79,86,87,97
random_eq,lpm1,510,5,16,18,20,27,49,64,73,79,84,91,92,94,96,98,99
random_eq,lpm1,511,6,25,29,32,34,46,54,56,68,78,80,81,82,84,89,93
random_eq,lpm1,512,2,6,8,10,13,17,26,34,37,45,48,73,77,78,81,93
random_eq,lpm1,513,11,17,20,37,39,51,53,65,67,70,75,83,86,91,99,100
random_eq,lpm1,514,3,11,20,23,24,32,36,44,55,57,61,67,82,83,89,94
random_eq,lpm1,515,5,7,13,15,29,31,35,36,41,44,59,61,62,69,76,87
random_eq,lpm1,516,1,7,14,19,23,31,34,39,42,55,58,69,74,83,91,97
random_eq,lpm1,517,4,14,28,29,31,33,35,43,44,45,53,55,64,67,73,91
random_eq,lpm1,518,5,6,7,23,30,36,39,50,54,57,62,64,71,75,89,94
random_eq,lpm1,519,3,5,10,12,24,30,39,55,57,63,73,75,87,93,94,95
random_eq,lpm1,520,6,12,17,19,21,24,39,42,57,61,63,76,78,82,88,90
random_eq,lpm1,521,4,9,11,15,25,42,43,48,49,54,60,63,64,71,86,91
random_eq,lpm1,522,7,14,20,24,29,47,54,60,64,73,79,80,87,92,95,98
random_eq,lpm1,523,13,23,25,30,40,45,48,49,72,74,75,79,87,94,96,99
random_eq,lpm1,524,1,11,14,21,29,32,39,46,54,62,66,67,88,92,93,95
random_eq,lpm1,525,1,8,13,15,26,32,37,45,48,51,57,70,72,75,77,86
random_eq,lpm1,526,8,13,19,21,25,30,31,34,41,51,55,65,70,82,95,96
random_eq,lpm1,527,2,15,17,19,21,31,32,37,58,62,68,71,83,88,93,97
random_eq,lpm1,528,1,2,5,6,15,29,32,34,38,49,57,60,64,65,85,98
random_eq,lpm1,529,3,14,23,39,48,53,55,69,73,76,81,84,86,94,96,100
random_eq,lpm1,530,4,9,10,25,26,27,46,49,50,53,67,72,76,77,91,92
random_eq,lpm1,531,3,6,13,26,33,38,39,53,57,64,75,82,86,88,93,96
random_eq,lpm1,532,19,24,31,35,41,47,58,73,74,75,84,85,87,93,96,97
random_eq,lpm1,533,3,4,7,19,25,31,34,44,47,52,66,68,76,82,86,98
random_eq,lpm1,534,6,24,26,27,30,41,47,53,57,59,60,62,64,66,78,93
random_eq,lpm1,535,12,15,18,35,42,52,55,57,65,74,79,89,90,93,94,100
random_eq,lpm1,536,1,14,29,35,42,46,47,58,59,69,73,78,83,84,92,99
random_eq,lpm1,537,9,13,19,25,52,53,57,58,71,76,81,90,92,93,95,96
random_eq,lpm1,538,5,8,13,18,30,35,39,42,50,51,52,54,58,79,80,96
random_eq,lpm1,539,13,23,25,26,28,34,46,52,54,67,71,75,78,81,92,95
random_eq,lpm1,540,6,7,8,10,12,29,30,34,39,44,47,53,55,78,88,99
random_eq,lpm1,541,3,4,7,10,11,14,16,19,20,23,29,39,47,56,68,87
random_eq,lpm1,542,12,18,19,21,31,35,36,37,46,51,59,66,70,73,97,100
random_eq,lpm1,543,10,12,15,36,37,58,59,65,70,83,86,90,91,93,94,99
random_eq,lpm1,544,4,5,6,12,13,15,16,27,40,43,53,56,62,69,83,87
random_eq,lpm1,545,7,9,12,22,25,27,41,55,63,66,68,69,79,85,87,100
random_eq,lpm1,546,7,17,20,22,24,30,38,39,45,53,62,79,87,91,94,99
random_eq,lpm1,547,3,14,21,24,41,43,53,59,65,68,73,80,83,84,86,100
random_eq,lpm1,548,9,25,33,44,53,54,55,59,60,64,69,72,79,84,86,97
random_eq,lpm1,549,8,9,10,23,24,27,36,39,41,43,49,57,60,79,87,91
random_eq,lpm1,550,9,23,26,32,36,40,42,43,47,50,52,57,61,82,87,100
random_eq,lpm1,551,8,9,21,25,26,28,30,32,33,40,47,55,63,70,80,99
random_eq,lpm1,552,3,10,13,17,25,35,37,40,43,56,57,58,71,78,83,94
random_eq,lpm1,553,1,6,19,22,26,49,53,56,61,68,81,85,88,92,98,99
random_eq,lpm1,554,5,18,30,31,32,35,36,52,56,59,60,63,67,82,90,99
random_eq,lpm1,555,1,10,20,23,26,41,50,61,66,68,69,75,76,82,84,96
random_eq,lpm1,556,12,13,17,18,21,25,31,37,44,51,64,67,84,86,90,99
random_eq,lpm1,557,11,18,36,41,43,47,49,53,61,66,73,81,94,95,97,99
random_eq,lpm1,558,2,19,25,31,36,37,43,57,69,71,74,76,81,89,90,100
random_eq,lpm1,559,2,26,36,38,41,49,64,67,77,84,85,87,88,90,91,92
random_eq,lpm1,560,3,7,13,15,24,26,47,56,58,61,69,77,78,82,83,94
random_eq,lpm1,561,18,23,25,28,31,35,38,40,47,54,63,70,74,83,96,100
random_eq,lpm1,562,5,21,28,38,44,45,63,69,70,76,77,82,85,90,94,96
random_eq,lpm1,563,5,8,9,14,21,27,31,32,36,40,49,66,71,72,88,99
random_eq,lpm1,564,1,6,10,21,24,28,29,31,36,37,59,60,61,62,88,93
random_eq,lpm1,565,10,12,17,19,30,31,44,48,55,59,67,73,76,86,87,90
random_eq,lpm1,566,1,5,7,8,9,17,19,30,37,40,58,62,66,79,89,99
random_eq,lpm1,567,1,3,5,19,26,29,36,39,43,56,61,62,70,72,81,85
random_eq,lpm1,568,1,2,8,14,25,38,41,51,53,67,79,81,90,93,95,99
random_eq,lpm1,569,8,11,13,14,15,24,53,54,65,68,73,89,96,97,99,100
random_eq,lpm1,570,14,15,16,18,31,34,42,43,44,48,50,64,81,84,90,91
random_eq,lpm1,571,4,9,37,39,45,46,49,61,62,65,66,72,76,84,89,97
random_eq,lpm1,572,1,5,14,17,22,25,27,34,42,46,50,55,57,58,91,98
random_eq,lpm1,573,2,10,12,23,35,40,44,47,55,64,71,82,90,93,97,99
random_eq,lpm1,574,5,6,9,15,16,17,18,19,30,31,35,44,62,66,89,97
random_eq,lpm1,575,5,10,12,13,22,24,25,26,28,33,35,44,93,94,95,96
random_eq,lpm1,576,6,9,15,29,37,40,41,50,53,61,76,79,80,87,89,93
random_eq,lpm1,577,1,7,15,16,18,23,29,35,49,53,54,70,79,83,99,100
random_eq,lpm1,578,4,30,37,39,45,48,49,53,62,68,75,76,77,84,96,100
random_eq,lpm1,579,20,23,30,37,39,48,50,54,70,71,76,84,86,90,91,95
random_eq,lpm1,580,12,14,16,27,29,40,44,47,50,66,67,68,71,73,92,93
random_eq,lpm1,581,5,6,26,43,52,56,60,63,68,71,73,84,89,90,92,94
random_eq,lpm1,582,14,20,24,25,54,68,71,76,77,84,85,86,91,93,95,98
random_eq,lpm1,583,13,14,19,23,26,27,40,44,48,64,75,82,84,92,94,96
random_eq,lpm1,584,3,4,5,9,10,23,43,49,56,68,72,84,86,90,92,100
random_eq,lpm1,585,3,4,6,7,9,13,16,30,31,34,37,40,64,69,80,87
random_eq,lpm1,586,2,6,12,13,20,22,23,31,35,39,43,62,69,71,85,99
random_eq,lpm1,587,6,9,11,12,20,29,33,37,40,48,50,61,64,71,80,96
random_eq,lpm1,588,3,7,24,26,36,37,41,52,61,62,63,71,83,84,88,91
random_eq,lpm1,589,3,10,13,22,27,37,44,54,56,57,63,67,71,73,78,81
random_eq,lpm1,590,8,26,33,37,41,44,50,51,52,57,58,62,85,86,91,96
random_eq,lpm1,591,1,4,7,20,34,45,48,61,69,71,74,75,83,84,88,98
random_eq,lpm1,592,4,8,16,18,24,30,41,43,55,57,60,62,63,75,91,95
random_eq,lpm1,593,5,26,28,29,30,33,39,41,43,53,58,76,81,88,89,94
random_eq,lpm1,594,2,13,19,21,23,24,39,41,55,70,78,84,90,93,95,97
random_eq,lpm1,595,8,9,11,14,34,40,45,48,50,55,65,69,72,78,85,88
random_eq,lpm1,596,8,11,14,24,37,42,45,46,58,59,62,71,78,86,94,96
random_eq,lpm1,597,5,14,26,29,32,35,43,53,58,59,60,62,82,83,89,92
random_eq,lpm1,598,5,9,19,24,33,35,45,58,63,64,65,66,79,80,84,93
random_eq,lpm1,599,2,6,11,16,23,28,43,44,49,50,53,55,66,75,77,81
random_eq,lpm1,600,14,23,25,26,55,57,61,66,68,82,89,90,95,96,98,99
random_eq,lpm1,601,1,7,13,15,23,31,40,52,53,55,60,73,82,83,86,95
random_eq,lpm1,602,4,7,9,13,23,38,41,52,68,69,72,74,83,98,99,100
random_eq,lpm1,603,6,12,15,16,20,26,28,42,44,53,62,69,81,83,94,97
random_eq,lpm1,604,3,5,11,18,19,21,22,23,30,39,62,66,69,74,81,95
random_eq,lpm1,605,7,14,28,34,35,39,44,47,53,54,60,68,71,76,77,88
random_eq,lpm1,606,16,25,28,30,32,37,52,59,64,66,67,68,71,77,78,95
random_eq,lpm1,607,15,16,25,26,27,28,42,44,47,52,55,56,59,60,63,75
random_eq,lpm1,608,3,5,9,18,20,25,27,30,36,39,43,60,64,79,80,95
random_eq,lpm1,609,2,3,22,24,39,54,62,63,69,72,78,79,80,87,91,97
random_eq,lpm1,610,6,33,41,49,53,56,60,62,71,77,81,82,86,91,94,98
random_eq,lpm1,611,6,16,24,43,47,50,52,65,69,71,78,79,81,83,88,94
random_eq,lpm1,612,1,4,6,8,9,27,30,33,34,50,69,82,84,88,91,96
random_eq,lpm1,613,6,10,23,26,28,31,34,38,60,76,82,89,90,93,97,99
random_eq,lpm1,614,2,10,11,20,24,26,28,37,41,46,49,51,56,67,78,90
random_eq,lpm1,615,8,16,18,19,22,26,27,29,34,42,43,48,63,70,77,95
random_eq,lpm1,616,3,4,7,9,13,20,21,23,27,38,52,53,56,60,65,77
random_eq,lpm1,617,4,5,14,21,36,44,45,46,49,64,73,85,86,92,95,96
random_eq,lpm1,618,5,16,17,21,25,38,46,56,59,77,84,87,93,94,95,97
random_eq,lpm1,619,2,10,21,22,24,28,38,43,44,54,60,63,70,82,87,88
random_eq,lpm1,620,7,21,33,41,46,50,51,52,57,58,71,73,74,75,81,97
random_eq,lpm1,621,18,19,24,52,54,58,61,65,66,79,80,82,83,91,93,98
random_eq,lpm1,622,9,13,16,26,27,28,50,52,56,58,59,67,68,77,88,94
random_eq,lpm1,623,20,28,29,31,37,41,43,47,70,71,76,81,88,90,91,94
random_eq,lpm1,624,8,15,22,31,36,42,46,49,50,58,82,86,87,88,89,93
random_eq,lpm1,625,8,17,19,27,33,42,43,45,67,71,75,79,82,85,88,100
random_eq,lpm1,626,2,7,9,10,20,33,41,46,56,71,73,79,82,84,91,95
random_eq,lpm1,627,2,10,15,19,46,49,54,57,63,68,74,75,88,91,92,95
random_eq,lpm1,628,8,9,26,34,35,44,46,53,67,70,72,77,82,84,91,97
random_eq,lpm1,629,6,22,28,33,34,46,54,55,62,69,74,76,81,86,89,99
random_eq,lpm1,630,9,13,20,23,33,49,50,54,64,65,71,77,85,90,92,98
random_eq,lpm1,631,11,22,25,26,38,39,46,52,54,58,66,78,82,85,94,99
random_eq,lpm1,632,5,20,22,23,26,27,29,38,39,42,49,56,60,89,92,96
random_eq,lpm1,633,2,5,15,20,24,26,31,36,38,46,53,54,59,62,64,70
random_eq,lpm1,634,20,30,31,37,40,45,51,56,70,78,80,86,90,91,99,100
random_eq,lpm1,635,6,11,17,19,23,26,30,36,55,56,59,82,91,94,96,99
random_eq,lpm1,636,1,10,11,13,16,17,34,40,48,51,56,67,68,76,95,99
random_eq,lpm1,637,9,15,30,33,34,41,49,53,63,65,66,84,85,90,97,100
random_eq,lpm1,638,12,15,28,30,35,36,56,57,65,66,71,74,79,83,85,100
random_eq,lpm1,639,2,4,10,18,29,34,37,44,67,69,70,73,76,89,95,99
random_eq,lpm1,640,23,24,27,28,29,46,48,52,56,57,58,59,65,68,82,90
random_eq,lpm1,641,1,4,11,22,24,45,46,49,53,56,61,62,71,72,78,89
random_eq,lpm1,642,1,3,8,23,24,28,30,32,36,39,47,62,63,77,82,97
random_eq,lpm1,643,5,9,10,18,20,23,24,26,41,47,49,60,76,84,96,98
random_eq,lpm1,644,8,10,15,17,19,31,51,61,63,71,78,91,92,93,97,100
random_eq,lpm1,645,4,22,27,43,44,58,66,67,68,69,81,85,88,92,97,99
random_eq,lpm1,646,1,12,15,30,33,35,50,58,62,66,69,71,74,76,81,94
random_eq,lpm1,647,6,13,16,17,22,23,40,48,57,60,64,65,78,80,86,96
random_eq,lpm1,648,1,8,12,14,15,16,20,23,26,28,35,48,53,55,90,93
random_eq,lpm1,649,3,7,15,33,34,49,53,56,57,58,60,71,73,75,82,85
random_eq,lpm1,650,2,3,4,5,10,23,25,32,34,39,64,67,68,91,93,95
random_eq,lpm1,651,7,8,12,13,36,42,49,55,58,59,75,79,86,87,88,99
random_eq,lpm1,652,11,22,44,46,53,58,61,67,68,70,73,81,89,92,93,99
random_eq,lpm1,653,8,9,28,33,40,42,43,49,54,55,61,74,77,87,88,95
random_eq,lpm1,654,5,17,29,31,32,34,38,46,47,50,56,57,72,88,91,92
random_eq,lpm1,655,1,11,28,30,34,37,46,47,58,59,62,71,81,83,85,97
random_eq,lpm1,656,2,11,24,26,33,40,50,52,53,54,56,58,66,78,83,93
random_eq,lpm1,657,10,12,23,24,27,36,40,43,47,49,66,76,84,87,95,97
random_eq,lpm1,658,4,11,17,19,30,47,51,58,74,75,76,78,85,93,97,98
random_eq,lpm1,659,29,30,37,43,45,53,62,64,65,66,68,71,72,81,98,99
random_eq,lpm1,660,13,18,25,31,32,34,45,52,57,59,67,82,85,90,97,100
random_eq,lpm1,661,3,6,7,9,21,22,23,28,34,40,46,49,63,64,74,79
random_eq,lpm1,662,7,12,17,26,30,35,37,47,50,51,57,87,90,91,95,97
random_eq,lpm1,663,9,17,21,22,26,27,28,37,46,54,55,64,68,81,88,100
random_eq,lpm1,664,1,2,6,13,17,21,26,56,60,73,77,90,92,93,96,98
random_eq,lpm1,665,12,17,18,26,27,28,29,35,39,47,51,67,73,74,92,95
random_eq,lpm1,666,2,3,4,5,15,18,24,29,31,62,63,65,69,76,82,88
random_eq,lpm1,667,1,12,13,19,20,24,26,27,39,53,64,77,78,80,90,93
random_eq,lpm1,668,1,14,21,32,33,35,49,50,51,57,62,67,72,75,76,80
random_eq,lpm1,669,4,8,16,24,39,44,52,54,61,67,73,77,81,89,95,97
random_eq,lpm1,670,10,15,17,21,24,27,32,51,55,56,58,62,68,71,77,84
random_eq,lpm1,671,2,4,9,19,23,31,36,45,52,53,63,66,76,84,87,92
random_eq,lpm1,672,2,4,22,25,28,34,42,43,48,54,68,70,87,92,98,100
random_eq,lpm1,673,4,17,18,35,37,46,54,56,58,61,66,73,80,89,93,99
random_eq,lpm1,674,20,22,27,36,38,43,51,57,59,69,73,77,85,89,95,97
random_eq,lpm1,675,5,12,15,18,24,30,31,37,43,50,53,62,80,81,97,100
random_eq,lpm1,676,9,16,26,40,41,45,47,58,61,68,71,76,80,84,91,97
random_eq,lpm1,677,4,5,7,13,16,17,23,28,29,46,55,58,75,76,87,95
random_eq,lpm1,678,5,10,14,18,21,25,32,44,46,55,64,67,94,98,99,100
random_eq,lpm1,679,4,11,14,17,22,33,37,39,46,47,54,55,73,80,95,97
random_eq,lpm1,680,4,7,17,18,19,37,39,42,55,56,58,73,75,77,80,91
random_eq,lpm1,681,2,12,14,16,25,31,50,51,53,55,58,59,78,83,95,96
random_eq,lpm1,682,24,25,33,39,44,57,60,61,69,70,76,79,80,90,91,92
random_eq,lpm1,683,3,10,12,15,16,35,43,47,55,58,61,65,68,70,73,83
random_eq,lpm1,684,9,10,12,21,28,31,52,59,61,64,67,68,71,90,92,95
random_eq,lpm1,685,6,13,34,41,49,51,70,74,75,76,78,79,81,96,98,99
random_eq,lpm1,686,2,5,6,10,24,46,53,55,56,62,67,79,82,83,84,93
random_eq,lpm1,687,1,8,14,18,34,37,41,46,47,57,62,66,94,96,98,100
random_eq,lpm1,688,8,17,20,29,34,36,40,51,53,54,55,57,65,66,90,96
random_eq,lpm1,689,3,8,15,32,43,51,52,58,61,68,79,81,82,88,89,90
random_eq,lpm1,690,22,30,35,47,50,53,54,56,58,65,69,78,84,88,92,96
random_eq,lpm1,691,12,24,27,36,47,57,59,62,64,65,70,74,75,85,93,95
random_eq,lpm1,692,3,11,14,33,34,40,45,63,66,67,71,75,76,77,82,85
random_eq,lpm1,693,12,27,29,40,43,49,51,64,66,78,80,84,87,92,99,100
random_eq,lpm1,694,1,2,7,11,20,25,34,39,42,50,55,64,69,78,82,95
random_eq,lpm1,695,5,7,20,38,40,46,54,68,70,76,80,87,90,91,94,95
random_eq,lpm1,696,10,14,48,58,59,60,67,69,73,74,75,77,78,79,87,94
random_eq,lpm1,697,3,6,10,16,23,28,30,33,44,47,56,62,67,69,75,79
random_eq,lpm1,698,22,24,28,38,40,48,49,54,66,76,77,82,86,96,97,100
random_eq,lpm1,699,6,8,19,26,32,36,38,40,42,48,52,53,61,62,96,97
random_eq,lpm1,700,6,12,15,22,23,32,33,34,47,49,65,66,71,81,84,97
random_eq,lpm1,701,2,3,4,9,23,24,33,35,43,48,49,54,56,65,74,77
random_eq,lpm1,702,5,9,20,60,65,67,70,71,76,80,82,84,86,88,93,98
random_eq,lpm1,703,4,8,21,23,27,28,31,33,42,43,44,54,67,74,81,90
random_eq,lpm1,704,3,4,6,18,21,24,32,44,49,64,73,82,84,86,96,98
random_eq,lpm1,705,10,11,14,22,28,39,56,58,60,71,77,78,86,88,91,92
random_eq,lpm1,706,8,16,18,30,34,46,50,52,54,57,65,67,73,78,79,91
random_eq,lpm1,707,6,10,12,29,34,41,53,59,64,70,71,78,79,89,93,99
random_eq,lpm1,708,2,15,16,31,32,33,44,45,52,64,66,71,75,88,92,98
random_eq,lpm1,709,7,14,23,32,37,41,46,68,79,81,84,90,91,94,95,97
random_eq,lpm1,710,5,6,21,24,45,52,62,63,66,67,68,76,84,86,94,98
random_eq,lpm1,711,3,4,6,29,35,41,42,46,47,49,55,57,64,68,73,85
random_eq,lpm1,712,4,16,29,32,33,39,42,43,44,47,52,57,76,81,90,94
random_eq,lpm1,713,1,2,3,7,10,12,13,14,16,36,40,49,51,84,90,100
random_eq,lpm1,714,16,18,29,31,39,52,58,64,78,80,86,91,93,94,96,99
random_eq,lpm1,715,4,13,19,20,22,23,33,37,39,41,44,56,61,67,73,93
random_eq,lpm1,716,16,20,25,27,33,35,39,42,43,44,49,50,64,77,91,94
random_eq,lpm1,717,3,11,13,20,29,32,35,53,57,60,65,67,76,88,92,100
random_eq,lpm1,718,3,5,9,10,20,22,24,35,43,47,49,54,84,97,98,100
random_eq,lpm1,719,10,14,16,18,22,25,27,36,43,48,50,63,72,81,84,94
random_eq,lpm1,720,6,8,24,25,32,55,56,60,65,79,80,83,84,89,94,98
random_eq,lpm1,721,5,19,22,35,46,51,58,61,64,65,68,69,79,80,84,92
random_eq,lpm1,722,2,3,10,30,43,47,51,60,66,70,71,74,77,79,90,100
random_eq,lpm1,723,2,7,9,10,14,16,17,25,36,40,41,57,58,60,91,95
random_eq,lpm1,724,1,8,16,23,28,41,43,48,52,63,65,69,86,90,91,98
random_eq,lpm1,725,1,6,9,11,34,39,46,50,53,56,62,66,71,81,85,93
random_eq,lpm1,726,9,18,24,30,35,42,43,44,50,52,59,62,63,77,82,91
random_eq,lpm1,727,11,20,25,30,33,35,38,41,48,51,56,74,83,96,99,100
random_eq,lpm1,728,8,13,19,29,30,37,38,39,42,46,48,58,65,69,88,93
random_eq,lpm1,729,6,8,16,22,25,34,45,53,55,65,67,70,78,84,86,91
random_eq,lpm1,730,2,3,4,16,19,29,30,33,44,47,53,80,81,83,87,96
random_eq,lpm1,731,3,4,12,20,29,40,52,71,74,78,86,88,90,91,92,96
random_eq,lpm1,732,7,11,14,16,19,30,40,47,54,69,73,75,78,80,92,100
random_eq,lpm1,733,4,20,27,42,45,50,56,57,59,65,78,82,83,85,90,93
random_eq,lpm1,734,13,17,25,27,28,29,31,34,38,42,51,56,59,60,87,95
random_eq,lpm1,735,7,18,24,28,31,45,48,49,53,58,61,65,73,75,76,98
random_eq,lpm1,736,23,28,31,35,36,38,41,42,47,60,64,65,67,75,81,95
random_eq,lpm1,737,27,34,40,44,50,54,65,67,75,77,78,80,83,89,92,93
random_eq,lpm1,738,5,19,21,32,33,35,43,44,47,51,64,77,80,90,95,98
random_eq,lpm1,739,14,23,25,35,43,47,50,54,65,68,76,79,92,97,98,100
random_eq,lpm1,740,5,9,10,28,40,44,45,46,52,56,72,77,86,90,91,92
random_eq,lpm1,741,8,10,12,13,14,23,28,29,35,37,58,60,65,71,79,98
random_eq,lpm1,742,13,19,32,38,45,49,53,58,63,73,78,83,86,87,94,98
random_eq,lpm1,743,5,7,13,19,32,34,49,53,58,59,62,65,68,77,83,98
random_eq,lpm1,744,3,9,10,12,16,44,48,55,56,59,61,69,77,79,88,91
random_eq,lpm1,745,1,2,4,9,11,34,39,42,45,52,58,64,67,68,89,92
random_eq,lpm1,746,4,12,20,36,38,43,49,64,69,73,82,84,85,91,95,99
random_eq,lpm1,747,9,18,20,26,32,35,39,47,52,60,64,74,84,88,90,91
random_eq,lpm1,748,7,18,19,20,22,36,44,48,51,59,61,73,76,84,85,99
random_eq,lpm1,749,2,7,31,42,45,47,49,50,51,58,62,68,71,76,81,82
random_eq,lpm1,750,10,26,34,41,46,48,67,71,83,86,88,90,91,93,95,99
random_eq,lpm1,751,9,15,16,18,19,21,23,31,32,41,49,55,58,59,64,96
random_eq,lpm1,752,11,17,21,37,38,39,42,61,62,63,64,88,94,96,99,100
random_eq,lpm1,753,7,8,11,17,18,19,30,34,45,47,66,73,74,92,98,100
random_eq,lpm1,754,3,4,8,13,14,15,17,18,19,20,61,62,68,74,95,98
random_eq,lpm1,755,2,16,28,29,31,36,52,53,54,58,64,67,71,79,88,91
random_eq,lpm1,756,12,28,31,37,42,55,63,65,78,83,86,91,93,97,98,99
random_eq,lpm1,757,1,19,27,30,39,47,51,67,69,74,76,80,81,84,91,95
random_eq,lpm1,758,17,22,29,38,45,50,61,65,66,78,82,85,91,95,96,98
random_eq,lpm1,759,2,8,17,22,32,43,53,57,58,66,67,78,81,87,95,97
random_eq,lpm1,760,1,8,19,45,47,51,58,65,70,80,81,84,86,91,96,97
random_eq,lpm1,761,18,25,29,41,43,47,50,52,59,61,66,68,72,74,84,92
random_eq,lpm1,762,8,10,11,22,32,40,52,55,65,74,77,91,93,94,99,100
random_eq,lpm1,763,5,17,19,20,29,33,34,40,56,61,71,73,77,85,91,93
random_eq,lpm1,764,8,18,28,29,31,35,36,39,45,47,63,66,72,74,93,94
random_eq,lpm1,765,8,24,28,29,32,39,42,47,51,52,60,72,81,87,92,93
random_eq,lpm1,766,1,3,6,7,9,10,11,29,34,37,47,52,60,61,78,90
random_eq,lpm1,767,14,21,26,29,32,34,36,38,46,50,53,59,64,67,85,88
random_eq,lpm1,768,1,2,3,5,7,8,30,38,42,45,51,72,81,85,90,98
random_eq,lpm1,769,1,7,8,9,12,13,15,31,47,50,59,62,70,72,78,80
random_eq,lpm1,770,17,19,20,25,29,34,36,39,48,54,61,74,79,90,95,96
random_eq,lpm1,771,7,10,18,20,25,35,52,57,60,65,75,76,78,82,97,98
random_eq,lpm1,772,1,9,15,20,21,26,29,37,47,54,56,59,80,86,93,99
random_eq,lpm1,773,1,9,15,27,48,54,58,59,66,68,70,74,76,85,97,99
random_eq,lpm1,774,1,4,5,19,35,48,51,52,63,67,69,73,80,84,97,100
random_eq,lpm1,775,4,13,16,25,28,30,49,60,64,69,71,78,81,95,97,99
random_eq,lpm1,776,1,29,31,36,40,53,54,60,69,75,82,86,89,94,96,100
random_eq,lpm1,777,4,5,10,22,29,31,35,39,51,54,56,60,68,70,99,100
random_eq,lpm1,778,5,28,36,38,41,42,48,49,58,59,60,61,67,75,76,88
random_eq,lpm1,779,4,6,23,29,31,35,36,43,47,50,52,54,74,80,87,90
random_eq,lpm1,780,11,17,29,39,41,44,46,47,50,53,61,62,65,78,92,94
random_eq,lpm1,781,6,9,11,30,35,40,42,44,46,48,56,57,78,83,93,96
random_eq,lpm1,782,1,2,7,16,17,20,34,53,55,60,73,84,89,95,97,98
random_eq,lpm1,783,10,20,23,24,26,33,39,46,60,70,75,82,86,91,93,97
random_eq,lpm1,784,2,3,6,12,16,20,47,49,51,56,62,67,71,79,91,92
random_eq,lpm1,785,5,8,21,27,36,40,44,46,51,54,57,62,63,69,75,87
random_eq,lpm1,786,4,15,23,27,31,36,42,54,56,60,69,72,82,91,94,98
random_eq,lpm1,787,7,12,18,23,31,35,36,37,47,52,53,56,65,73,84,94
random_eq,lpm1,788,7,11,15,16,29,32,34,44,48,50,70,76,77,88,91,95
random_eq,lpm1,789,9,17,27,28,30,47,58,59,60,62,68,79,85,87,92,93
random_eq,lpm1,790,10,27,31,37,41,44,56,60,62,66,71,79,81,83,94,96
random_eq,lpm1,791,1,9,14,28,38,39,41,47,49,53,67,77,80,83,86,95
random_eq,lpm1,792,1,11,14,21,22,26,27,32,43,59,63,73,78,82,94,100
random_eq,lpm1,793,2,4,9,19,21,34,38,49,54,63,64,80,82,87,93,100
random_eq,lpm1,794,12,21,27,28,33,41,49,62,63,65,67,76,79,82,85,97
random_eq,lpm1,795,6,14,16,21,23,31,54,59,60,65,73,75,78,83,92,93
random_eq,lpm1,796,5,7,10,13,23,27,45,46,48,59,64,70,73,77,87,95
random_eq,lpm1,797,17,30,39,43,47,51,53,54,55,56,57,65,67,72,75,82
random_eq,lpm1,798,4,10,18,25,27,31,37,48,49,55,63,76,84,97,98,99
random_eq,lpm1,799,2,4,6,15,18,32,36,43,49,50,64,66,74,77,85,90
random_eq,lpm1,800,1,3,5,22,34,46,48,57,59,63,70,71,73,80,86,98
random_eq,lpm1,801,4,21,22,24,33,35,37,41,60,64,67,69,70,72,84,85
random_eq,lpm1,802,1,10,14,21,22,26,35,38,57,60,68,73,76,93,95,96
random_eq,lpm1,803,6,7,11,16,18,21,26,46,49,64,66,73,90,92,94,98
random_eq,lpm1,804,10,12,22,27,35,36,43,48,49,58,64,73,77,79,91,99
random_eq,lpm1,805,3,8,19,20,24,25,47,51,61,66,68,81,84,87,97,100
random_eq,lpm1,806,1,2,10,11,15,19,24,25,29,48,49,55,58,66,67,70
random_eq,lpm1,807,2,4,18,19,20,25,32,35,37,39,52,57,76,80,89,95
random_eq,lpm1,808,3,4,5,6,12,17,22,35,36,39,44,57,61,85,91,97
random_eq,lpm1,809,27,34,42,46,48,50,52,58,67,75,76,77,78,81,84,94
random_eq,lpm1,810,13,17,19,27,29,33,37,56,58,71,77,78,84,85,96,98
random_eq,lpm1,811,9,12,20,21,25,28,37,38,42,49,56,68,77,86,93,98
random_eq,lpm1,812,1,6,8,12,21,24,30,36,49,59,62,70,80,84,92,96
random_eq,lpm1,813,2,4,6,14,24,33,41,44,50,55,66,67,77,83,85,90
random_eq,lpm1,814,12,18,23,24,30,32,37,44,50,64,66,67,72,75,77,86
random_eq,lpm1,815,3,9,10,15,25,44,52,61,68,71,72,76,79,84,89,92
random_eq,lpm1,816,5,10,11,12,15,17,19,26,27,34,38,56,58,62,74,83
random_eq,lpm1,817,19,25,36,38,43,53,54,57,59,63,69,75,83,91,92,94
random_eq,lpm1,818,3,4,5,11,12,29,30,34,42,48,62,65,68,88,93,95
random_eq,lpm1,819,3,5,9,12,13,20,28,35,44,52,56,57,61,82,87,90
random_eq,lpm1,820,22,26,27,35,37,41,47,49,51,63,68,74,87,96,97,99
random_eq,lpm1,821,4,16,33,47,54,56,58,60,61,62,65,80,84,88,92,96
random_eq,lpm1,822,3,5,6,10,15,19,27,29,34,53,65,68,69,71,76,81
random_eq,lpm1,823,6,7,8,22,23,31,40,41,42,44,45,55,70,85,91,94
random_eq,lpm1,824,10,11,36,40,48,49,54,64,67,71,75,82,86,94,95,99
random_eq,lpm1,825,7,8,14,16,28,33,35,37,39,45,58,62,71,77,89,94
random_eq,lpm1,826,4,12,19,31,35,43,48,58,65,68,70,74,76,80,94,98
random_eq,lpm1,827,1,2,7,9,12,13,19,20,22,40,41,48,55,74,77,80
random_eq,lpm1,828,12,24,36,40,44,46,49,53,55,57,61,67,72,83,88,97
random_eq,lpm1,829,3,9,11,18,20,22,23,35,38,52,53,59,69,85,91,96
random_eq,lpm1,830,7,8,10,12,16,19,20,33,35,51,52,59,62,69,71,89
random_eq,lpm1,831,2,5,6,12,15,18,25,34,38,47,50,59,63,66,75,76
random_eq,lpm1,832,2,5,6,8,15,16,28,30,31,38,43,51,69,87,88,89
random_eq,lpm1,833,1,12,16,20,22,33,35,41,50,61,77,78,80,81,83,96
random_eq,lpm1,834,6,8,10,11,12,26,27,40,63,70,78,89,90,92,94,99
random_eq,lpm1,835,5,7,14,15,32,36,38,44,46,51,62,64,72,77,80,89
random_eq,lpm1,836,4,14,15,17,20,25,38,48,56,60,66,78,82,95,97,99
random_eq,lpm1,837,3,9,15,19,22,26,30,33,34,47,55,57,63,88,93,98
random_eq,lpm1,838,14,15,28,29,36,38,44,46,54,58,66,73,75,77,79,82
random_eq,lpm1,839,4,17,20,22,27,34,47,53,54,57,62,68,70,71,82,96
random_eq,lpm1,840,1,5,7,20,25,27,29,40,45,52,76,79,80,89,92,95
random_eq,lpm1,841,7,8,12,20,26,35,36,50,51,55,59,61,82,83,85,89
random_eq,lpm1,842,6,10,29,32,35,37,43,49,59,60,68,76,87,88,91,99
random_eq,lpm1,843,5,9,15,24,30,35,45,46,49,58,64,66,77,85,87,91
random_eq,lpm1,844,8,12,13,20,24,28,65,68,70,73,79,81,85,86,93,100
random_eq,lpm1,845,5,6,9,31,46,52,57,59,62,63,76,86,87,91,92,93
random_eq,lpm1,846,4,7,11,14,21,38,46,50,51,53,75,78,85,86,87,95
random_eq,lpm1,847,2,7,10,11,16,19,26,40,41,52,56,71,78,90,97,100
random_eq,lpm1,848,14,19,21,34,46,51,54,57,59,64,71,78,85,88,95,98
random_eq,lpm1,849,13,19,22,23,31,32,43,49,56,61,63,71,74,78,81,100
random_eq,lpm1,850,17,27,29,34,46,50,53,58,59,71,82,84,88,89,90,95
random_eq,lpm1,851,1,2,6,11,14,16,22,23,26,32,39,41,42,50,53,64
random_eq,lpm1,852,6,7,16,33,46,54,56,57,65,70,86,89,90,92,94,98
random_eq,lpm1,853,1,5,7,8,11,14,15,21,24,38,46,59,69,80,90,94
random_eq,lpm1,854,26,31,41,46,48,59,61,63,64,66,74,75,78,93,94,96
random_eq,lpm1,855,1,4,9,12,18,19,22,24,25,31,58,67,70,78,82,91
random_eq,lpm1,856,3,4,7,17,20,25,29,33,47,61,65,70,77,80,92,98
random_eq,lpm1,857,11,20,26,30,32,44,46,48,66,73,75,81,92,94,97,99
random_eq,lpm1,858,1,8,10,25,27,30,38,41,47,49,59,66,77,82,84,96
random_eq,lpm1,859,5,12,14,16,21,22,29,31,50,66,81,86,87,95,96,98
random_eq,lpm1,860,4,7,12,13,16,32,33,40,51,53,56,57,58,63,75,86
random_eq,lpm1,861,8,22,25,27,38,40,46,50,63,67,68,69,78,79,91,100
random_eq,lpm1,862,16,32,33,42,44,45,50,52,55,64,67,72,77,86,89,90
random_eq,lpm1,863,5,6,9,10,11,17,27,47,51,55,65,67,68,70,76,99
random_eq,lpm1,864,4,5,15,19,21,25,27,30,60,66,72,76,82,85,87,93
random_eq,lpm1,865,2,7,11,41,44,46,48,51,52,55,56,58,59,66,74,75
random_eq,lpm1,866,2,6,10,14,22,24,40,41,48,50,55,64,79,87,96,97
random_eq,lpm1,867,4,22,24,40,41,46,47,61,65,66,69,76,77,82,94,100
random_eq,lpm1,868,4,14,33,35,37,40,43,48,50,69,71,74,76,77,90,100
random_eq,lpm1,869,1,4,16,21,22,24,25,39,46,49,50,58,71,84,86,94
random_eq,lpm1,870,1,4,5,8,9,11,15,46,52,53,54,61,72,82,89,90
random_eq,lpm1,871,9,14,19,20,21,33,34,37,41,49,65,67,78,83,88,99
random_eq,lpm1,872,2,9,13,15,21,31,37,44,54,60,81,83,85,95,96,97
random_eq,lpm1,873,10,14,16,31,43,48,49,54,55,58,68,75,84,86,87,98
random_eq,lpm1,874,1,4,7,14,20,21,25,27,31,37,42,46,50,51,71,97
random_eq,lpm1,875,9,20,25,34,37,38,42,52,57,60,68,78,79,83,95,96
random_eq,lpm1,876,10,23,24,26,30,37,39,44,45,56,63,68,84,90,91,96
random_eq,lpm1,877,5,6,8,13,21,25,26,34,40,43,50,55,69,84,87,97
random_eq,lpm1,878,5,8,24,25,29,30,33,35,42,46,58,77,79,84,91,96
random_eq,lpm1,879,3,25,32,34,37,39,45,47,51,52,58,68,79,83,87,96
random_eq,lpm1,880,2,4,22,36,38,40,46,49,51,58,66,74,95,96,97,99
random_eq,lpm1,881,2,5,17,24,36,42,43,44,58,64,75,79,84,85,98,99
random_eq,lpm1,882,12,13,16,18,47,52,60,62,65,81,83,84,86,93,95,97
random_eq,lpm1,883,4,11,22,38,40,44,51,53,54,56,58,60,69,78,86,91
random_eq,lpm1,884,5,25,42,43,60,61,63,64,69,72,74,81,84,87,89,98
random_eq,lpm1,885,7,8,12,13,23,25,30,36,38,49,65,72,74,75,84,92
random_eq,lpm1,886,3,4,5,11,17,18,21,29,32,42,44,55,56,67,86,88
random_eq,lpm1,887,12,20,34,43,47,50,53,57,59,64,65,68,70,75,82,86
random_eq,lpm1,888,8,11,14,32,34,40,45,58,61,63,73,74,78,87,92,96
random_eq,lpm1,889,8,9,11,27,30,33,40,41,46,60,71,74,88,89,92,100
random_eq,lpm1,890,3,13,22,26,32,34,36,47,64,67,71,74,77,88,93,95
random_eq,lpm1,891,4,5,9,14,31,40,43,53,54,57,65,85,86,88,91,95
random_eq,lpm1,892,20,22,24,46,50,52,55,59,61,62,65,67,68,74,91,97
random_eq,lpm1,893,27,33,34,39,46,50,52,63,66,71,79,83,85,88,92,100
random_eq,lpm1,894,2,3,11,12,16,24,38,47,56,58,65,66,68,69,75,96
random_eq,lpm1,895,7,9,19,24,25,26,39,58,68,69,80,82,84,86,91,97
random_eq,lpm1,896,1,4,8,10,12,19,21,22,33,35,46,52,69,73,77,92
random_eq,lpm1,897,10,14,20,28,34,55,57,61,69,81,82,83,88,91,95,96
random_eq,lpm1,898,2,32,35,40,47,49,53,57,62,65,67,68,72,75,77,99
random_eq,lpm1,899,14,15,18,23,26,29,40,48,49,58,60,68,73,76,82,99
random_eq,lpm1,900,11,19,35,37,43,45,55,56,61,63,66,70,78,80,88,100
random_eq,lpm1,901,25,37,40,46,50,52,53,57,61,63,67,76,85,87,90,91
random_eq,lpm1,902,25,26,27,28,37,38,40,56,58,60,66,69,77,89,90,94
random_eq,lpm1,903,4,6,13,31,45,46,55,61,64,69,71,78,88,89,90,98
random_eq,lpm1,904,1,6,11,17,33,37,43,53,59,61,62,66,81,94,97,99
random_eq,lpm1,905,2,3,5,23,24,26,28,30,36,42,54,59,72,73,83,93
random_eq,lpm1,906,2,4,15,33,45,49,55,75,76,77,80,82,88,91,95,99
random_eq,lpm1,907,4,5,9,12,13,18,29,30,31,47,50,58,69,70,85,98
random_eq,lpm1,908,11,24,27,28,33,41,44,49,53,62,70,72,82,83,89,96
random_eq,lpm1,909,2,7,19,20,24,25,44,51,53,55,57,60,64,68,78,98
random_eq,lpm1,910,7,20,23,26,33,34,46,47,52,60,62,74,76,77,81,100
random_eq,lpm1,911,6,16,17,22,33,34,39,42,45,62,71,76,84,86,89,96
random_eq,lpm1,912,2,10,21,30,32,35,36,51,60,71,74,75,84,95,96,98
random_eq,lpm1,913,7,19,26,29,33,35,40,41,47,53,55,57,72,73,82,83
random_eq,lpm1,914,6,9,18,21,24,26,27,36,38,46,52,73,76,82,84,96
random_eq,lpm1,915,1,5,19,25,38,47,53,59,61,67,70,72,77,85,90,99
random_eq,lpm1,916,5,9,10,17,21,28,30,43,60,72,74,77,83,86,87,92
random_eq,lpm1,917,11,16,20,28,33,34,40,41,49,55,60,62,67,76,91,97
random_eq,lpm1,918,3,8,9,13,17,18,25,31,43,48,58,67,81,85,86,92
random_eq,lpm1,919,5,9,24,32,39,44,49,51,57,61,63,67,76,79,87,89
random_eq,lpm1,920,1,9,21,23,25,28,32,35,40,58,64,70,74,78,79,99
random_eq,lpm1,921,5,6,24,28,29,32,35,41,48,63,73,79,80,83,87,98
random_eq,lpm1,922,21,23,30,35,38,40,50,57,64,68,69,72,75,80,87,96
random_eq,lpm1,923,5,9,11,22,26,37,40,43,58,60,61,67,69,76,85,89
random_eq,lpm1,924,8,10,16,60,63,65,68,70,75,81,84,86,88,89,92,96
random_eq,lpm1,925,5,12,15,18,20,24,26,29,35,53,56,66,73,94,99,100
random_eq,lpm1,926,6,8,14,27,31,32,33,34,45,53,57,59,62,78,85,94
random_eq,lpm1,927,6,7,18,29,39,45,51,66,69,75,78,79,80,81,83,86
random_eq,lpm1,928,5,6,9,10,17,22,26,32,35,38,39,57,87,88,91,96
random_eq,lpm1,929,9,13,16,19,38,41,51,57,61,72,78,83,87,96,97,98
random_eq,lpm1,930,28,38,40,43,47,50,51,54,61,62,75,76,80,82,87,100
random_eq,lpm1,931,3,15,19,26,33,48,49,63,64,70,71,82,85,86,91,94
random_eq,lpm1,932,3,10,14,22,24,28,35,51,54,68,69,71,76,79,91,95
random_eq,lpm1,933,15,34,37,42,45,48,57,70,73,81,83,87,91,93,97,100
random_eq,lpm1,934,1,16,20,23,45,52,64,66,67,78,79,81,86,90,98,99
random_eq,lpm1,935,6,7,8,9,17,18,19,23,31,38,53,68,85,86,89,99
random_eq,lpm1,936,1,4,7,9,22,46,47,54,55,65,66,70,80,82,86,99
random_eq,lpm1,937,4,11,26,46,48,58,69,70,76,78,81,82,85,86,88,97
random_eq,lpm1,938,4,17,19,44,55,56,62,63,68,77,82,84,88,91,93,97
random_eq,lpm1,939,1,5,7,10,12,17,23,64,65,77,84,86,90,92,94,95
random_eq,lpm1,940,32,33,38,47,51,53,57,59,60,64,72,90,92,93,97,98
random_eq,lpm1,941,2,5,7,13,26,40,52,60,73,80,82,84,87,90,97,100
random_eq,lpm1,942,5,16,18,24,31,40,44,48,49,57,60,70,73,83,94,95
random_eq,lpm1,943,27,32,39,48,49,58,65,66,71,77,82,83,88,94,97,99
random_eq,lpm1,944,9,24,26,32,36,37,39,41,49,55,62,80,89,97,99,100
random_eq,lpm1,945,7,9,10,16,19,21,23,27,36,39,41,56,63,71,72,84
random_eq,lpm1,946,4,6,9,12,19,27,37,40,41,46,51,53,55,64,91,97
random_eq,lpm1,947,9,10,21,22,33,35,43,54,57,59,64,71,77,82,98,100
random_eq,lpm1,948,1,4,8,9,16,17,24,43,60,67,68,80,89,97,99,100
random_eq,lpm1,949,4,5,6,18,25,31,41,42,43,61,70,75,84,89,97,98
random_eq,lpm1,950,11,12,13,24,28,35,36,42,70,71,73,85,93,94,95,97
random_eq,lpm1,951,4,29,31,46,53,57,62,69,71,72,81,83,85,88,89,96
random_eq,lpm1,952,11,16,21,24,29,33,42,45,46,55,56,61,67,70,72,99
random_eq,lpm1,953,18,24,26,35,41,44,47,50,52,58,61,64,80,88,90,96
random_eq,lpm1,954,12,19,22,37,40,43,49,61,65,66,68,73,78,85,95,99
random_eq,lpm1,955,6,27,30,40,47,52,53,60,65,71,78,80,83,84,90,92
random_eq,lpm1,956,2,13,19,21,31,38,41,51,59,62,67,68,72,85,93,97
random_eq,lpm1,957,4,13,15,19,29,31,37,42,51,60,65,68,69,83,86,100
random_eq,lpm1,958,2,8,13,16,18,31,32,37,49,62,67,68,75,81,95,99
random_eq,lpm1,959,9,14,16,20,23,25,28,32,38,41,42,48,65,76,79,96
random_eq,lpm1,960,5,14,29,41,43,47,50,61,68,76,77,80,81,87,98,100
random_eq,lpm1,961,5,23,29,33,54,57,60,64,65,70,82,86,90,93,95,98
random_eq,lpm1,962,4,30,31,33,34,40,41,47,63,70,76,82,85,93,94,99
random_eq,lpm1,963,1,4,5,9,10,13,15,31,41,49,50,56,58,71,81,90
random_eq,lpm1,964,1,7,10,14,17,27,37,51,54,55,56,58,81,84,89,99
random_eq,lpm1,965,4,15,18,20,24,29,31,36,43,53,56,60,69,75,85,98
random_eq,lpm1,966,7,9,11,23,27,33,34,44,46,49,59,72,82,91,97,99
random_eq,lpm1,967,14,20,28,34,42,60,68,71,73,74,75,77,83,89,93,98
random_eq,lpm1,968,4,11,38,46,48,51,64,68,70,80,91,92,97,98,99,100
random_eq,lpm1,969,3,12,13,20,28,35,38,44,47,61,74,77,87,88,90,97
random_eq,lpm1,970,3,5,6,15,26,35,41,47,53,56,57,59,61,88,90,93
random_eq,lpm1,971,9,10,14,15,24,25,40,46,48,49,58,68,76,83,95,99
random_eq,lpm1,972,7,11,22,33,39,44,47,49,53,56,60,72,88,91,92,99
random_eq,lpm1,973,2,4,25,32,34,60,66,67,70,75,77,78,81,83,92,95
random_eq,lpm1,974,2,18,22,31,43,44,51,54,55,58,59,64,66,82,98,99
random_eq,lpm1,975,10,15,17,26,44,60,61,62,71,72,78,82,83,84,88,89
random_eq,lpm1,976,2,12,14,24,29,31,33,38,40,47,50,66,74,75,95,96
random_eq,lpm1,977,2,18,39,42,48,51,54,55,60,70,72,73,74,79,83,96
random_eq,lpm1,978,1,9,16,22,39,43,45,48,49,62,63,68,70,80,84,86
random_eq,lpm1,979,1,15,33,38,42,43,49,51,72,79,82,83,86,89,90,99
random_eq,lpm1,980,7,12,16,27,38,41,48,73,76,79,80,87,94,97,99,100
random_eq,lpm1,981,2,6,14,22,33,35,37,41,50,53,55,59,69,73,77,91
random_eq,lpm1,982,1,2,3,5,19,22,24,26,39,41,47,58,70,73,76,91
random_eq,lpm1,983,7,9,11,17,26,28,37,54,55,72,73,80,81,86,89,97
random_eq,lpm1,984,6,13,14,17,24,33,39,50,53,54,61,65,67,73,75,79
random_eq,lpm1,985,12,15,18,23,27,29,52,65,66,69,81,82,90,91,99,100
random_eq,lpm1,986,10,23,27,30,41,43,57,65,67,68,72,81,82,83,91,94
random_eq,lpm1,987,1,8,12,16,19,20,27,36,52,53,55,59,73,77,89,93
random_eq,lpm1,988,4,10,14,23,31,32,34,60,63,65,66,68,74,78,97,99
random_eq,lpm1,989,5,25,35,43,52,54,58,66,67,71,74,76,79,94,95,99
random_eq,lpm1,990,5,24,41,56,58,59,61,62,68,71,83,85,91,93,96,99
random_eq,lpm1,991,6,11,25,36,39,45,50,52,56,61,65,74,80,81,90,97
random_eq,lpm1,992,16,20,21,22,25,31,35,37,54,60,61,69,71,79,84,94
random_eq,lpm1,993,6,7,10,11,12,19,24,25,33,64,69,75,81,86,87,91
random_eq,lpm1,994,7,8,14,16,19,24,31,35,39,44,48,55,65,88,91,97
random_eq,lpm1,995,1,5,6,9,16,32,43,50,61,63,70,79,81,83,91,98
random_eq,lpm1,996,9,17,24,39,42,46,48,54,61,70,72,77,78,82,83,87
random_eq,lpm1,997,6,8,15,17,19,25,27,38,51,54,63,74,77,87,90,91
random_eq,lpm1,998,12,18,39,47,49,55,58,63,74,76,77,86,88,93,94,96
random_eq,lpm1,999,4,15,16,31,41,42,57,60,69,78,86,88,89,94,95,97
random_eq,lpm1,1000,4,5,6,13,16,17,30,42,46,51,55,64,73,84,96,98
random_eq,lpm1,1001,2,12,20,24,26,42,43,52,56,59,71,73,74,75,78,99
random_eq,lpm1,1002,2,3,4,8,12,14,20,21,46,51,68,69,73,82,87,98
random_eq,lpm1,1003,4,10,34,40,45,46,47,51,57,61,66,68,70,95,96,97
random_eq,lpm1,1004,2,5,9,15,18,19,21,32,44,57,64,70,72,79,81,85
random_eq,lpm1,1005,17,18,22,28,46,57,59,61,73,78,85,89,96,97,99,100
random_eq,lpm1,1006,7,11,21,30,37,53,60,72,77,80,81,83,86,87,88,97
random_eq,lpm1,1007,10,33,35,40,45,48,50,51,52,62,71,72,76,79,93,100
random_eq,lpm1,1008,3,10,11,12,26,38,46,53,61,63,68,69,87,90,91,97
random_eq,lpm1,1009,3,23,26,28,39,53,54,68,73,76,82,86,87,93,97,100
random_eq,lpm1,1010,1,6,11,15,34,37,40,49,60,68,70,74,75,83,91,99
random_eq,lpm1,1011,7,9,21,36,41,50,56,57,58,59,62,66,74,86,87,92
random_eq,lpm1,1012,4,9,19,32,35,44,49,51,57,58,66,67,71,78,80,83
random_eq,lpm1,1013,3,15,16,25,26,36,40,53,60,61,63,69,71,75,83,94
random_eq,lpm1,1014,3,26,45,49,51,61,66,68,71,76,81,82,84,90,96,100
random_eq,lpm1,1015,1,14,15,18,22,28,34,46,49,53,76,77,82,85,89,95
random_eq,lpm1,1016,2,9,24,26,33,38,40,43,49,53,57,58,60,76,88,91
random_eq,lpm1,1017,14,31,32,34,38,47,51,54,58,65,66,76,82,84,86,96
random_eq,lpm1,1018,31,32,33,34,39,43,47,51,53,58,61,64,65,70,82,99
random_eq,lpm1,1019,7,9,16,25,32,39,42,45,47,58,71,76,78,79,81,97
random_eq,lpm1,1020,7,19,20,40,42,47,61,68,69,78,79,83,88,92,95,99
random_eq,lpm1,1021,2,6,7,13,15,44,54,56,57,59,71,75,78,80,88,92
random_eq,lpm1,1022,3,5,8,17,19,24,48,54,59,61,66,71,72,75,77,88
random_eq,lpm1,1023,6,7,9,10,11,12,25,49,50,56,59,78,83,87,89,92
random_eq,lpm1,1024,1,11,20,21,23,34,39,43,47,49,53,55,61,62,76,99
random_eq,lpm1,1025,3,22,23,24,31,41,45,48,56,67,72,73,78,79,81,87
random_eq,lpm1,1026,2,3,7,11,13,30,41,42,44,51,59,70,71,82,90,95
random_eq,lpm1,1027,6,17,18,19,39,43,47,61,62,65,74,75,79,85,94,99
random_eq,lpm1,1028,5,12,13,29,33,34,44,47,56,57,61,71,72,81,90,96
random_eq,lpm1,1029,14,21,22,23,27,29,31,38,43,60,63,65,74,78,84,95
random_eq,lpm1,1030,11,16,19,22,30,33,35,38,54,56,65,73,91,93,95,96
random_eq,lpm1,1031,2,3,15,17,18,21,22,32,53,58,64,81,85,88,92,93
random_eq,lpm1,1032,1,7,12,13,14,21,23,28,34,38,40,53,61,72,78,83
random_eq,lpm1,1033,1,17,19,29,32,48,51,61,62,71,79,81,82,84,91,95
random_eq,lpm1,1034,1,4,9,12,16,21,24,43,58,64,68,70,81,84,88,94
random_eq,lpm1,1035,1,6,15,17,18,19,30,32,37,38,57,66,75,80,89,94
random_eq,lpm1,1036,2,4,5,6,18,23,41,48,50,52,55,57,66,67,75,76
random_eq,lpm1,1037,1,17,19,23,40,41,42,47,56,62,71,79,82,84,86,100
random_eq,lpm1,1038,4,8,19,21,27,31,32,34,36,38,41,44,49,74,75,88
random_eq,lpm1,1039,2,7,35,37,40,42,44,48,56,60,65,69,72,85,90,99
random_eq,lpm1,1040,3,7,17,29,35,36,45,48,63,76,77,80,81,87,92,95
random_eq,lpm1,1041,15,22,23,36,45,46,47,57,58,65,69,74,76,79,92,94
random_eq,lpm1,1042,7,12,19,30,35,36,42,51,57,58,70,71,85,89,90,98
random_eq,lpm1,1043,14,16,23,33,35,40,50,54,64,66,67,69,87,92,94,95
random_eq,lpm1,1044,25,27,30,33,36,37,43,44,45,50,56,57,72,79,94,97
random_eq,lpm1,1045,1,2,6,10,12,16,21,36,38,41,51,52,79,83,84,99
random_eq,lpm1,1046,22,32,38,43,52,53,60,62,63,65,68,72,86,89,92,98
random_eq,lpm1,1047,12,17,28,33,40,41,42,47,51,55,57,63,77,85,86,90
random_eq,lpm1,1048,3,16,20,26,28,32,42,68,70,71,83,86,88,91,92,93
random_eq,lpm1,1049,8,10,28,32,36,37,45,55,58,62,65,67,75,81,89,97
random_eq,lpm1,1050,5,11,29,32,38,40,41,50,51,61,68,72,82,83,89,93
random_eq,lpm1,1051,2,10,14,20,21,22,33,35,38,59,64,69,82,84,99,100
random_eq,lpm1,1052,1,4,15,16,17,22,35,38,45,58,66,68,73,84,94,95
random_eq,lpm1,1053,5,9,19,21,26,32,38,47,52,58,61,76,85,90,96,98
random_eq,lpm1,1054,1,2,6,16,19,21,33,39,43,55,69,73,80,81,83,84
random_eq,lpm1,1055,5,10,15,18,25,26,29,31,35,49,54,63,72,76,94,99
random_eq,lpm1,1056,7,25,26,28,32,39,47,60,63,75,78,81,85,86,92,97
random_eq,lpm1,1057,3,4,7,16,18,29,53,62,70,78,81,83,84,91,94,100
random_eq,lpm1,1058,11,13,23,34,37,42,44,49,58,71,75,77,81,83,96,99
random_eq,lpm1,1059,1,9,10,13,14,28,31,35,40,45,48,65,67,72,82,90
random_eq,lpm1,1060,8,13,35,37,41,42,46,49,58,59,71,73,77,84,95,97
random_eq,lpm1,1061,1,5,11,14,27,38,39,49,54,56,73,80,82,90,99,100
random_eq,lpm1,1062,14,16,22,25,36,44,50,51,54,61,63,66,67,77,84,97
random_eq,lpm1,1063,1,5,13,17,31,33,34,35,39,54,60,71,76,88,96,100
random_eq,lpm1,1064,4,5,9,17,27,28,31,33,35,54,66,74,88,89,90,100
random_eq,lpm1,1065,2,4,13,21,22,23,24,54,56,57,62,65,81,93,96,100
random_eq,lpm1,1066,8,11,16,19,36,43,47,52,53,55,59,60,65,90,94,95
random_eq,lpm1,1067,1,17,19,21,24,31,33,40,74,76,80,86,88,97,99,100
random_eq,lpm1,1068,7,9,12,17,18,21,37,44,50,61,64,66,68,77,81,90
random_eq,lpm1,1069,2,17,28,31,40,43,45,62,74,78,80,83,87,88,92,100
random_eq,lpm1,1070,4,5,14,17,18,23,27,35,44,53,60,66,73,83,84,95
random_eq,lpm1,1071,7,9,10,36,41,55,69,79,86,87,88,91,97,98,99,100
random_eq,lpm1,1072,2,11,12,14,23,39,68,69,76,78,85,87,90,92,99,100
random_eq,lpm1,1073,4,11,16,18,20,28,45,48,52,62,64,66,67,75,86,92
random_eq,lpm1,1074,1,8,23,24,25,26,28,29,30,31,33,43,59,60,66,70
random_eq,lpm1,1075,13,16,21,25,27,32,36,39,50,56,71,75,79,80,96,100
random_eq,lpm1,1076,7,26,28,34,36,37,41,52,59,61,64,66,72,87,88,89
random_eq,lpm1,1077,7,9,11,17,21,22,27,34,36,40,41,45,66,71,72,74
random_eq,lpm1,1078,11,14,20,36,37,39,42,43,50,51,61,65,69,74,90,91
random_eq,lpm1,1079,13,18,32,43,44,51,57,59,60,68,70,79,82,90,92,97
random_eq,lpm1,1080,3,6,9,12,13,30,33,49,59,62,65,76,82,86,89,96
random_eq,lpm1,1081,1,5,7,11,13,35,56,58,60,61,65,74,75,85,98,99
random_eq,lpm1,1082,2,9,13,38,43,48,52,54,56,57,65,68,69,74,79,80
random_eq,lpm1,1083,15,36,37,38,41,48,56,59,60,69,72,73,77,83,85,86
random_eq,lpm1,1084,3,20,24,28,43,44,59,69,71,74,76,78,86,88,91,97
random_eq,lpm1,1085,19,22,25,27,35,36,53,54,66,70,71,80,82,95,96,99
random_eq,lpm1,1086,1,18,25,29,32,35,37,48,49,76,78,84,90,96,99,100
random_eq,lpm1,1087,7,8,12,16,30,31,44,52,58,68,71,75,81,84,89,94
random_eq,lpm1,1088,17,20,23,27,29,37,43,44,48,50,53,67,71,79,83,91
random_eq,lpm1,1089,7,11,12,14,19,29,36,51,55,61,71,72,74,81,90,91
random_eq,lpm1,1090,7,26,27,35,47,49,60,64,66,68,80,84,90,94,99,100
random_eq,lpm1,1091,3,8,10,17,25,26,28,35,36,43,61,63,72,89,90,92
random_eq,lpm1,1092,10,31,33,39,41,43,45,48,52,71,73,75,76,82,86,95
random_eq,lpm1,1093,4,7,9,12,14,20,21,28,37,40,49,65,78,80,83,90
random_eq,lpm1,1094,12,14,24,27,28,42,46,47,53,60,63,64,71,73,98,100
random_eq,lpm1,1095,11,20,35,39,44,45,48,51,52,55,56,75,78,80,93,95
random_eq,lpm1,1096,1,10,14,15,33,34,46,47,50,57,64,73,74,86,93,100
random_eq,lpm1,1097,4,8,11,13,17,23,24,29,33,37,44,46,58,62,96,99
random_eq,lpm1,1098,4,17,18,24,43,44,47,50,66,67,73,83,85,86,92,95
random_eq,lpm1,1099,2,15,25,26,51,52,54,56,63,66,72,74,78,89,92,99
random_eq,lpm1,1100,5,14,18,19,20,29,42,43,47,54,59,62,65,67,79,88
random_eq,lpm1,1101,7,16,18,25,28,29,30,32,45,48,64,66,72,79,81,94
random_eq,lpm1,1102,8,16,21,25,41,42,45,61,65,68,70,72,84,90,96,98
random_eq,lpm1,1103,1,4,9,25,28,31,32,35,49,56,60,61,66,74,78,100
random_eq,lpm1,1104,29,32,34,54,55,65,71,75,76,84,85,86,89,96,99,100
random_eq,lpm1,1105,6,12,13,16,29,30,31,40,41,48,57,86,87,88,92,96
random_eq,lpm1,1106,6,13,15,18,19,20,22,23,30,38,45,56,59,69,74,78
random_eq,lpm1,1107,6,21,22,33,41,42,44,46,51,57,61,67,70,79,85,92
random_eq,lpm1,1108,1,20,25,26,30,34,37,42,48,54,59,70,75,76,98,99
random_eq,lpm1,1109,6,10,12,29,37,43,44,47,52,55,67,73,76,81,84,99
random_eq,lpm1,1110,1,3,11,16,22,25,28,30,42,47,49,56,59,78,95,97
random_eq,lpm1,1111,9,11,27,39,45,52,53,64,69,78,81,87,89,92,99,100
random_eq,lpm1,1112,3,7,12,30,36,37,40,69,71,72,79,83,84,86,88,89
random_eq,lpm1,1113,10,11,17,33,35,39,43,56,60,62,74,87,91,94,99,100
random_eq,lpm1,1114,12,13,14,36,43,44,48,51,53,57,63,86,92,97,98,99
random_eq,lpm1,1115,9,10,15,16,19,20,36,48,54,59,66,70,76,79,86,95
random_eq,lpm1,1116,5,20,33,41,42,43,50,51,55,61,64,65,69,79,89,98
random_eq,lpm1,1117,3,15,16,24,26,33,44,57,60,66,75,83,86,89,93,94
random_eq,lpm1,1118,1,8,20,23,37,40,60,67,70,73,74,84,91,94,97,100
random_eq,lpm1,1119,1,5,6,25,26,29,32,35,46,47,52,53,59,75,96,99
random_eq,lpm1,1120,5,28,29,35,45,47,49,58,65,73,74,76,80,90,92,98
random_eq,lpm1,1121,6,12,14,19,26,36,38,39,42,51,64,67,75,84,89,92
random_eq,lpm1,1122,3,19,23,25,27,32,37,41,46,48,49,58,71,79,90,97
random_eq,lpm1,1123,14,18,25,31,32,34,35,36,39,42,54,58,75,83,89,99
random_eq,lpm1,1124,4,10,24,37,40,41,47,57,62,69,72,78,83,86,87,99
random_eq,lpm1,1125,7,16,19,38,40,41,42,51,52,61,65,76,78,84,89,95
random_eq,lpm1,1126,6,24,26,27,29,36,38,43,53,54,56,60,73,87,94,98
random_eq,lpm1,1127,10,19,26,33,39,41,43,44,48,52,57,74,81,83,88,94
random_eq,lpm1,1128,7,21,24,28,30,33,49,51,59,60,66,79,82,86,90,100
random_eq,lpm1,1129,14,17,19,24,29,36,37,51,54,57,63,79,90,91,95,96
random_eq,lpm1,1130,2,13,32,36,44,52,58,59,60,62,64,67,74,84,85,87
random_eq,lpm1,1131,4,17,31,32,45,55,56,61,65,66,73,80,82,84,94,95
random_eq,lpm1,1132,9,15,20,21,26,27,36,43,49,59,60,70,71,74,76,88
random_eq,lpm1,1133,3,19,20,21,23,27,31,38,41,44,47,64,73,82,90,98
random_eq,lpm1,1134,3,11,13,14,23,29,37,39,41,42,43,68,81,83,86,100
random_eq,lpm1,1135,2,4,12,21,23,24,25,31,36,43,69,71,72,74,83,99
random_eq,lpm1,1136,9,17,26,32,42,47,50,58,64,78,81,84,86,92,96,97
random_eq,lpm1,1137,8,17,18,25,27,29,32,40,47,50,55,58,79,84,85,94
random_eq,lpm1,1138,2,8,15,21,32,36,49,65,72,80,90,92,93,98,99,100
random_eq,lpm1,1139,6,9,28,35,43,48,52,53,60,61,62,71,79,82,85,97
random_eq,lpm1,1140,2,3,6,9,22,33,34,44,47,52,55,56,59,69,77,98
random_eq,lpm1,1141,17,19,20,22,24,38,39,43,44,45,47,61,78,88,91,97
random_eq,lpm1,1142,7,12,15,29,30,31,38,42,44,56,57,78,80,86,91,95
random_eq,lpm1,1143,15,18,22,37,42,52,54,55,62,65,84,86,89,93,99,100
random_eq,lpm1,1144,5,7,16,17,24,26,38,42,61,63,64,75,87,94,98,99
random_eq,lpm1,1145,5,9,13,17,25,28,33,40,43,54,61,65,72,74,92,100
random_eq,lpm1,1146,8,17,26,28,32,34,36,42,48,74,75,81,93,96,98,100
random_eq,lpm1,1147,1,2,4,5,32,48,49,51,53,54,56,57,67,75,85,95
random_eq,lpm1,1148,13,16,26,34,43,45,48,52,57,58,59,64,71,73,75,80
random_eq,lpm1,1149,2,22,28,35,36,37,41,53,60,72,79,87,88,89,96,97
random_eq,lpm1,1150,3,5,18,23,24,27,39,41,47,53,57,63,70,79,83,94
random_eq,lpm1,1151,3,6,30,35,37,45,46,68,71,75,79,80,83,84,91,94
random_eq,lpm1,1152,3,9,20,27,31,32,34,38,39,53,56,78,80,89,93,100
random_eq,lpm1,1153,2,19,25,39,41,42,43,49,55,68,76,77,82,87,89,95
random_eq,lpm1,1154,2,6,8,20,35,37,39,46,62,66,75,78,79,88,96,99
random_eq,lpm1,1155,2,5,6,9,12,14,23,35,37,44,64,66,71,79,93,99
random_eq,lpm1,1156,4,14,16,20,29,36,39,41,43,50,62,69,91,92,94,95
random_eq,lpm1,1157,8,20,24,44,46,48,57,59,68,82,90,93,94,97,98,99
random_eq,lpm1,1158,1,6,9,10,13,16,25,31,41,46,52,65,67,86,89,98
random_eq,lpm1,1159,3,6,9,16,24,27,32,36,48,64,70,71,77,88,93,98
random_eq,lpm1,1160,13,14,25,34,39,44,49,54,55,64,74,79,80,86,87,99
random_eq,lpm1,1161,5,12,17,18,24,26,27,31,32,41,44,58,73,85,89,90
random_eq,lpm1,1162,9,12,14,19,23,36,53,59,62,63,67,77,79,82,87,93
random_eq,lpm1,1163,2,6,12,34,39,48,50,57,66,67,75,80,87,92,93,97
random_eq,lpm1,1164,2,3,12,18,34,47,49,55,59,63,67,70,74,75,77,85
random_eq,lpm1,1165,1,17,20,22,25,26,31,35,36,38,39,45,46,53,82,97
random_eq,lpm1,1166,5,8,18,26,36,59,60,62,66,67,69,70,77,86,94,100
random_eq,lpm1,1167,4,10,19,29,33,34,39,45,49,55,57,61,63,70,89,95
random_eq,lpm1,1168,1,4,10,13,27,43,55,56,60,70,74,75,81,88,98,100
random_eq,lpm1,1169,5,8,9,17,20,25,30,40,44,50,53,54,79,82,86,93
random_eq,lpm1,1170,6,10,11,12,14,15,22,24,26,27,29,43,55,73,78,91
random_eq,lpm1,1171,2,14,26,57,62,64,67,68,69,81,85,87,89,92,95,99
random_eq,lpm1,1172,1,2,12,14,15,26,32,36,55,62,72,82,85,91,97,99
random_eq,lpm1,1173,2,4,22,23,56,60,62,66,67,72,77,87,89,92,93,99
random_eq,lpm1,1174,5,12,19,21,23,24,33,42,56,59,61,67,72,79,83,93
random_eq,lpm1,1175,3,5,18,26,28,35,38,39,42,51,60,62,69,85,97,100
random_eq,lpm1,1176,3,6,7,11,13,16,17,23,32,40,61,64,71,78,90,92
random_eq,lpm1,1177,2,5,6,14,18,24,28,41,44,47,49,51,66,75,81,83
random_eq,lpm1,1178,1,7,9,14,20,21,25,34,39,41,50,55,69,74,80,95
random_eq,lpm1,1179,6,9,21,31,34,37,42,54,55,56,60,65,67,68,70,90
random_eq,lpm1,1180,3,4,11,23,27,34,38,46,58,64,66,67,68,74,90,93
random_eq,lpm1,1181,6,11,16,22,27,28,33,38,45,48,51,59,64,70,87,98
random_eq,lpm1,1182,4,5,7,10,27,40,50,53,55,57,63,70,73,83,97,100
random_eq,lpm1,1183,10,15,16,23,35,50,52,54,68,71,72,76,77,78,93,94
random_eq,lpm1,1184,4,14,35,43,47,53,55,69,82,84,88,90,97,98,99,100
random_eq,lpm1,1185,3,11,14,20,27,32,33,39,42,81,83,85,87,89,94,96
random_eq,lpm1,1186,12,22,29,37,38,40,48,52,58,68,73,79,91,93,96,99
random_eq,lpm1,1187,8,11,19,30,32,33,38,53,59,62,63,86,89,93,94,100
random_eq,lpm1,1188,2,9,19,26,33,35,37,43,51,60,70,72,83,84,87,89
random_eq,lpm1,1189,4,11,15,21,27,32,46,55,62,64,68,72,74,87,88,93
random_eq,lpm1,1190,10,21,23,24,28,40,54,56,58,62,65,69,71,78,93,99
random_eq,lpm1,1191,8,13,16,20,22,28,31,32,38,44,68,81,86,88,92,96
random_eq,lpm1,1192,9,14,24,26,28,36,38,41,46,48,49,67,85,90,91,95
random_eq,lpm1,1193,2,17,18,26,34,39,42,45,48,56,72,74,75,76,77,99
random_eq,lpm1,1194,7,29,33,41,42,52,58,59,71,73,76,84,85,89,95,99
random_eq,lpm1,1195,3,6,13,15,20,22,27,34,41,42,55,57,64,73,82,93
random_eq,lpm1,1196,2,3,10,16,17,18,40,47,58,60,67,75,79,84,88,97
random_eq,lpm1,1197,3,4,11,13,18,23,27,43,47,55,56,60,63,74,81,90
random_eq,lpm1,1198,9,12,14,16,18,28,36,63,66,69,72,81,86,88,92,99
random_eq,lpm1,1199,5,6,8,13,25,31,32,34,40,43,68,70,92,94,97,99
random_eq,lpm1,1200,3,8,13,17,18,37,46,55,56,59,63,67,78,86,88,100
random_eq,lpm1,1201,2,5,26,29,44,46,47,51,58,70,77,80,82,83,93,98
random_eq,lpm1,1202,9,22,27,31,45,47,55,56,57,72,81,82,87,88,91,96
random_eq,lpm1,1203,4,9,17,19,23,33,35,39,41,44,47,53,58,64,84,91
random_eq,lpm1,1204,13,14,26,27,38,40,43,48,51,54,63,80,82,90,95,97
random_eq,lpm1,1205,1,4,5,6,24,25,32,40,42,52,54,55,61,77,93,94
random_eq,lpm1,1206,4,20,24,29,33,39,54,55,57,62,67,69,85,91,94,100
random_eq,lpm1,1207,4,24,28,31,32,33,51,56,71,74,83,88,89,93,95,98
random_eq,lpm1,1208,1,6,19,21,24,25,26,30,32,42,45,57,64,67,78,94
random_eq,lpm1,1209,1,5,6,17,24,27,43,50,51,55,57,66,67,74,80,83
random_eq,lpm1,1210,3,4,5,10,11,16,27,41,47,52,67,73,81,83,98,100
random_eq,lpm1,1211,5,8,9,17,19,24,29,41,48,62,68,71,72,80,81,93
random_eq,lpm1,1212,1,19,23,30,31,35,36,43,59,62,69,72,74,75,84,91
random_eq,lpm1,1213,19,22,26,27,33,37,40,41,45,52,56,66,80,87,93,95
random_eq,lpm1,1214,8,10,11,27,33,44,47,59,60,75,92,93,94,95,96,97
random_eq,lpm1,1215,2,7,15,17,18,20,24,36,42,46,56,74,79,85,90,95
random_eq,lpm1,1216,10,13,16,17,37,38,46,51,57,64,67,75,86,87,99,100
random_eq,lpm1,1217,1,2,13,15,31,32,43,48,50,56,80,81,82,83,88,100
random_eq,lpm1,1218,4,8,13,18,30,36,49,51,54,57,62,67,72,74,81,97
random_eq,lpm1,1219,4,6,12,16,24,25,47,50,51,52,63,76,77,87,97,98
random_eq,lpm1,1220,17,36,44,46,47,62,65,66,72,74,77,88,93,97,98,99
random_eq,lpm1,1221,2,10,12,25,30,31,35,38,50,56,63,72,87,89,90,96
random_eq,lpm1,1222,9,12,25,26,28,29,39,44,46,66,69,82,85,86,91,95
random_eq,lpm1,1223,6,8,10,12,15,22,26,30,38,40,47,50,51,52,68,91
random_eq,lpm1,1224,6,13,23,26,27,28,31,38,42,45,56,75,78,81,92,94
random_eq,lpm1,1225,9,14,20,26,27,44,50,53,55,59,62,69,76,80,89,98
random_eq,lpm1,1226,11,17,19,34,36,38,42,45,51,59,61,63,67,72,83,90
random_eq,lpm1,1227,4,19,23,25,27,32,34,36,42,49,71,89,96,97,99,100
random_eq,lpm1,1228,14,33,37,40,41,46,51,53,61,62,83,87,91,93,99,100
random_eq,lpm1,1229,9,18,20,21,34,40,46,65,66,78,83,85,86,88,96,99
random_eq,lpm1,1230,2,5,6,7,13,22,38,44,48,51,52,60,74,76,81,84
random_eq,lpm1,1231,11,16,20,26,29,32,36,39,50,55,56,61,66,75,89,96
random_eq,lpm1,1232,1,7,14,17,20,21,26,29,36,41,66,73,80,92,98,99
random_eq,lpm1,1233,16,25,28,33,40,41,53,57,69,72,76,80,91,94,96,100
random_eq,lpm1,1234,1,6,19,22,26,27,32,38,45,51,52,63,67,74,78,85
random_eq,lpm1,1235,9,10,17,20,25,31,37,40,41,50,66,71,83,86,95,96
random_eq,lpm1,1236,2,10,16,24,28,30,33,47,54,63,67,69,70,73,79,100
random_eq,lpm1,1237,7,35,40,44,47,60,61,62,68,70,72,74,75,76,84,85
random_eq,lpm1,1238,1,2,9,20,25,31,37,41,55,65,70,84,85,91,96,98
random_eq,lpm1,1239,1,8,15,31,32,38,47,50,51,53,59,63,73,80,93,97
random_eq,lpm1,1240,2,13,16,17,19,30,34,41,51,65,67,68,71,72,75,77
random_eq,lpm1,1241,4,5,10,29,52,60,62,63,69,82,83,84,87,91,95,98
random_eq,lpm1,1242,11,15,19,21,29,30,32,36,51,55,63,64,65,66,70,98
random_eq,lpm1,1243,5,6,8,11,14,26,33,34,42,60,61,62,81,92,93,98
random_eq,lpm1,1244,5,8,15,20,21,51,52,54,68,75,80,81,84,86,92,95
random_eq,lpm1,1245,18,19,20,24,26,30,35,45,48,77,82,83,88,90,91,93
random_eq,lpm1,1246,8,15,17,21,27,29,32,34,36,40,42,58,60,71,74,88
random_eq,lpm1,1247,10,11,12,18,25,28,56,58,59,67,69,70,78,86,90,92
random_eq,lpm1,1248,5,6,21,25,26,33,35,54,61,66,67,70,75,76,80,99
random_eq,lpm1,1249,13,15,20,26,32,36,48,49,51,74,76,77,81,86,90,99
random_eq,lpm1,1250,14,18,28,42,45,54,55,57,59,73,82,86,90,91,93,100
random_eq,lpm1,1251,10,18,21,30,32,37,39,41,43,56,57,58,65,81,86,90
random_eq,lpm1,1252,4,23,26,47,50,52,54,61,67,81,82,84,90,91,97,100
random_eq,lpm1,1253,2,8,14,21,22,25,32,39,44,54,55,66,72,74,79,93
random_eq,lpm1,1254,11,20,22,30,35,42,43,47,60,64,67,68,73,74,87,99
random_eq,lpm1,1255,9,15,25,35,36,40,48,50,54,63,65,70,71,92,95,97
random_eq,lpm1,1256,11,20,33,35,44,46,47,50,67,70,71,75,76,85,88,91
random_eq,lpm1,1257,3,5,6,13,19,25,26,38,48,54,57,61,83,85,87,94
random_eq,lpm1,1258,14,25,40,41,44,65,66,68,69,72,74,75,79,85,94,96
random_eq,lpm1,1259,2,11,14,16,18,24,36,41,44,50,64,67,72,73,89,93
random_eq,lpm1,1260,4,5,15,20,27,32,47,52,60,64,68,77,80,82,87,94
random_eq,lpm1,1261,2,5,9,10,24,44,46,47,50,52,54,55,59,64,68,72
random_eq,lpm1,1262,8,17,23,24,28,29,37,47,57,58,71,78,79,81,94,96
random_eq,lpm1,1263,4,5,6,8,14,36,39,45,51,67,71,77,85,86,90,93
random_eq,lpm1,1264,12,15,24,31,35,43,44,48,61,62,64,68,69,85,94,95
random_eq,lpm1,1265,6,14,36,48,57,60,61,63,69,71,73,79,83,85,94,98
random_eq,lpm1,1266,1,2,5,11,24,26,28,51,52,60,67,68,72,80,90,91
random_eq,lpm1,1267,1,13,14,27,31,37,41,50,51,59,62,64,72,74,85,98
random_eq,lpm1,1268,19,26,32,34,49,58,64,68,73,75,80,81,82,91,96,99
random_eq,lpm1,1269,4,5,9,15,17,21,22,50,54,80,82,86,88,93,95,98
random_eq,lpm1,1270,3,7,10,11,15,26,32,37,48,63,64,68,81,86,87,90
random_eq,lpm1,1271,4,6,7,13,19,22,34,40,46,52,77,78,82,86,87,88
random_eq,lpm1,1272,3,14,21,24,33,39,61,66,69,73,77,79,82,83,95,96
random_eq,lpm1,1273,5,15,17,21,28,32,47,57,72,75,76,79,82,86,88,100
random_eq,lpm1,1274,3,14,15,18,28,31,34,36,42,43,65,69,74,86,90,97
random_eq,lpm1,1275,1,9,23,26,32,33,48,52,54,56,58,59,67,83,85,99
random_eq,lpm1,1276,9,12,22,36,39,47,53,56,57,61,67,72,76,80,81,87
random_eq,lpm1,1277,13,22,25,26,35,36,37,40,53,54,58,67,71,76,93,99
random_eq,lpm1,1278,6,7,10,23,33,38,47,49,53,59,60,61,75,77,79,97
random_eq,lpm1,1279,9,13,14,20,27,31,33,37,46,53,57,60,64,65,67,90
random_eq,lpm1,1280,10,16,17,28,44,57,58,59,60,61,62,63,77,78,91,97
random_eq,lpm1,1281,3,11,13,15,25,29,34,38,40,42,48,52,69,72,87,90
random_eq,lpm1,1282,8,28,33,42,50,55,59,61,62,70,72,79,82,87,89,94
random_eq,lpm1,1283,11,13,16,17,20,22,30,33,35,41,47,60,84,92,94,96
random_eq,lpm1,1284,2,12,13,17,18,21,23,28,29,30,39,47,65,77,81,100
random_eq,lpm1,1285,3,11,12,13,19,35,39,49,51,56,71,72,75,78,82,83
random_eq,lpm1,1286,13,17,19,24,32,33,51,53,56,58,61,62,67,71,77,95
random_eq,lpm1,1287,5,15,17,19,29,33,41,43,48,53,57,58,59,80,88,90
random_eq,lpm1,1288,1,14,16,31,37,54,60,63,66,67,81,83,84,86,90,91
random_eq,lpm1,1289,2,8,9,16,33,45,47,49,53,59,63,90,92,95,96,99
random_eq,lpm1,1290,3,33,37,38,40,46,49,61,65,66,72,77,83,88,90,96
random_eq,lpm1,1291,1,3,17,19,22,26,35,38,53,58,61,77,82,88,91,98
random_eq,lpm1,1292,4,10,24,29,32,33,36,60,61,64,77,82,84,90,95,96
random_eq,lpm1,1293,19,24,44,53,54,55,59,62,66,69,70,76,79,86,88,89
random_eq,lpm1,1294,1,5,11,13,29,39,41,50,57,64,69,71,73,82,90,100
random_eq,lpm1,1295,4,20,27,32,35,36,48,53,57,60,70,73,76,80,87,96
random_eq,lpm1,1296,23,26,28,30,32,38,42,58,60,67,74,78,87,91,94,97
random_eq,lpm1,1297,4,5,7,8,34,45,49,53,58,62,68,77,85,87,89,99
random_eq,lpm1,1298,2,12,28,38,50,52,53,59,64,65,66,75,80,89,95,98
random_eq,lpm1,1299,5,14,23,26,28,35,44,56,61,63,66,87,90,92,93,96
random_eq,lpm1,1300,2,7,15,20,35,40,44,53,54,69,70,71,75,78,80,99
random_eq,lpm1,1301,1,21,22,28,35,37,42,52,58,59,64,65,77,78,94,96
random_eq,lpm1,1302,6,13,20,25,43,48,53,56,57,70,75,78,92,94,98,99
random_eq,lpm1,1303,3,20,24,26,35,42,45,61,64,67,73,78,90,91,94,95
random_eq,lpm1,1304,2,11,25,36,40,46,48,60,66,67,70,74,87,90,93,100
random_eq,lpm1,1305,4,5,7,14,16,21,35,58,60,61,66,75,84,87,88,97
random_eq,lpm1,1306,2,3,5,9,24,39,42,54,55,64,65,69,70,72,79,88
random_eq,lpm1,1307,2,18,22,29,32,40,47,53,54,70,77,80,82,84,96,100
random_eq,lpm1,1308,2,4,34,37,50,52,54,58,62,64,65,68,77,91,93,98
random_eq,lpm1,1309,8,9,21,24,31,33,38,46,52,54,57,61,65,80,93,100
random_eq,lpm1,1310,1,21,31,34,36,37,39,41,45,46,52,71,73,83,86,100
random_eq,lpm1,1311,1,16,25,28,30,40,45,46,51,53,66,70,79,92,93,100
random_eq,lpm1,1312,5,7,9,14,27,28,35,38,54,62,64,66,72,79,82,100
random_eq,lpm1,1313,2,8,14,16,35,40,42,43,45,49,57,62,68,72,79,89
random_eq,lpm1,1314,6,7,13,14,18,25,26,29,36,45,53,57,76,82,86,98
random_eq,lpm1,1315,1,3,5,16,20,23,29,33,40,52,60,64,66,69,79,86
random_eq,lpm1,1316,5,9,10,16,17,22,35,51,54,57,60,67,87,89,95,97
random_eq,lpm1,1317,8,20,34,38,42,44,46,49,57,61,62,79,82,87,89,96
random_eq,lpm1,1318,14,16,17,18,27,29,39,43,47,50,53,65,79,81,88,95
random_eq,lpm1,1319,4,12,18,20,21,28,30,36,73,75,76,77,85,94,96,98
random_eq,lpm1,1320,3,8,22,33,34,39,41,69,73,78,80,84,86,92,96,100
random_eq,lpm1,1321,9,12,13,30,35,37,43,48,49,57,58,59,65,68,73,80
random_eq,lpm1,1322,2,7,17,29,35,37,38,46,48,50,76,77,78,79,80,100
random_eq,lpm1,1323,4,8,10,11,15,29,35,43,60,65,69,72,73,78,82,94
random_eq,lpm1,1324,8,26,29,33,34,40,44,46,48,50,52,57,63,86,88,90
random_eq,lpm1,1325,4,14,27,35,41,42,46,47,73,75,82,84,87,92,95,96
random_eq,lpm1,1326,6,9,24,40,42,44,46,47,50,61,68,70,71,79,80,83
random_eq,lpm1,1327,4,7,9,19,37,44,57,61,63,69,72,76,78,80,88,98
random_eq,lpm1,1328,8,11,17,19,23,30,32,36,53,63,72,75,81,87,89,96
random_eq,lpm1,1329,2,4,5,14,15,16,19,34,41,62,64,68,77,89,96,100
random_eq,lpm1,1330,10,18,24,28,40,44,46,48,52,55,58,61,62,75,83,96
random_eq,lpm1,1331,4,5,8,9,11,20,22,41,46,48,53,69,81,86,98,100
random_eq,lpm1,1332,6,13,18,37,38,46,50,53,61,67,70,79,80,83,88,93
random_eq,lpm1,1333,11,15,27,28,29,32,40,44,47,49,55,63,64,68,82,88
random_eq,lpm1,1334,7,8,11,13,14,20,28,29,33,34,41,42,46,48,55,88
random_eq,lpm1,1335,17,33,47,56,58,59,62,65,66,75,81,82,86,88,96,99
random_eq,lpm1,1336,10,14,23,30,41,59,69,71,72,74,75,83,91,96,99,100
random_eq,lpm1,1337,2,14,18,20,39,50,53,55,76,77,84,88,89,90,93,96
random_eq,lpm1,1338,2,7,12,21,22,26,28,35,44,49,51,55,58,64,66,68
random_eq,lpm1,1339,4,10,11,22,27,33,54,55,58,67,69,70,81,88,89,99
random_eq,lpm1,1340,7,9,12,14,16,29,36,47,49,59,71,72,73,84,92,100
random_eq,lpm1,1341,1,5,7,13,19,35,38,56,57,58,59,61,69,83,85,90
random_eq,lpm1,1342,5,15,18,23,24,26,32,50,52,53,56,58,75,82,84,93
random_eq,lpm1,1343,26,34,37,38,41,50,51,58,70,75,78,80,84,87,96,98
random_eq,lpm1,1344,3,10,11,16,25,29,39,43,48,49,61,64,65,84,91,100
random_eq,lpm1,1345,2,29,34,47,49,60,63,64,68,71,73,77,85,91,92,96
random_eq,lpm1,1346,5,7,9,21,29,35,40,46,57,70,71,76,79,80,92,95
random_eq,lpm1,1347,14,20,21,23,26,27,34,40,46,54,57,66,75,78,87,92
random_eq,lpm1,1348,4,5,10,22,23,29,34,36,41,45,49,63,65,67,72,84
random_eq,lpm1,1349,2,23,32,41,50,58,71,74,75,78,79,89,93,96,97,98
random_eq,lpm1,1350,3,9,10,14,23,25,27,33,35,47,57,72,82,87,96,97
random_eq,lpm1,1351,3,5,9,18,26,30,36,41,56,69,70,77,80,91,95,98
random_eq,lpm1,1352,1,5,24,25,30,31,32,47,50,59,72,83,85,94,96,100
random_eq,lpm1,1353,4,14,15,37,38,48,54,57,61,63,73,75,85,91,93,95
random_eq,lpm1,1354,2,6,17,25,30,34,39,45,53,55,64,67,84,87,89,99
random_eq,lpm1,1355,4,12,13,20,30,43,49,62,64,75,77,78,81,82,87,89
random_eq,lpm1,1356,12,29,39,47,51,55,61,62,64,66,67,68,69,74,99,100
random_eq,lpm1,1357,23,45,46,55,56,66,67,68,71,75,76,77,85,93,98,100
random_eq,lpm1,1358,11,26,40,44,45,51,61,63,64,66,74,78,90,92,96,97
random_eq,lpm1,1359,4,7,12,13,16,18,23,35,36,46,52,53,57,72,73,76
random_eq,lpm1,1360,6,7,9,23,31,32,37,39,53,60,61,65,68,70,83,89
random_eq,lpm1,1361,2,4,7,20,29,47,50,54,55,62,64,69,80,82,87,98
random_eq,lpm1,1362,6,7,10,16,20,23,30,32,55,59,64,66,70,86,87,99
random_eq,lpm1,1363,10,24,25,28,30,37,43,48,52,54,65,72,79,81,86,90
random_eq,lpm1,1364,18,24,25,29,31,35,37,63,66,67,68,69,70,72,90,99
random_eq,lpm1,1365,1,6,8,14,24,26,29,42,50,51,62,67,69,77,89,98
random_eq,lpm1,1366,2,19,22,25,45,51,65,68,70,74,79,89,92,93,95,98
random_eq,lpm1,1367,1,12,16,40,50,51,52,58,61,64,65,67,77,78,80,90
random_eq,lpm1,1368,16,17,26,29,31,39,45,48,50,55,62,63,66,67,76,86
random_eq,lpm1,1369,1,4,9,11,16,17,28,33,47,55,60,61,72,88,97,98
random_eq,lpm1,1370,2,7,9,15,17,24,36,45,47,50,62,70,74,79,81,100
random_eq,lpm1,1371,1,7,10,15,22,32,35,36,38,45,61,66,70,73,95,97
random_eq,lpm1,1372,2,8,15,19,26,37,38,44,45,56,66,68,73,85,89,93
random_eq,lpm1,1373,5,16,19,23,30,40,42,45,47,52,69,71,76,79,94,100
random_eq,lpm1,1374,3,6,7,11,18,36,38,39,42,47,60,70,75,86,94,97
random_eq,lpm1,1375,10,36,46,48,51,52,59,66,72,75,79,83,86,92,96,99
random_eq,lpm1,1376,3,20,24,29,32,40,49,51,55,65,67,68,78,82,83,88
random_eq,lpm1,1377,4,7,14,16,20,23,40,46,47,66,68,76,86,90,92,99
random_eq,lpm1,1378,1,11,17,28,29,34,40,41,47,50,66,74,76,88,96,100
random_eq,lpm1,1379,5,17,28,30,34,36,42,46,47,51,58,64,71,75,81,99
random_eq,lpm1,1380,9,12,14,26,27,37,40,46,48,63,71,77,78,85,90,99
random_eq,lpm1,1381,10,19,20,22,23,36,41,43,52,55,64,67,79,86,87,89
random_eq,lpm1,1382,11,22,23,30,32,35,36,37,43,44,50,76,89,94,95,98
random_eq,lpm1,1383,3,5,11,14,32,33,34,47,49,66,67,71,73,92,94,100
random_eq,lpm1,1384,6,10,11,25,28,36,37,40,45,47,49,66,70,76,87,94
random_eq,lpm1,1385,2,5,8,14,15,26,38,45,53,59,62,72,80,84,91,93
random_eq,lpm1,1386,6,8,27,30,31,34,37,47,54,62,63,67,81,84,85,99
random_eq,lpm1,1387,5,16,26,27,31,32,36,38,39,43,50,52,56,62,72,80
random_eq,lpm1,1388,13,19,24,25,36,38,42,44,45,52,61,65,67,75,84,97
random_eq,lpm1,1389,8,12,27,31,37,39,42,43,47,62,70,78,81,84,88,100
random_eq,lpm1,1390,12,15,18,23,35,47,53,57,58,59,63,75,76,92,93,94
random_eq,lpm1,1391,11,13,15,19,26,30,43,45,49,63,81,82,85,87,88,97
random_eq,lpm1,1392,17,27,33,38,39,45,53,58,62,66,79,82,84,87,94,97
random_eq,lpm1,1393,9,14,15,23,28,34,42,45,47,58,59,61,64,69,71,74
random_eq,lpm1,1394,14,20,23,33,38,42,44,46,54,59,60,67,74,76,84,94
random_eq,lpm1,1395,8,9,10,13,19,23,31,32,45,52,58,71,86,92,93,98
random_eq,lpm1,1396,8,13,20,34,49,54,59,60,67,78,79,80,87,90,92,94
random_eq,lpm1,1397,9,14,24,25,28,47,49,59,60,63,67,68,76,80,87,92
random_eq,lpm1,1398,6,12,14,17,20,28,33,37,53,65,83,91,94,97,98,99
random_eq,lpm1,1399,15,18,21,28,30,35,45,49,51,62,64,68,79,80,92,95
random_eq,lpm1,1400,4,11,22,37,38,46,51,52,53,73,81,83,87,91,99,100
random_eq,lpm1,1401,3,7,8,12,18,27,31,41,44,52,62,74,78,91,92,94
random_eq,lpm1,1402,1,3,17,19,24,32,36,48,51,59,74,79,90,91,97,100
random_eq,lpm1,1403,8,18,19,20,21,27,37,39,45,47,51,65,77,80,90,93
random_eq,lpm1,1404,11,15,17,20,24,26,27,43,54,64,71,74,78,80,88,94
random_eq,lpm1,1405,8,11,12,16,27,34,38,51,52,53,68,77,89,93,99,100
random_eq,lpm1,1406,10,12,17,18,36,40,41,44,47,58,61,64,82,84,88,93
random_eq,lpm1,1407,6,17,21,28,29,41,44,45,53,62,66,71,78,86,94,98
random_eq,lpm1,1408,15,16,22,26,30,36,42,44,46,47,59,70,76,93,94,100
random_eq,lpm1,1409,3,4,24,30,41,42,49,63,64,87,88,89,94,95,96,98
random_eq,lpm1,1410,4,7,14,33,34,39,44,47,61,64,75,80,84,92,95,99
random_eq,lpm1,1411,3,8,13,18,27,30,37,53,65,72,73,77,80,81,94,96
random_eq,lpm1,1412,3,7,9,11,15,32,35,44,48,49,55,56,61,72,83,85
random_eq,lpm1,1413,8,16,20,23,32,33,41,44,50,55,59,66,67,90,91,97
random_eq,lpm1,1414,6,20,31,34,38,40,50,53,56,68,69,80,83,86,91,96
random_eq,lpm1,1415,2,3,9,10,36,40,53,54,55,57,63,65,67,69,76,90
random_eq,lpm1,1416,15,25,29,44,55,66,68,69,70,72,76,79,81,82,96,99
random_eq,lpm1,1417,14,17,18,28,31,35,41,51,58,61,62,66,74,79,92,95
random_eq,lpm1,1418,2,5,9,13,32,35,50,55,57,63,64,74,87,88,95,96
random_eq,lpm1,1419,7,10,32,37,47,50,56,62,63,65,72,78,79,84,86,88
random_eq,lpm1,1420,1,8,13,24,27,29,31,47,59,60,62,63,70,81,82,96
random_eq,lpm1,1421,19,26,27,29,36,37,38,41,44,48,49,67,72,73,80,90
random_eq,lpm1,1422,12,13,23,26,27,28,30,36,38,58,69,77,83,94,95,96
random_eq,lpm1,1423,4,6,10,39,52,57,60,61,63,67,75,76,78,88,91,92
random_eq,lpm1,1424,3,8,9,19,36,41,52,53,59,63,67,71,83,88,91,92
random_eq,lpm1,1425,1,8,10,12,22,26,47,49,66,68,72,81,88,94,96,99
random_eq,lpm1,1426,11,12,15,25,26,27,29,37,55,58,66,68,70,77,89,94
random_eq,lpm1,1427,12,27,29,33,39,44,49,50,55,66,77,79,83,85,88,94
random_eq,lpm1,1428,2,4,10,46,52,53,55,56,57,63,67,73,78,81,95,99
random_eq,lpm1,1429,3,12,35,43,57,64,65,66,67,70,73,74,75,78,94,100
random_eq,lpm1,1430,14,24,30,39,42,48,60,62,63,68,69,74,79,87,88,96
random_eq,lpm1,1431,7,8,14,17,21,28,33,36,42,54,55,62,63,65,86,98
random_eq,lpm1,1432,5,12,21,39,57,58,61,62,69,75,79,81,92,93,94,97
random_eq,lpm1,1433,3,6,8,16,17,25,31,38,41,48,59,61,63,90,91,93
random_eq,lpm1,1434,11,13,15,21,24,25,28,29,49,54,59,64,71,82,86,95
random_eq,lpm1,1435,6,10,23,44,46,52,54,64,69,73,78,79,81,82,84,89
random_eq,lpm1,1436,4,14,16,18,42,45,46,51,58,68,75,76,81,84,86,91
random_eq,lpm1,1437,21,22,30,31,33,43,45,53,70,82,84,86,87,88,95,98
random_eq,lpm1,1438,2,17,19,20,21,29,33,39,56,71,79,82,84,85,90,93
random_eq,lpm1,1439,20,39,48,52,64,66,68,69,71,77,80,81,90,92,94,99
random_eq,lpm1,1440,2,6,15,16,21,26,42,46,51,56,57,63,69,78,90,93
random_eq,lpm1,1441,4,12,15,16,43,49,55,56,68,72,88,89,94,97,99,100
random_eq,lpm1,1442,9,11,17,25,39,45,47,61,63,71,74,76,78,80,81,99
random_eq,lpm1,1443,3,7,10,13,15,20,27,33,34,38,52,65,73,77,82,90
random_eq,lpm1,1444,16,30,32,33,44,46,59,66,67,72,78,80,84,90,94,97
random_eq,lpm1,1445,6,8,12,17,21,23,27,36,43,44,57,59,63,82,90,94
random_eq,lpm1,1446,3,8,13,25,28,34,36,44,47,51,57,69,90,92,93,100
random_eq,lpm1,1447,9,12,23,26,28,30,40,44,63,78,80,86,90,92,93,99
random_eq,lpm1,1448,3,7,9,10,13,29,40,49,51,60,77,78,84,87,90,100
random_eq,lpm1,1449,3,13,28,29,33,42,46,65,70,71,76,78,81,82,86,96
random_eq,lpm1,1450,6,13,30,33,38,44,53,54,57,60,70,73,76,92,94,98
random_eq,lpm1,1451,7,16,17,19,30,31,33,51,53,54,71,75,81,84,91,100
random_eq,lpm1,1452,9,15,19,29,33,35,41,42,53,57,59,62,82,87,93,100
random_eq,lpm1,1453,1,3,10,17,24,29,33,37,40,43,45,48,57,70,90,100
random_eq,lpm1,1454,4,8,22,33,34,46,52,53,55,59,67,72,84,91,94,99
random_eq,lpm1,1455,12,20,21,23,28,35,37,39,44,52,57,62,64,67,68,71
random_eq,lpm1,1456,1,16,18,24,45,54,59,63,64,66,70,73,77,89,94,96
random_eq,lpm1,1457,20,33,37,51,52,57,59,60,67,81,83,85,87,91,97,99
random_eq,lpm1,1458,8,16,20,28,31,36,40,41,61,65,67,69,73,80,97,100
random_eq,lpm1,1459,8,10,19,20,22,33,37,44,46,48,60,61,69,71,88,94
random_eq,lpm1,1460,2,10,11,28,29,38,45,52,62,63,64,68,87,91,95,96
random_eq,lpm1,1461,5,8,11,34,39,46,47,49,50,53,61,70,71,72,80,90
random_eq,lpm1,1462,3,4,10,11,12,16,22,29,39,47,52,66,68,73,86,95
random_eq,lpm1,1463,2,3,13,14,46,48,59,64,65,72,73,74,79,90,92,98
random_eq,lpm1,1464,2,3,7,9,11,24,35,49,53,55,56,63,65,69,80,100
random_eq,lpm1,1465,2,7,14,26,33,45,46,48,53,56,59,63,73,80,92,100
random_eq,lpm1,1466,2,6,7,23,25,28,34,52,60,65,68,71,75,83,89,98
random_eq,lpm1,1467,12,19,21,26,35,37,51,59,66,67,70,73,78,83,93,100
random_eq,lpm1,1468,2,3,8,20,23,38,42,52,54,57,62,65,68,78,96,98
random_eq,lpm1,1469,3,12,13,17,22,23,25,36,38,44,61,72,74,79,96,98
random_eq,lpm1,1470,6,28,34,36,40,42,52,54,55,56,61,67,75,77,89,94
random_eq,lpm1,1471,7,12,20,22,28,31,37,41,48,49,65,68,80,94,97,98
random_eq,lpm1,1472,13,26,31,35,36,46,47,50,53,59,76,84,88,90,93,97
random_eq,lpm1,1473,2,6,10,16,17,19,24,26,40,47,54,56,62,71,84,93
random_eq,lpm1,1474,3,8,12,15,20,27,30,35,41,48,51,71,74,78,85,90
random_eq,lpm1,1475,1,8,13,16,22,30,31,41,43,53,60,79,80,86,95,99
random_eq,lpm1,1476,4,9,18,20,25,29,31,32,35,45,47,50,55,56,74,98
random_eq,lpm1,1477,5,11,18,22,23,24,27,43,45,59,70,76,91,98,99,100
random_eq,lpm1,1478,21,34,41,42,45,55,57,59,64,69,70,73,82,86,87,100
random_eq,lpm1,1479,2,17,26,36,41,43,53,56,63,71,73,89,92,97,99,100
random_eq,lpm1,1480,13,17,22,24,26,28,41,43,48,63,73,85,86,87,98,99
random_eq,lpm1,1481,6,16,27,28,33,43,47,50,54,70,71,73,76,80,92,98
random_eq,lpm1,1482,5,7,9,10,13,20,21,26,33,35,41,55,59,70,84,97
random_eq,lpm1,1483,2,13,18,19,21,22,23,26,32,37,43,45,62,72,97,98
random_eq,lpm1,1484,2,16,24,28,33,42,43,45,48,52,57,59,64,75,79,100
random_eq,lpm1,1485,1,10,32,33,49,51,54,58,66,70,76,79,81,82,84,86
random_eq,lpm1,1486,1,8,9,16,32,34,36,39,57,61,70,71,79,89,93,95
random_eq,lpm1,1487,1,10,12,19,20,37,38,43,52,64,65,66,84,90,94,98
random_eq,lpm1,1488,7,14,15,20,21,23,26,57,62,68,69,76,77,86,87,92
random_eq,lpm1,1489,11,12,15,35,42,43,47,55,58,59,60,64,73,74,87,90
random_eq,lpm1,1490,3,15,20,25,36,38,40,51,60,70,74,76,89,93,97,100
random_eq,lpm1,1491,2,4,8,9,23,37,45,46,53,58,77,78,87,89,90,93
random_eq,lpm1,1492,3,6,13,14,15,23,24,48,56,57,59,60,78,86,87,90
random_eq,lpm1,1493,6,10,13,24,25,45,51,56,59,68,79,84,86,89,93,98
random_eq,lpm1,1494,7,9,13,17,24,25,37,41,44,46,59,77,78,84,87,90
random_eq,lpm1,1495,7,11,12,17,29,34,38,40,61,63,80,82,90,91,95,99
random_eq,lpm1,1496,10,15,19,27,29,34,38,41,48,56,62,68,91,93,95,96
random_eq,lpm1,1497,4,11,12,13,14,16,23,27,29,36,40,50,76,92,93,100
random_eq,lpm1,1498,4,20,23,30,32,37,38,42,43,48,64,65,68,84,86,99
random_eq,lpm1,1499,4,11,15,19,20,21,22,25,29,33,45,54,70,74,80,81
random_eq,lpm1,1500,9,12,14,23,26,29,35,44,64,68,69,72,74,84,89,99
random_eq,lpm1,1501,5,7,14,19,31,62,66,68,69,80,83,88,92,97,98,100
random_eq,lpm1,1502,1,7,11,14,23,25,37,49,61,68,75,77,78,81,91,99
random_eq,lpm1,1503,6,10,17,21,23,54,57,63,64,65,67,75,78,82,86,94
random_eq,lpm1,1504,9,13,27,28,33,38,41,43,44,49,58,59,64,85,89,92
random_eq,lpm1,1505,11,12,20,21,28,40,44,51,55,61,67,68,70,77,80,83
random_eq,lpm1,1506,2,5,6,18,20,23,32,34,52,57,59,65,74,83,89,96
random_eq,lpm1,1507,9,17,26,32,38,53,56,68,72,82,84,85,90,91,98,99
random_eq,lpm1,1508,10,26,35,45,47,54,57,61,63,69,74,88,92,95,96,97
random_eq,lpm1,1509,3,4,8,9,24,25,30,38,44,46,47,49,53,67,68,77
random_eq,lpm1,1510,16,17,22,32,34,38,39,47,61,66,68,73,77,96,99,100
random_eq,lpm1,1511,4,16,18,28,34,43,48,56,63,68,70,72,80,88,94,98
random_eq,lpm1,1512,4,7,12,14,19,33,47,51,57,58,75,82,83,85,86,87
random_eq,lpm1,1513,2,3,20,23,24,25,28,29,32,40,53,67,68,71,89,95
random_eq,lpm1,1514,1,2,14,19,24,35,41,42,43,47,55,58,59,75,83,95
random_eq,lpm1,1515,2,19,22,23,35,39,45,54,55,58,65,69,78,82,89,97
random_eq,lpm1,1516,15,17,20,30,44,48,56,60,66,73,75,81,82,87,93,99
random_eq,lpm1,1517,3,4,23,39,42,61,63,68,71,82,83,85,93,94,96,100
random_eq,lpm1,1518,1,2,4,8,11,12,15,24,26,33,43,49,53,72,75,89
random_eq,lpm1,1519,1,2,12,49,50,59,65,67,70,72,80,82,90,91,97,100
random_eq,lpm1,1520,11,18,23,25,30,40,41,43,68,69,82,83,89,94,99,100
random_eq,lpm1,1521,9,22,26,30,31,34,36,41,42,59,63,74,76,87,96,99
random_eq,lpm1,1522,3,11,16,26,27,34,36,46,48,56,59,67,75,80,83,92
random_eq,lpm1,1523,2,26,28,30,34,38,43,45,47,57,67,68,72,74,83,92
random_eq,lpm1,1524,12,13,18,28,53,64,65,70,72,75,81,82,85,93,94,98
random_eq,lpm1,1525,3,9,10,15,22,30,31,48,56,57,59,69,72,78,82,87
random_eq,lpm1,1526,5,20,26,29,35,38,44,47,50,51,57,61,62,67,68,69
random_eq,lpm1,1527,4,8,17,21,27,29,41,46,50,57,58,78,81,83,85,95
random_eq,lpm1,1528,2,14,16,20,23,36,39,49,54,62,64,80,84,87,89,100
random_eq,lpm1,1529,4,12,16,28,30,32,33,39,44,58,66,83,89,90,92,93
random_eq,lpm1,1530,1,6,9,14,18,22,23,31,39,43,49,53,57,60,82,89
random_eq,lpm1,1531,1,11,19,23,37,42,49,54,63,65,71,75,78,83,86,96
random_eq,lpm1,1532,2,10,11,14,18,29,36,38,45,50,53,57,63,66,69,83
random_eq,lpm1,1533,1,7,8,11,13,20,22,36,42,45,61,69,81,84,92,94
random_eq,lpm1,1534,12,18,20,25,31,42,43,56,57,61,65,70,81,82,90,91
random_eq,lpm1,1535,1,5,12,16,17,19,26,27,35,47,57,63,67,73,75,76
random_eq,lpm1,1536,9,14,16,17,26,55,60,63,66,78,80,83,87,96,98,100
random_eq,lpm1,1537,1,8,19,21,23,40,41,52,72,74,75,78,79,86,96,97
random_eq,lpm1,1538,1,9,14,16,24,26,36,45,49,57,63,69,88,89,90,98
random_eq,lpm1,1539,20,28,30,46,48,53,56,59,65,73,75,77,78,79,92,94
random_eq,lpm1,1540,5,6,7,15,31,35,36,41,45,49,51,65,66,76,85,90
random_eq,lpm1,1541,4,5,7,14,36,39,47,54,57,76,81,85,87,90,97,100
random_eq,lpm1,1542,31,32,34,37,42,49,54,59,64,67,73,78,84,86,87,100
random_eq,lpm1,1543,6,23,34,39,43,49,56,57,60,62,63,65,71,74,78,97
random_eq,lpm1,1544,4,18,23,27,28,35,37,39,44,52,54,62,63,66,75,83
random_eq,lpm1,1545,23,25,30,33,44,46,66,74,76,79,92,93,95,97,98,99
random_eq,lpm1,1546,8,26,28,32,34,39,43,55,61,68,73,74,91,94,99,100
random_eq,lpm1,1547,4,11,15,34,36,42,51,54,56,81,83,87,91,93,95,99
random_eq,lpm1,1548,1,8,9,14,16,18,21,25,37,45,50,59,66,69,72,98
random_eq,lpm1,1549,5,17,22,23,26,27,46,47,54,66,71,72,73,84,97,98
random_eq,lpm1,1550,3,10,19,29,44,51,58,61,62,67,68,71,76,77,82,93
random_eq,lpm1,1551,27,28,29,33,35,45,48,57,63,70,72,79,80,82,83,96
random_eq,lpm1,1552,3,7,8,18,25,30,31,40,47,54,58,68,74,84,85,90
random_eq,lpm1,1553,3,11,13,18,20,21,25,32,37,46,59,61,70,85,90,95
random_eq,lpm1,1554,4,11,13,14,20,27,41,45,47,49,53,71,73,75,94,100
random_eq,lpm1,1555,6,14,16,17,29,34,46,48,55,66,77,81,88,90,96,99
random_eq,lpm1,1556,4,6,9,12,14,18,21,31,34,37,61,66,69,74,76,81
random_eq,lpm1,1557,1,6,10,13,14,15,16,22,27,41,55,57,60,73,78,93
random_eq,lpm1,1558,4,8,15,20,25,27,30,44,46,47,57,66,68,69,82,85
random_eq,lpm1,1559,6,8,12,16,26,33,38,41,42,61,67,70,88,89,94,99
random_eq,lpm1,1560,5,8,11,13,15,29,33,38,52,53,54,72,86,88,96,99
random_eq,lpm1,1561,1,3,5,8,17,42,47,56,57,58,59,62,65,67,79,86
random_eq,lpm1,1562,6,7,18,20,24,25,29,36,37,45,47,57,59,69,70,76
random_eq,lpm1,1563,11,17,35,39,42,43,44,48,58,60,64,82,88,91,94,99
random_eq,lpm1,1564,8,9,16,17,23,26,28,36,45,59,62,66,70,71,91,95
random_eq,lpm1,1565,3,5,8,17,18,23,24,30,31,41,44,72,89,94,96,98
random_eq,lpm1,1566,6,15,35,48,52,54,55,66,78,79,82,83,85,93,94,99
random_eq,lpm1,1567,4,8,30,31,41,51,60,62,63,67,69,74,78,86,87,89
random_eq,lpm1,1568,6,9,14,15,19,24,26,36,41,42,44,45,48,61,71,85
random_eq,lpm1,1569,21,24,30,32,42,44,50,51,52,71,74,79,84,90,96,100
random_eq,lpm1,1570,1,3,9,14,17,21,26,38,40,57,60,76,80,88,93,100
random_eq,lpm1,1571,19,23,29,35,38,43,47,52,54,59,63,66,72,78,82,90
random_eq,lpm1,1572,1,7,23,26,30,35,49,62,64,74,75,77,78,91,95,99
random_eq,lpm1,1573,9,26,40,43,52,53,56,60,61,66,68,71,72,78,80,84
random_eq,lpm1,1574,7,8,23,26,40,41,46,49,57,66,78,82,87,90,92,94
random_eq,lpm1,1575,2,3,6,17,21,23,33,44,54,56,73,81,84,85,92,96
random_eq,lpm1,1576,6,10,14,15,23,27,33,37,46,48,57,60,62,71,76,98
random_eq,lpm1,1577,1,5,11,13,14,19,20,24,27,29,53,64,77,84,88,98
random_eq,lpm1,1578,5,8,12,28,39,47,49,65,71,74,81,90,94,97,99,100
random_eq,lpm1,1579,3,5,13,16,17,29,41,64,68,72,77,80,87,88,90,98
random_eq,lpm1,1580,1,13,17,26,46,50,61,63,68,74,83,84,88,90,93,98
random_eq,lpm1,1581,7,11,18,19,22,25,26,32,34,37,40,47,70,94,95,97
random_eq,lpm1,1582,7,14,16,20,26,28,32,34,35,53,59,78,83,90,92,95
random_eq,lpm1,1583,2,3,5,7,13,17,25,30,51,54,58,59,65,79,82,90
random_eq,lpm1,1584,5,10,12,34,35,44,50,52,71,72,76,81,84,88,91,96
random_eq,lpm1,1585,1,8,13,18,24,30,39,49,54,72,80,84,86,88,90,96
random_eq,lpm1,1586,12,16,23,31,35,44,46,48,53,56,62,67,81,92,95,99
random_eq,lpm1,1587,14,17,20,22,25,33,34,39,42,44,51,65,82,89,93,99
random_eq,lpm1,1588,5,17,20,25,36,39,46,53,71,76,81,85,86,90,99,100
random_eq,lpm1,1589,5,30,36,40,50,51,53,54,58,67,69,77,86,88,91,95
random_eq,lpm1,1590,9,11,14,17,18,19,25,26,37,48,63,64,67,81,85,91
random_eq,lpm1,1591,2,7,23,25,26,37,49,54,56,59,60,63,66,71,83,91
random_eq,lpm1,1592,5,9,11,13,16,18,22,26,39,45,53,61,67,70,95,99
random_eq,lpm1,1593,2,6,21,24,25,40,41,46,52,57,64,65,71,78,80,90
random_eq,lpm1,1594,12,19,26,43,52,56,61,74,85,87,88,89,90,92,95,98
random_eq,lpm1,1595,1,2,4,5,6,8,19,23,31,36,39,43,49,53,54,75
random_eq,lpm1,1596,5,14,18,27,49,54,58,59,60,66,79,82,83,85,88,94
random_eq,lpm1,1597,6,7,12,19,20,22,23,30,31,66,69,78,79,82,86,87
random_eq,lpm1,1598,7,9,14,17,24,25,26,33,37,48,60,71,77,90,95,99
random_eq,lpm1,1599,5,12,19,22,23,24,42,44,59,62,63,64,65,70,97,99
random_eq,lpm1,1600,1,5,8,10,15,22,23,24,26,30,40,45,50,69,72,89
random_eq,lpm1,1601,2,4,5,18,22,32,34,47,56,58,73,84,85,91,96,99
random_eq,lpm1,1602,14,19,26,38,41,53,57,58,67,68,75,78,83,85,86,89
random_eq,lpm1,1603,9,34,38,42,43,45,59,72,76,79,85,89,90,94,99,100
random_eq,lpm1,1604,8,11,18,20,29,30,36,39,46,50,51,55,66,69,73,82
random_eq,lpm1,1605,8,21,27,38,49,51,54,57,59,62,65,77,78,85,95,96
random_eq,lpm1,1606,5,12,17,24,25,29,31,57,66,67,68,71,86,92,93,95
random_eq,lpm1,1607,10,11,19,35,36,41,51,55,59,66,69,70,87,90,93,100
random_eq,lpm1,1608,2,5,7,13,14,16,25,32,59,60,63,71,77,83,90,95
random_eq,lpm1,1609,5,8,9,12,14,19,25,26,38,39,43,53,63,66,87,97
random_eq,lpm1,1610,3,13,14,16,27,31,34,39,41,44,47,62,78,83,93,95
random_eq,lpm1,1611,6,10,13,17,23,24,30,40,48,50,55,57,68,75,79,93
random_eq,lpm1,1612,1,2,6,10,11,22,28,30,45,47,59,69,71,74,88,99
random_eq,lpm1,1613,6,10,19,26,32,39,44,48,56,73,81,84,90,91,93,94
random_eq,lpm1,1614,5,7,29,32,42,45,51,62,71,72,77,79,81,82,84,86
random_eq,lpm1,1615,5,11,15,17,21,22,28,32,35,51,55,56,74,77,85,95
random_eq,lpm1,1616,2,3,9,14,25,26,40,41,47,53,58,64,67,71,82,84
random_eq,lpm1,1617,6,14,15,17,21,22,23,28,34,54,55,59,62,66,68,94
random_eq,lpm1,1618,10,26,27,29,32,34,48,56,60,62,81,84,87,92,93,100
random_eq,lpm1,1619,6,8,9,11,17,18,29,32,40,45,53,68,80,86,91,92
random_eq,lpm1,1620,5,10,17,19,41,51,58,64,65,66,71,79,81,82,90,93
random_eq,lpm1,1621,2,4,14,18,21,46,49,63,64,74,78,81,88,96,99,100
random_eq,lpm1,1622,3,9,14,15,19,26,27,29,37,48,49,51,66,77,87,100
random_eq,lpm1,1623,1,3,13,25,31,34,35,48,52,54,61,63,64,65,67,92
random_eq,lpm1,1624,1,7,22,28,36,39,45,53,55,64,70,72,79,86,88,89
random_eq,lpm1,1625,1,7,13,16,36,45,55,61,63,73,83,89,94,95,98,99
random_eq,lpm1,1626,3,5,7,15,18,22,32,47,51,52,59,61,66,79,80,100
random_eq,lpm1,1627,2,5,8,20,31,34,40,47,49,53,54,67,70,73,84,87
random_eq,lpm1,1628,3,7,8,10,18,19,30,34,37,48,59,65,66,75,77,100
random_eq,lpm1,1629,3,8,9,15,16,27,34,38,48,52,54,57,59,62,68,87
random_eq,lpm1,1630,11,23,27,28,38,40,41,45,47,49,66,78,82,90,97,100
random_eq,lpm1,1631,1,13,19,26,29,30,39,60,69,72,74,81,83,89,92,96
random_eq,lpm1,1632,4,6,7,9,12,16,18,20,21,35,38,50,56,65,70,88
random_eq,lpm1,1633,8,10,15,29,50,54,59,63,68,69,71,72,86,88,89,96
random_eq,lpm1,1634,22,28,29,31,35,42,52,54,58,65,71,73,78,85,92,93
random_eq,lpm1,1635,16,28,32,33,46,49,56,59,65,73,75,79,86,91,92,95
random_eq,lpm1,1636,1,2,3,13,23,30,46,47,56,59,72,73,74,84,92,93
random_eq,lpm1,1637,2,7,14,22,25,34,37,42,54,55,58,65,77,81,91,99
random_eq,lpm1,1638,1,3,6,25,29,33,39,49,57,74,79,81,83,85,89,93
random_eq,lpm1,1639,14,15,19,27,31,37,47,54,63,71,75,78,80,94,98,100
random_eq,lpm1,1640,1,2,19,25,32,33,42,58,71,75,76,77,82,91,93,98
random_eq,lpm1,1641,11,25,30,33,35,50,54,58,64,65,66,81,82,85,89,96
random_eq,lpm1,1642,18,22,27,31,38,41,49,72,74,76,80,84,88,91,98,99
random_eq,lpm1,1643,11,12,14,15,23,24,25,50,58,63,66,68,74,83,86,94
random_eq,lpm1,1644,1,3,4,14,15,24,25,38,41,42,48,51,61,63,82,100
random_eq,lpm1,1645,4,14,18,21,28,29,32,35,40,41,57,61,73,82,85,95
random_eq,lpm1,1646,2,9,14,23,33,37,39,41,44,50,72,76,81,84,89,93
random_eq,lpm1,1647,9,14,20,23,35,41,59,60,61,65,68,74,77,79,83,89
random_eq,lpm1,1648,1,6,18,22,24,25,28,31,35,43,52,54,59,66,74,78
random_eq,lpm1,1649,4,9,16,17,24,29,33,47,60,77,80,93,95,96,98,99
random_eq,lpm1,1650,13,17,29,34,44,46,56,71,72,78,80,81,82,84,90,96
random_eq,lpm1,1651,4,16,19,22,32,34,36,43,47,53,61,70,77,88,99,100
random_eq,lpm1,1652,9,10,11,28,34,38,54,56,58,67,70,78,89,93,95,98
random_eq,lpm1,1653,1,2,4,5,21,22,23,30,43,45,52,58,67,73,82,95
random_eq,lpm1,1654,6,26,27,34,38,39,50,53,54,64,68,70,80,84,90,91
random_eq,lpm1,1655,8,12,13,30,31,41,48,51,65,68,72,82,92,96,97,98
random_eq,lpm1,1656,13,14,18,20,31,34,46,47,50,61,65,75,76,82,85,98
random_eq,lpm1,1657,9,24,31,49,54,59,60,65,78,82,83,86,88,91,95,96
random_eq,lpm1,1658,6,9,21,22,45,61,65,68,69,74,84,85,88,93,96,98
random_eq,lpm1,1659,9,17,28,31,32,34,37,40,42,48,58,63,67,68,76,90
random_eq,lpm1,1660,5,6,19,25,33,34,35,39,54,60,66,70,71,75,84,93
random_eq,lpm1,1661,20,30,32,35,37,47,51,53,54,62,67,70,71,75,78,79
random_eq,lpm1,1662,22,26,37,40,42,45,46,51,55,70,72,84,87,89,93,97
random_eq,lpm1,1663,1,5,10,23,26,32,47,49,54,55,58,61,64,90,93,98
random_eq,lpm1,1664,1,2,3,16,17,21,26,30,59,63,66,72,75,78,80,96
random_eq,lpm1,1665,13,19,31,36,39,42,44,64,65,69,70,73,86,92,94,99
random_eq,lpm1,1666,6,11,13,16,17,30,34,36,43,53,60,75,87,88,98,99
random_eq,lpm1,1667,3,4,21,23,29,34,37,46,53,54,56,58,61,62,84,87
random_eq,lpm1,1668,2,15,19,31,32,33,35,37,48,52,62,72,75,85,87,96
random_eq,lpm1,1669,1,2,6,10,15,25,32,49,54,57,71,76,78,81,89,97
random_eq,lpm1,1670,10,15,22,28,31,32,36,41,52,62,63,66,76,86,92,100
random_eq,lpm1,1671,8,28,52,54,55,57,59,66,72,77,85,86,87,88,89,90
random_eq,lpm1,1672,2,9,10,14,21,26,40,43,53,54,57,62,63,67,71,95
random_eq,lpm1,1673,13,29,30,33,37,45,50,51,59,63,71,75,79,89,93,96
random_eq,lpm1,1674,13,29,33,34,41,50,52,55,56,58,61,62,74,79,96,98
random_eq,lpm1,1675,5,8,13,24,29,53,54,57,70,83,85,86,87,93,98,100
random_eq,lpm1,1676,4,5,18,23,24,29,44,45,47,64,66,67,70,77,90,99
random_eq,lpm1,1677,22,26,27,30,45,53,58,64,66,69,78,87,88,96,98,99
random_eq,lpm1,1678,3,5,17,19,21,30,38,42,56,59,72,77,84,87,90,94
random_eq,lpm1,1679,6,9,13,30,36,37,38,40,41,42,43,44,50,70,79,97
random_eq,lpm1,1680,3,8,11,16,18,19,47,51,52,62,77,81,86,91,95,98
random_eq,lpm1,1681,3,6,12,13,18,25,27,34,37,47,55,56,69,76,79,96
random_eq,lpm1,1682,1,6,9,10,13,15,23,24,25,41,46,49,56,59,61,65
random_eq,lpm1,1683,7,9,16,23,32,34,36,38,45,52,66,79,86,95,97,99
random_eq,lpm1,1684,1,5,6,13,19,25,34,35,45,52,54,59,65,74,76,90
random_eq,lpm1,1685,4,7,15,33,34,37,56,60,61,62,65,66,69,77,80,100
random_eq,lpm1,1686,1,7,16,17,19,30,31,35,39,57,62,66,89,92,94,100
random_eq,lpm1,1687,4,9,14,34,39,50,54,61,63,64,68,69,82,87,88,91
random_eq,lpm1,1688,2,5,16,19,25,32,36,42,51,57,64,70,79,89,95,98
random_eq,lpm1,1689,17,18,45,48,51,53,55,56,59,61,62,77,84,91,97,100
random_eq,lpm1,1690,5,11,14,21,25,33,34,44,46,50,56,61,63,87,96,98
random_eq,lpm1,1691,5,8,13,23,27,45,46,55,63,65,74,81,84,90,96,97
random_eq,lpm1,1692,2,7,9,21,23,26,36,41,44,50,59,69,72,74,83,92
random_eq,lpm1,1693,2,6,7,18,19,26,29,30,32,55,57,66,80,81,83,88
random_eq,lpm1,1694,4,15,21,22,34,35,51,52,60,77,78,80,92,93,99,100
random_eq,lpm1,1695,5,7,8,16,22,26,27,31,39,45,49,50,63,71,88,91
random_eq,lpm1,1696,3,13,15,30,38,47,51,59,60,64,65,72,74,79,86,90
random_eq,lpm1,1697,5,6,7,12,19,24,25,29,31,39,55,61,66,70,82,90
random_eq,lpm1,1698,3,11,15,21,22,46,51,63,64,70,74,78,80,84,86,92
random_eq,lpm1,1699,8,14,16,19,33,35,36,43,49,57,63,79,80,87,90,91
random_eq,lpm1,1700,4,17,19,20,21,24,25,29,36,38,46,64,67,82,86,100
random_eq,lpm1,1701,5,8,10,14,19,25,26,34,41,44,47,55,59,75,84,95
random_eq,lpm1,1702,3,10,11,20,22,26,34,40,46,49,53,54,61,78,88,92
random_eq,lpm1,1703,25,27,31,32,39,41,42,44,52,55,56,58,60,74,89,94
random_eq,lpm1,1704,4,11,14,17,24,33,47,71,74,76,88,93,94,96,99,100
random_eq,lpm1,1705,2,8,21,35,41,43,56,57,62,67,71,72,74,78,85,88
random_eq,lpm1,1706,2,20,24,37,44,45,48,54,62,64,69,71,80,84,96,98
random_eq,lpm1,1707,1,3,4,22,24,35,42,43,56,57,60,65,74,89,94,100
random_eq,lpm1,1708,1,2,4,11,19,22,34,36,37,47,52,56,65,67,69,85
random_eq,lpm1,1709,8,13,25,33,37,43,53,58,59,60,61,79,80,87,94,99
random_eq,lpm1,1710,1,12,16,21,22,25,35,38,39,58,61,68,70,84,93,99
random_eq,lpm1,1711,1,2,3,8,21,33,35,40,66,69,72,74,77,79,88,96
random_eq,lpm1,1712,7,13,18,23,34,52,55,59,60,62,63,74,78,79,97,99
random_eq,lpm1,1713,13,19,25,26,27,30,45,59,64,68,75,77,85,92,96,100
random_eq,lpm1,1714,4,9,10,11,16,17,21,27,28,35,41,43,44,58,64,68
random_eq,lpm1,1715,10,17,22,27,35,38,44,48,54,60,73,77,79,82,96,99
random_eq,lpm1,1716,1,9,10,14,18,27,28,37,41,43,49,62,77,79,89,98
random_eq,lpm1,1717,19,20,22,25,26,29,35,38,41,48,53,77,82,93,94,96
random_eq,lpm1,1718,9,28,34,37,44,52,55,58,60,66,67,68,76,86,90,98
random_eq,lpm1,1719,5,14,24,25,28,31,32,46,47,66,71,75,76,86,98,100
random_eq,lpm1,1720,2,4,21,22,25,29,33,39,41,49,50,63,72,78,84,92
random_eq,lpm1,1721,15,20,23,27,29,33,44,47,49,53,54,59,60,66,79,83
random_eq,lpm1,1722,1,2,32,47,49,57,60,63,77,78,80,83,92,96,97,98
random_eq,lpm1,1723,1,3,24,25,35,46,49,55,58,79,82,85,90,91,96,97
random_eq,lpm1,1724,4,20,28,33,34,38,46,49,53,70,77,80,88,89,94,99
random_eq,lpm1,1725,8,15,22,23,26,36,41,43,52,53,60,81,85,92,94,95
random_eq,lpm1,1726,8,18,25,31,36,48,49,55,63,67,70,85,94,97,98,99
random_eq,lpm1,1727,5,7,33,34,48,49,50,59,61,63,66,76,84,88,97,100
random_eq,lpm1,1728,2,6,12,18,24,30,36,39,41,50,75,77,80,82,83,91
random_eq,lpm1,1729,3,17,20,23,31,44,57,62,66,67,68,75,76,81,82,92
random_eq,lpm1,1730,6,10,14,15,18,41,53,60,61,62,76,77,78,79,81,92
random_eq,lpm1,1731,6,7,31,32,36,40,49,50,55,56,61,62,75,80,87,91
random_eq,lpm1,1732,2,3,13,20,23,32,36,37,39,42,44,52,57,71,73,76
random_eq,lpm1,1733,6,18,31,35,36,38,41,42,46,48,49,51,81,83,90,97
random_eq,lpm1,1734,12,21,29,39,55,56,60,61,63,65,73,82,84,90,93,95
random_eq,lpm1,1735,1,9,23,37,45,46,52,56,59,62,63,79,86,89,95,96
random_eq,lpm1,1736,2,7,8,12,13,15,20,41,51,52,55,65,78,79,82,97
random_eq,lpm1,1737,1,14,16,23,32,38,40,45,57,66,73,79,83,94,95,96
random_eq,lpm1,1738,5,6,13,15,19,24,27,29,37,38,49,62,67,69,80,87
random_eq,lpm1,1739,3,8,19,25,27,29,30,32,34,36,47,59,72,74,77,79
random_eq,lpm1,1740,7,28,33,34,39,45,53,55,58,62,65,70,75,76,91,99
random_eq,lpm1,1741,7,12,13,17,22,37,42,50,51,61,64,71,77,78,98,100
random_eq,lpm1,1742,2,6,7,10,12,23,37,38,47,56,57,59,63,66,70,83
random_eq,lpm1,1743,2,7,9,12,18,20,23,28,31,35,38,49,57,83,85,89
random_eq,lpm1,1744,1,8,14,24,25,27,29,32,40,46,47,54,57,63,79,82
random_eq,lpm1,1745,5,16,19,25,26,32,34,36,49,57,59,64,75,80,86,100
random_eq,lpm1,1746,4,8,17,25,39,44,48,54,58,60,65,66,67,75,80,92
random_eq,lpm1,1747,33,37,39,53,54,57,61,63,64,69,71,80,88,91,96,97
random_eq,lpm1,1748,4,8,22,30,35,39,42,45,58,65,69,71,74,77,91,93
random_eq,lpm1,1749,4,22,30,35,37,43,45,50,56,65,67,73,78,80,91,95
random_eq,lpm1,1750,17,26,30,34,41,50,51,56,59,67,71,72,78,85,91,93
random_eq,lpm1,1751,12,24,48,50,61,66,69,70,79,82,84,85,87,90,95,98
random_eq,lpm1,1752,1,32,35,37,39,52,55,64,66,72,73,80,89,94,96,99
random_eq,lpm1,1753,4,9,14,17,23,38,46,50,53,65,68,72,76,85,86,89
random_eq,lpm1,1754,2,4,20,30,42,54,55,60,65,67,68,76,82,88,89,93
random_eq,lpm1,1755,3,4,8,17,18,24,32,43,57,63,75,78,85,86,89,92
random_eq,lpm1,1756,4,16,17,18,21,25,27,32,34,44,50,77,83,90,94,96
random_eq,lpm1,1757,4,5,6,7,16,22,27,28,41,44,45,55,56,88,91,97
random_eq,lpm1,1758,3,10,16,26,28,34,39,48,62,69,81,83,87,95,96,97
random_eq,lpm1,1759,11,22,30,36,37,39,49,50,54,56,57,58,86,87,88,91
random_eq,lpm1,1760,9,11,12,21,23,24,27,29,33,44,50,56,59,66,95,96
random_eq,lpm1,1761,12,13,17,24,29,31,38,47,51,61,63,80,83,96,98,100
random_eq,lpm1,1762,5,6,11,28,29,32,47,52,53,59,60,76,80,87,92,93
random_eq,lpm1,1763,4,7,9,13,23,24,29,36,38,40,48,54,69,72,73,77
random_eq,lpm1,1764,11,38,46,50,59,61,63,68,69,74,75,76,85,88,94,95
random_eq,lpm1,1765,2,3,7,8,9,10,12,13,18,31,37,44,48,57,62,81
random_eq,lpm1,1766,6,9,16,17,45,47,67,68,70,80,83,84,86,87,91,98
random_eq,lpm1,1767,1,4,12,15,16,20,21,23,35,43,56,60,62,66,70,100
random_eq,lpm1,1768,1,12,15,17,19,24,26,42,47,51,58,78,86,90,95,97
random_eq,lpm1,1769,8,10,18,31,44,47,52,53,54,62,69,92,95,96,98,99
random_eq,lpm1,1770,4,12,18,22,42,48,50,52,61,77,84,85,92,94,96,100
random_eq,lpm1,1771,7,8,32,34,61,62,68,71,72,77,80,82,84,89,98,99
random_eq,lpm1,1772,2,12,19,29,33,49,53,79,81,82,83,87,88,91,98,100
random_eq,lpm1,1773,2,8,10,16,19,38,39,45,47,52,58,67,69,73,78,87
random_eq,lpm1,1774,3,8,15,19,20,25,35,37,51,52,66,68,71,85,93,95
random_eq,lpm1,1775,12,17,18,26,29,35,36,56,58,62,80,82,83,91,96,99
random_eq,lpm1,1776,1,5,6,23,29,42,46,49,55,57,59,61,76,81,91,96
random_eq,lpm1,1777,1,3,7,10,14,16,19,36,40,54,55,58,64,73,86,94
random_eq,lpm1,1778,2,5,13,19,20,34,39,45,70,73,77,82,84,87,90,95
random_eq,lpm1,1779,9,14,19,23,25,31,32,36,43,53,71,76,81,82,95,99
random_eq,lpm1,1780,12,14,15,33,47,49,51,55,62,64,66,74,77,84,95,98
random_eq,lpm1,1781,2,3,4,5,16,19,33,63,64,66,70,87,88,91,93,95
random_eq,lpm1,1782,7,18,23,24,46,48,49,55,58,60,66,74,76,79,90,99
random_eq,lpm1,1783,1,11,17,27,37,41,51,53,55,59,62,64,66,81,95,99
random_eq,lpm1,1784,6,11,12,16,19,26,29,33,40,42,43,52,53,73,86,87
random_eq,lpm1,1785,1,27,29,38,39,42,43,45,48,49,50,58,74,77,83,88
random_eq,lpm1,1786,3,5,29,30,35,47,49,51,54,62,65,71,72,84,92,96
random_eq,lpm1,1787,21,30,31,39,45,54,55,58,62,70,71,74,78,85,94,96
random_eq,lpm1,1788,1,8,19,21,24,29,35,36,46,57,58,69,71,82,88,98
random_eq,lpm1,1789,22,27,28,47,55,58,60,65,67,69,74,78,79,85,88,94
random_eq,lpm1,1790,18,23,27,29,35,41,46,48,50,55,63,66,67,69,73,79
random_eq,lpm1,1791,1,6,10,11,19,22,26,27,36,37,43,51,54,66,97,98
random_eq,lpm1,1792,1,9,10,17,30,47,50,59,62,67,68,71,76,82,84,100
random_eq,lpm1,1793,3,5,10,16,17,26,27,55,58,59,64,68,84,88,96,97
random_eq,lpm1,1794,4,12,13,22,23,29,30,33,43,44,55,72,74,89,98,99
random_eq,lpm1,1795,3,10,13,14,15,33,35,41,64,72,77,79,82,88,93,94
random_eq,lpm1,1796,5,23,26,46,52,53,57,58,60,63,71,75,81,92,97,98
random_eq,lpm1,1797,3,7,9,12,21,38,42,52,59,61,65,76,77,82,88,95
random_eq,lpm1,1798,14,26,32,37,40,42,56,61,75,77,87,88,89,93,99,100
random_eq,lpm1,1799,3,11,17,23,25,30,35,41,55,59,64,68,74,89,96,100
random_eq,lpm1,1800,3,7,23,37,44,54,56,61,68,72,76,77,81,90,91,98
random_eq,lpm1,1801,2,5,8,15,17,25,35,43,53,60,63,65,66,71,72,90
random_eq,lpm1,1802,18,26,29,34,40,43,45,51,53,57,63,69,70,75,89,92
random_eq,lpm1,1803,4,6,7,9,10,11,12,16,30,36,40,41,83,86,87,91
random_eq,lpm1,1804,1,3,5,6,9,13,21,27,28,38,40,64,69,73,80,93
random_eq,lpm1,1805,2,10,11,17,21,30,33,44,50,54,56,66,71,76,81,98
random_eq,lpm1,1806,2,4,22,28,39,52,60,64,66,68,69,73,78,85,92,95
random_eq,lpm1,1807,2,9,15,17,24,36,42,56,60,63,65,67,72,80,82,83
random_eq,lpm1,1808,1,2,6,17,21,50,51,54,59,62,71,74,77,79,83,92
random_eq,lpm1,1809,1,9,11,14,15,17,25,37,41,42,43,48,50,65,85,100
random_eq,lpm1,1810,5,8,14,15,27,35,44,54,57,59,69,87,88,90,91,95
random_eq,lpm1,1811,2,17,18,29,43,47,54,55,58,60,81,82,83,88,90,95
random_eq,lpm1,1812,14,19,27,31,36,37,44,46,53,62,65,69,81,94,97,98
random_eq,lpm1,1813,13,29,30,33,41,42,49,58,64,77,86,88,92,95,96,98
random_eq,lpm1,1814,2,11,12,16,17,24,28,29,40,46,48,51,66,68,72,90
random_eq,lpm1,1815,13,16,17,18,21,23,26,34,54,58,63,75,84,92,97,98
random_eq,lpm1,1816,3,7,13,27,32,37,38,48,59,68,70,72,77,83,85,94
random_eq,lpm1,1817,7,11,14,44,50,62,69,71,72,74,76,85,86,89,94,98
random_eq,lpm1,1818,2,10,13,14,15,22,26,38,46,50,68,73,76,82,84,95
random_eq,lpm1,1819,11,16,19,24,32,39,42,43,44,48,51,68,70,83,86,95
random_eq,lpm1,1820,13,14,24,29,31,32,40,46,67,73,74,83,87,89,90,95
random_eq,lpm1,1821,3,4,8,13,34,41,43,52,61,71,73,74,80,90,98,100
random_eq,lpm1,1822,3,9,20,22,30,36,41,53,55,76,79,85,87,91,93,98
random_eq,lpm1,1823,7,14,19,34,41,57,64,65,68,74,80,90,91,92,95,98
random_eq,lpm1,1824,4,7,16,25,27,41,42,45,49,64,65,72,75,81,84,91
random_eq,lpm1,1825,3,12,16,20,26,34,47,49,55,61,64,66,68,81,90,96
random_eq,lpm1,1826,9,16,18,20,27,32,41,43,47,49,59,73,77,83,92,99
random_eq,lpm1,1827,12,14,23,25,27,29,53,55,65,66,68,69,72,77,81,96
random_eq,lpm1,1828,1,9,12,24,40,55,57,64,66,72,74,78,88,93,96,97
random_eq,lpm1,1829,4,10,16,21,22,33,44,54,57,58,64,67,69,86,92,93
random_eq,lpm1,1830,2,6,11,12,21,35,42,47,51,56,59,65,71,90,93,99
random_eq,lpm1,1831,7,14,18,19,21,26,32,38,39,44,73,75,78,80,84,86
random_eq,lpm1,1832,6,8,18,23,30,31,36,45,47,50,55,70,75,82,93,98
random_eq,lpm1,1833,8,10,20,27,31,45,47,55,59,70,73,74,75,78,96,99
random_eq,lpm1,1834,3,10,14,19,25,27,29,39,44,47,51,66,69,78,79,87
random_eq,lpm1,1835,3,7,14,15,23,24,29,33,37,53,59,60,65,66,72,94
random_eq,lpm1,1836,8,10,19,23,34,44,52,57,59,61,72,78,82,83,89,96
random_eq,lpm1,1837,2,7,11,44,50,56,59,70,71,73,75,78,80,82,91,95
random_eq,lpm1,1838,3,8,11,12,13,23,33,39,43,44,48,61,62,65,74,81
random_eq,lpm1,1839,15,23,26,28,44,48,52,59,60,62,69,77,78,83,92,94
random_eq,lpm1,1840,2,8,18,26,40,41,42,49,60,77,78,85,90,92,96,100
random_eq,lpm1,1841,2,4,6,8,9,13,16,25,31,41,47,49,50,55,67,98
random_eq,lpm1,1842,4,9,11,14,15,42,61,68,71,72,77,81,82,90,91,93
random_eq,lpm1,1843,2,28,29,35,39,41,51,55,63,66,69,71,78,79,85,90
random_eq,lpm1,1844,3,13,26,29,31,35,42,54,58,71,76,78,82,88,93,96
random_eq,lpm1,1845,13,28,38,52,60,64,68,73,74,79,86,89,90,93,98,100
random_eq,lpm1,1846,10,22,27,28,29,32,40,45,47,49,65,66,71,74,99,100
random_eq,lpm1,1847,7,8,9,11,14,16,35,37,38,54,60,61,63,65,88,91
random_eq,lpm1,1848,6,11,21,25,28,38,53,54,59,61,63,70,83,85,97,98
random_eq,lpm1,1849,7,12,21,26,28,31,33,35,37,49,78,83,85,94,95,98
random_eq,lpm1,1850,1,7,10,19,25,31,33,35,39,47,49,54,56,58,75,82
random_eq,lpm1,1851,5,8,9,13,20,21,26,38,43,49,50,53,59,60,61,88
random_eq,lpm1,1852,5,8,13,15,16,25,30,31,34,52,54,57,59,68,90,100
random_eq,lpm1,1853,10,30,43,54,57,62,63,66,68,71,86,92,94,97,99,100
random_eq,lpm1,1854,3,6,13,18,25,26,34,43,48,52,53,56,57,81,83,98
random_eq,lpm1,1855,15,23,30,32,34,36,37,44,48,54,59,62,64,66,77,98
random_eq,lpm1,1856,4,6,15,16,17,28,33,41,48,51,60,61,76,87,90,92
random_eq,lpm1,1857,4,10,17,19,32,34,37,39,57,61,66,68,72,76,88,93
random_eq,lpm1,1858,14,21,23,31,32,36,37,59,61,62,64,72,75,87,93,99
random_eq,lpm1,1859,2,3,9,10,13,23,35,44,54,56,59,65,76,77,92,96
random_eq,lpm1,1860,2,7,8,17,21,22,26,33,37,54,57,59,63,88,98,99
random_eq,lpm1,1861,10,19,22,25,26,29,43,45,52,64,78,81,82,87,89,100
random_eq,lpm1,1862,4,10,19,21,30,32,43,63,64,65,75,82,84,86,92,95
random_eq,lpm1,1863,11,12,13,18,30,37,39,53,63,68,83,84,86,88,97,100
random_eq,lpm1,1864,3,10,15,18,27,29,31,32,34,36,47,49,60,72,82,88
random_eq,lpm1,1865,10,13,14,23,26,36,45,55,59,62,76,77,89,93,95,96
random_eq,lpm1,1866,7,11,12,18,20,21,23,29,46,52,61,74,75,80,95,98
random_eq,lpm1,1867,4,7,21,22,23,25,29,46,49,58,68,81,82,84,86,87
random_eq,lpm1,1868,6,9,11,21,24,26,33,35,37,54,56,59,60,83,88,93
random_eq,lpm1,1869,8,11,12,14,23,35,43,55,57,60,65,66,78,89,94,95
random_eq,lpm1,1870,7,12,23,33,35,37,47,52,57,59,62,64,74,87,97,100
random_eq,lpm1,1871,3,6,10,11,16,19,23,30,34,40,47,49,63,76,87,96
random_eq,lpm1,1872,7,12,47,57,58,62,66,69,71,79,82,83,86,88,97,98
random_eq,lpm1,1873,7,14,16,21,27,37,50,57,64,71,73,79,81,90,95,98
random_eq,lpm1,1874,9,15,19,30,38,42,44,62,64,68,69,77,82,85,91,93
random_eq,lpm1,1875,5,14,21,29,31,41,42,56,59,67,69,72,85,88,92,99
random_eq,lpm1,1876,1,2,9,19,24,26,31,37,46,51,57,58,66,69,85,97
random_eq,lpm1,1877,1,20,26,29,35,48,52,54,62,64,66,67,71,74,84,99
random_eq,lpm1,1878,5,6,17,22,24,32,33,35,36,39,45,48,77,94,96,97
random_eq,lpm1,1879,25,31,32,34,37,39,42,45,50,56,58,67,68,87,90,91
random_eq,lpm1,1880,2,8,24,35,37,43,45,48,49,53,58,68,84,88,90,95
random_eq,lpm1,1881,14,25,31,32,35,36,42,47,55,60,72,74,75,85,96,98
random_eq,lpm1,1882,24,26,33,35,42,46,51,54,56,69,72,74,81,89,90,99
random_eq,lpm1,1883,11,15,23,29,34,44,46,54,68,70,72,81,85,89,90,93
random_eq,lpm1,1884,3,9,19,24,26,33,35,37,49,69,76,80,84,91,97,100
random_eq,lpm1,1885,1,5,6,10,18,22,25,43,45,48,49,59,67,82,86,97
random_eq,lpm1,1886,1,2,3,6,7,9,11,17,32,36,40,47,55,66,85,97
random_eq,lpm1,1887,1,28,30,32,34,38,45,56,72,74,75,79,80,83,92,98
random_eq,lpm1,1888,3,9,13,15,22,26,36,46,47,56,58,69,81,86,88,92
random_eq,lpm1,1889,6,11,13,18,25,29,40,45,49,51,55,61,76,77,82,85
random_eq,lpm1,1890,10,25,33,37,41,43,52,56,63,71,79,81,84,91,94,99
random_eq,lpm1,1891,9,11,13,16,60,67,68,69,72,78,81,83,86,90,97,100
random_eq,lpm1,1892,8,10,12,19,22,30,31,36,44,55,82,84,91,93,94,98
random_eq,lpm1,1893,3,5,7,8,9,17,18,19,20,31,35,41,62,66,74,79
random_eq,lpm1,1894,1,4,5,8,11,24,39,49,50,61,70,72,74,80,89,90
random_eq,lpm1,1895,5,7,15,23,31,33,35,47,55,60,66,69,90,94,97,100
random_eq,lpm1,1896,11,21,28,40,41,44,49,55,61,64,69,71,73,80,94,95
random_eq,lpm1,1897,1,6,19,25,30,36,43,48,59,63,74,80,84,86,94,97
random_eq,lpm1,1898,6,12,34,48,49,53,63,64,67,68,75,79,84,85,86,99
random_eq,lpm1,1899,1,9,10,12,21,25,33,40,52,65,66,67,76,77,79,97
random_eq,lpm1,1900,3,4,15,19,31,34,42,47,49,51,70,71,72,75,78,85
random_eq,lpm1,1901,13,14,16,28,36,43,53,57,63,69,71,73,80,81,83,94
random_eq,lpm1,1902,2,4,8,19,33,35,39,52,54,55,58,80,82,89,90,93
random_eq,lpm1,1903,1,4,8,13,15,16,20,28,46,48,52,61,62,78,81,95
random_eq,lpm1,1904,28,30,32,39,48,50,52,55,64,65,72,74,81,88,91,94
random_eq,lpm1,1905,8,10,15,18,27,30,38,45,47,51,62,63,77,84,92,100
random_eq,lpm1,1906,10,14,15,22,25,34,35,36,41,45,47,59,64,65,77,92
random_eq,lpm1,1907,1,5,6,8,16,21,24,30,31,42,43,45,49,81,84,90
random_eq,lpm1,1908,9,12,17,19,33,35,36,43,64,79,80,82,87,91,95,98
random_eq,lpm1,1909,11,18,23,28,29,30,40,45,62,65,76,78,82,91,93,95
random_eq,lpm1,1910,4,15,27,30,31,33,41,42,44,45,48,51,73,92,93,95
random_eq,lpm1,1911,4,15,16,22,30,40,42,43,63,69,71,76,77,78,86,100
random_eq,lpm1,1912,7,9,13,16,18,20,23,31,34,36,49,54,64,81,95,99
random_eq,lpm1,1913,13,17,29,34,39,48,53,54,57,60,65,68,73,76,93,95
random_eq,lpm1,1914,8,9,11,12,40,46,48,49,61,62,71,72,74,91,92,99
random_eq,lpm1,1915,2,16,17,26,28,35,42,55,59,60,62,63,64,68,89,95
random_eq,lpm1,1916,3,5,6,7,12,18,21,26,27,28,31,73,75,81,83,85
random_eq,lpm1,1917,2,9,16,19,21,24,25,36,38,39,43,44,52,63,76,99
random_eq,lpm1,1918,6,8,28,35,37,39,46,47,49,63,71,73,75,79,80,94
random_eq,lpm1,1919,25,27,28,36,38,46,53,56,72,75,77,79,80,82,87,93
random_eq,lpm1,1920,6,11,14,21,23,54,63,65,71,76,82,90,92,96,98,99
random_eq,lpm1,1921,17,18,25,26,27,28,36,44,45,53,56,66,75,77,81,93
random_eq,lpm1,1922,2,9,21,28,44,46,54,55,66,69,70,74,77,79,81,83
random_eq,lpm1,1923,9,10,17,19,35,39,48,54,65,66,67,71,72,79,88,90
random_eq,lpm1,1924,5,13,14,28,43,49,51,53,54,79,81,83,86,87,92,100
random_eq,lpm1,1925,6,7,9,16,40,44,46,50,55,57,62,70,76,78,91,94
random_eq,lpm1,1926,1,9,17,25,27,33,48,50,63,72,79,85,92,96,97,98
random_eq,lpm1,1927,1,5,13,15,16,27,31,32,52,53,64,81,88,90,95,96
random_eq,lpm1,1928,14,26,35,36,37,46,48,61,63,69,75,85,87,88,95,96
random_eq,lpm1,1929,9,10,18,21,54,55,56,57,59,60,66,67,83,86,88,100
random_eq,lpm1,1930,3,11,17,26,35,42,43,48,56,61,62,63,68,88,91,92
random_eq,lpm1,1931,2,3,4,9,13,17,18,32,47,57,62,68,72,76,92,97
random_eq,lpm1,1932,4,8,22,23,34,37,38,49,50,57,61,66,68,70,91,100
random_eq,lpm1,1933,3,14,25,34,38,43,53,54,57,64,68,79,82,86,98,100
random_eq,lpm1,1934,9,12,15,17,26,35,36,57,59,64,72,80,82,87,93,97
random_eq,lpm1,1935,6,9,23,27,31,43,55,59,60,68,70,74,83,84,87,89
random_eq,lpm1,1936,4,32,35,39,46,51,52,56,66,68,74,83,84,89,92,100
random_eq,lpm1,1937,6,19,25,32,36,39,44,49,55,57,61,66,74,75,85,93
random_eq,lpm1,1938,1,13,16,19,20,33,47,59,67,70,73,76,79,84,93,94
random_eq,lpm1,1939,28,29,30,32,42,44,45,48,59,67,68,70,71,72,88,92
random_eq,lpm1,1940,7,19,23,25,40,41,44,49,53,66,71,72,77,79,90,94
random_eq,lpm1,1941,12,14,15,33,35,38,44,61,62,63,64,77,80,82,91,96
random_eq,lpm1,1942,2,9,44,45,49,50,64,66,72,78,79,81,82,84,90,98
random_eq,lpm1,1943,20,30,40,44,48,53,56,60,69,76,79,82,84,90,94,96
random_eq,lpm1,1944,8,13,24,38,40,57,60,61,63,65,69,75,82,94,95,96
random_eq,lpm1,1945,3,6,11,12,27,29,52,53,68,78,81,83,87,88,96,98
random_eq,lpm1,1946,5,14,16,28,45,51,55,56,57,59,62,66,68,69,94,100
random_eq,lpm1,1947,4,8,27,29,32,37,44,51,58,67,68,77,81,85,89,99
random_eq,lpm1,1948,5,16,29,31,35,45,52,55,56,61,66,68,69,84,91,95
random_eq,lpm1,1949,4,9,10,24,33,45,46,52,63,72,74,76,90,97,98,99
random_eq,lpm1,1950,7,16,22,25,32,48,49,57,59,60,68,79,80,94,95,97
random_eq,lpm1,1951,1,2,3,7,9,13,15,16,31,36,40,41,42,49,95,97
random_eq,lpm1,1952,4,6,14,21,27,37,40,41,60,62,66,83,84,85,96,97
random_eq,lpm1,1953,21,25,39,42,44,46,52,54,68,77,78,81,82,84,90,97
random_eq,lpm1,1954,1,5,14,31,39,43,45,55,61,66,80,89,90,94,99,100
random_eq,lpm1,1955,1,3,4,15,17,32,53,67,68,83,86,90,91,92,94,95
random_eq,lpm1,1956,17,22,26,27,28,29,34,46,53,59,67,68,72,82,87,89
random_eq,lpm1,1957,5,14,24,28,42,47,55,58,60,65,69,73,76,85,93,94
random_eq,lpm1,1958,2,16,20,28,34,36,39,41,45,64,65,67,69,70,88,91
random_eq,lpm1,1959,6,7,16,27,38,41,53,60,64,65,68,70,79,88,90,98
random_eq,lpm1,1960,6,15,29,31,46,47,49,54,55,56,62,65,74,78,94,96
random_eq,lpm1,1961,1,12,15,16,22,26,33,43,48,51,55,66,70,86,97,100
random_eq,lpm1,1962,14,15,16,19,34,48,54,56,57,58,62,66,68,71,77,97
random_eq,lpm1,1963,1,10,13,28,29,32,46,50,53,70,76,79,81,86,94,100
random_eq,lpm1,1964,1,16,25,27,31,45,46,51,53,58,67,78,89,90,95,97
random_eq,lpm1,1965,9,17,19,21,33,35,41,42,59,61,71,72,74,77,88,92
random_eq,lpm1,1966,4,12,30,33,40,43,50,66,70,74,75,77,85,87,94,100
random_eq,lpm1,1967,16,17,22,26,32,34,48,50,61,62,67,72,77,81,91,97
random_eq,lpm1,1968,1,15,16,17,27,31,42,43,45,51,55,57,70,76,78,95
random_eq,lpm1,1969,15,21,27,33,37,42,43,50,51,52,54,62,64,72,77,88
random_eq,lpm1,1970,16,21,27,28,36,42,52,60,62,65,76,79,81,88,93,100
random_eq,lpm1,1971,3,6,9,13,25,30,39,46,49,53,55,68,76,79,81,85
random_eq,lpm1,1972,1,5,14,16,21,23,26,31,40,41,45,58,83,86,90,93
random_eq,lpm1,1973,4,20,27,33,38,44,50,51,53,54,57,62,70,85,91,93
random_eq,lpm1,1974,38,40,46,48,49,65,68,74,76,80,88,90,94,96,99,100
random_eq,lpm1,1975,3,10,11,14,19,32,39,55,56,58,75,78,81,86,87,91
random_eq,lpm1,1976,4,5,18,19,25,43,51,55,56,57,61,67,75,91,95,99
random_eq,lpm1,1977,8,9,16,26,29,33,40,41,60,66,70,72,77,80,90,96
random_eq,lpm1,1978,2,47,51,58,60,67,68,70,71,73,80,81,92,93,95,99
random_eq,lpm1,1979,1,2,9,16,20,26,45,49,53,57,62,70,71,81,96,98
random_eq,lpm1,1980,1,6,14,26,32,34,45,57,59,67,82,83,88,89,90,94
random_eq,lpm1,1981,11,12,18,21,24,29,32,38,42,61,67,74,76,77,94,100
random_eq,lpm1,1982,9,16,36,38,39,44,45,46,52,53,62,64,72,79,91,93
random_eq,lpm1,1983,6,13,26,28,29,47,51,52,53,54,67,71,80,81,82,93
random_eq,lpm1,1984,3,5,10,19,20,27,34,39,44,69,70,71,76,84,90,92
random_eq,lpm1,1985,5,6,7,18,34,42,45,47,49,50,61,64,65,88,97,98
random_eq,lpm1,1986,4,5,6,7,8,10,11,22,36,38,45,50,61,63,73,94
random_eq,lpm1,1987,5,9,11,20,25,27,29,38,42,46,49,50,68,70,82,98
random_eq,lpm1,1988,20,21,22,23,24,32,38,41,43,56,65,68,74,86,99,100
random_eq,lpm1,1989,10,16,18,20,32,41,49,60,62,65,77,81,86,89,96,97
random_eq,lpm1,1990,2,5,6,13,15,25,31,32,42,43,45,59,70,71,90,97
random_eq,lpm1,1991,6,9,11,21,22,25,28,41,46,52,56,71,78,82,93,96
random_eq,lpm1,1992,4,8,17,19,20,30,43,45,53,55,62,75,77,80,87,98
random_eq,lpm1,1993,15,17,21,24,25,27,28,32,36,42,51,58,64,79,81,87
random_eq,lpm1,1994,6,8,18,21,25,38,40,42,45,52,63,67,79,85,86,93
random_eq,lpm1,1995,1,3,5,22,26,35,43,52,56,57,63,66,74,89,98,100
random_eq,lpm1,1996,12,22,23,28,34,38,39,44,47,65,67,68,70,82,93,97
random_eq,lpm1,1997,2,12,15,16,23,34,36,44,50,52,53,55,57,62,89,96
random_eq,lpm1,1998,4,7,18,24,39,42,48,49,50,54,57,63,75,86,91,94
random_eq,lpm1,1999,5,8,23,27,30,35,45,47,59,62,68,69,82,95,96,99
random_eq,lpm1,2000,8,23,34,41,42,44,46,61,77,81,89,92,93,95,97,99
random_eq,lpm2,1,7,9,10,12,17,21,23,39,52,71,82,83,84,86,92,95
random_eq,lpm2,2,8,21,24,28,29,46,47,49,61,62,63,79,82,85,87,98
random_eq,lpm2,3,8,10,18,25,27,31,34,43,54,59,65,72,75,82,89,99
random_eq,lpm2,4,7,16,23,30,35,36,40,45,58,61,70,84,87,90,91,95
random_eq,lpm2,5,7,11,24,29,33,44,51,53,54,55,57,61,90,95,98,99
random_eq,lpm2,6,14,19,24,33,51,63,67,76,79,85,86,87,91,93,94,100
random_eq,lpm2,7,5,8,10,12,52,57,58,66,67,68,69,77,89,90,92,94
random_eq,lpm2,8,1,21,33,44,45,46,52,74,76,77,79,81,86,88,93,97
random_eq,lpm2,9,11,18,24,26,32,60,62,74,76,85,91,92,93,97,98,99
random_eq,lpm2,10,1,12,21,22,29,39,41,48,52,61,62,74,77,81,84,100
random_eq,lpm2,11,10,20,21,22,27,32,40,44,46,47,49,51,55,56,87,99
random_eq,lpm2,12,2,10,14,16,18,22,43,45,50,55,56,67,71,72,79,89
random_eq,lpm2,13,11,20,21,38,39,46,61,64,65,69,85,89,90,94,97,99
random_eq,lpm2,14,3,7,22,25,29,33,36,40,42,46,49,51,72,77,85,92
random_eq,lpm2,15,2,14,26,31,41,46,47,51,68,69,72,81,85,90,92,98
random_eq,lpm2,16,2,16,19,23,26,30,41,49,50,55,58,66,68,73,76,98
random_eq,lpm2,17,3,9,17,21,23,34,44,52,53,57,60,71,76,78,79,98
random_eq,lpm2,18,3,9,25,30,34,48,57,59,60,63,82,83,86,87,93,100
random_eq,lpm2,19,15,17,18,22,24,30,38,54,62,72,77,78,80,82,86,93
random_eq,lpm2,20,4,16,18,28,30,41,42,46,64,70,73,75,78,86,92,100
random_eq,lpm2,21,8,9,32,33,37,40,42,52,79,84,87,89,95,96,97,99
random_eq,lpm2,22,15,17,18,19,24,26,54,63,73,74,76,86,89,95,97,98
random_eq,lpm2,23,1,11,13,30,33,34,50,53,58,59,60,65,76,83,86,92
random_eq,lpm2,24,3,11,18,19,34,40,43,47,56,59,62,66,75,78,94,100
random_eq,lpm2,25,8,13,18,22,27,34,42,46,58,69,73,77,79,82,96,97
random_eq,lpm2,26,3,4,10,17,22,24,28,37,46,61,65,68,83,89,94,100
random_eq,lpm2,27,1,9,13,20,22,24,31,40,45,46,49,67,74,78,83,84
random_eq,lpm2,28,16,23,28,29,41,46,58,61,68,69,78,81,83,89,92,100
random_eq,lpm2,29,4,5,12,13,14,15,20,27,28,29,31,42,49,51,90,92
random_eq,lpm2,30,1,5,15,19,25,27,37,41,42,49,64,72,84,91,94,95
random_eq,lpm2,31,17,25,31,32,39,41,44,51,55,61,66,76,78,84,85,89
random_eq,lpm2,32,7,10,13,16,31,38,39,56,57,58,60,61,62,69,75,78
random_eq,lpm2,33,4,11,12,30,33,37,47,52,72,73,75,81,85,93,98,100
random_eq,lpm2,34,4,11,17,21,22,24,25,32,45,55,68,71,74,86,96,100
random_eq,lpm2,35,1,3,7,10,12,13,14,24,25,27,37,38,40,49,65,72
random_eq,lpm2,36,3,6,8,11,13,14,21,25,29,38,41,44,68,85,86,98
random_eq,lpm2,37,5,23,26,36,43,46,55,58,63,66,67,81,83,86,90,99
random_eq,lpm2,38,14,24,31,40,46,54,63,71,74,75,76,78,86,88,91,100
random_eq,lpm2,39,11,20,24,44,46,48,54,55,56,66,69,73,80,83,86,98
random_eq,lpm2,40,2,6,15,24,32,37,47,49,50,53,66,67,68,73,76,79
random_eq,lpm2,41,20,27,47,49,50,59,64,66,73,77,82,84,85,87,90,97
random_eq,lpm2,42,8,15,27,32,35,36,45,65,71,73,75,82,89,94,95,99
random_eq,lpm2,43,7,19,33,35,42,47,52,55,59,69,73,79,83,84,95,97
random_eq,lpm2,44,11,18,20,35,45,46,51,55,61,67,70,75,82,91,95,99
random_eq,lpm2,45,3,13,20,27,30,37,38,42,52,59,73,75,84,85,98,100
random_eq,lpm2,46,3,8,23,24,48,57,62,66,69,71,72,78,92,94,96,98
random_eq,lpm2,47,2,10,20,31,39,44,47,50,51,69,70,71,74,75,81,96
random_eq,lpm2,48,2,12,15,19,21,25,26,38,56,58,82,84,85,87,90,93
random_eq,lpm2,49,12,13,14,23,26,29,53,60,64,67,71,72,77,78,81,90
random_eq,lpm2,50,15,17,29,31,41,44,65,68,70,81,82,86,88,89,90,99
random_eq,lpm2,51,3,16,17,33,40,45,61,62,64,66,72,84,87,89,94,96
random_eq,lpm2,52,2,4,8,20,28,31,34,37,39,52,53,54,62,68,87,91
random_eq,lpm2,53,10,24,33,35,41,44,63,70,71,73,75,84,89,94,96,99
random_eq,lpm2,54,3,5,21,32,41,43,44,52,71,79,84,85,88,94,97,98
random_eq,lpm2,55,1,9,10,13,14,27,31,32,38,40,48,50,58,90,96,97
random_eq,lpm2,56,4,5,11,21,34,45,50,61,62,65,66,67,70,72,83,100
random_eq,lpm2,57,21,26,38,43,47,49,54,56,57,58,75,78,82,86,90,96
random_eq,lpm2,58,11,20,23,27,35,39,50,52,54,55,64,65,66,78,90,93
random_eq,lpm2,59,9,15,19,21,22,31,38,54,70,72,78,80,81,82,86,93
random_eq,lpm2,60,11,15,16,23,32,33,36,43,52,66,73,76,81,94,95,99
random_eq,lpm2,61,5,10,14,24,27,30,32,38,60,66,75,84,87,94,99,100
random_eq,lpm2,62,1,5,7,8,35,42,43,45,70,71,72,77,80,81,84,88
random_eq,lpm2,63,4,8,14,20,33,37,45,61,78,81,88,89,94,95,96,99
random_eq,lpm2,64,4,9,11,18,21,38,44,52,54,60,62,67,78,85,93,97
random_eq,lpm2,65,1,11,24,27,30,32,47,50,56,62,66,67,72,79,80,83
random_eq,lpm2,66,3,17,22,31,32,34,36,38,59,61,72,80,81,82,87,100
random_eq,lpm2,67,1,7,14,15,16,21,42,45,58,71,75,77,90,93,94,96
random_eq,lpm2,68,13,21,26,27,29,37,41,46,49,56,58,71,72,73,77,98
random_eq,lpm2,69,13,14,25,33,40,45,50,67,70,79,82,89,92,93,94,100
random_eq,lpm2,70,23,24,29,43,54,64,68,70,79,87,90,91,94,95,98,99
random_eq,lpm2,71,4,5,6,9,24,30,49,53,54,65,66,73,76,84,96,99
random_eq,lpm2,72,18,28,30,35,40,44,48,64,65,73,74,75,77,85,93,99
random_eq,lpm2,73,4,6,9,12,14,19,27,31,38,53,66,69,71,73,76,89
random_eq,lpm2,74,1,10,11,19,23,30,36,38,40,50,61,63,69,72,90,91
random_eq,lpm2,75,8,15,17,25,33,40,50,51,52,57,66,75,78,82,93,100
random_eq,lpm2,76,2,6,7,11,13,29,33,34,39,41,70,71,72,74,88,99
random_eq,lpm2,77,1,11,16,27,30,46,47,55,60,62,66,76,81,94,95,98
random_eq,lpm2,78,11,14,22,23,27,32,33,39,43,53,57,60,63,68,92,94
random_eq,lpm2,79,10,13,15,29,39,41,55,63,68,71,79,86,88,90,93,99
random_eq,lpm2,80,1,3,5,10,12,30,31,51,59,64,67,69,73,82,89,95
random_eq,lpm2,81,7,10,22,24,33,38,49,51,52,54,63,64,79,91,98,99
random_eq,lpm2,82,6,18,34,39,41,46,48,52,53,55,56,61,62,65,80,84
random_eq,lpm2,83,2,13,17,20,23,26,30,33,38,41,73,74,84,87,93,97
random_eq,lpm2,84,5,11,12,14,19,22,29,40,50,51,53,69,72,89,92,95
random_eq,lpm2,85,18,19,31,34,35,36,41,42,46,52,55,56,62,72,76,85
random_eq,lpm2,86,1,3,4,14,18,27,28,40,41,55,63,76,85,88,91,95
random_eq,lpm2,87,1,2,13,31,36,41,49,60,63,71,75,82,83,88,96,98
random_eq,lpm2,88,5,10,12,15,17,20,23,28,38,40,53,56,62,68,77,97
random_eq,lpm2,89,11,14,16,21,33,36,43,46,50,59,63,76,80,86,88,95
random_eq,lpm2,90,2,6,7,22,31,32,36,40,47,53,55,65,73,76,82,99
random_eq,lpm2,91,4,19,21,25,27,36,49,57,60,64,74,85,86,87,95,98
random_eq,lpm2,92,3,10,18,23,32,48,57,61,70,72,79,81,90,91,96,97
random_eq,lpm2,93,10,21,26,36,39,43,47,50,54,61,72,73,77,83,86,97
random_eq,lpm2,94,2,3,9,15,16,37,38,44,45,59,64,69,79,85,90,100
random_eq,lpm2,95,6,18,31,32,46,47,50,51,59,62,63,67,78,82,86,97
random_eq,lpm2,96,1,3,5,14,21,22,23,27,32,38,40,63,64,77,91,96
random_eq,lpm2,97,1,9,12,20,30,37,40,49,55,65,77,83,88,91,96,97
random_eq,lpm2,98,5,14,19,38,39,45,63,66,68,69,80,84,86,88,89,95
random_eq,lpm2,99,2,4,16,23,35,39,44,46,48,52,56,60,71,75,84,92
random_eq,lpm2,100,7,20,26,31,34,35,40,46,49,51,57,66,74,76,78,89
random_eq,lpm2,101,1,3,10,16,29,36,37,39,40,43,49,73,77,83,91,95
random_eq,lpm2,102,5,6,12,24,25,27,28,30,32,35,42,49,71,79,83,89
random_eq,lpm2,103,4,8,11,24,32,47,52,58,60,62,66,71,78,83,85,96
random_eq,lpm2,104,4,16,19,20,25,27,33,37,51,54,56,60,75,91,95,99
random_eq,lpm2,105,2,5,16,17,18,20,35,40,45,47,53,57,62,64,96,99
random_eq,lpm2,106,10,16,20,32,35,40,44,45,52,71,73,78,84,91,96,97
random_eq,lpm2,107,1,2,8,9,15,19,27,40,54,58,66,70,78,80,82,89
random_eq,lpm2,108,8,10,22,33,35,39,45,48,49,50,53,58,69,72,79,94
random_eq,lpm2,109,20,22,25,38,41,42,61,65,69,76,78,79,81,91,96,99
random_eq,lpm2,110,6,7,8,9,12,27,33,39,42,51,63,70,73,79,84,89
random_eq,lpm2,111,13,20,26,27,33,37,38,45,51,54,78,83,84,85,93,96
random_eq,lpm2,112,16,22,23,24,26,30,47,52,54,60,68,69,71,72,97,98
random_eq,lpm2,113,5,6,8,14,19,23,33,45,49,65,66,79,81,84,89,94
random_eq,lpm2,114,9,13,16,18,25,27,40,45,52,55,78,79,84,90,96,100
random_eq,lpm2,115,3,8,10,14,23,28,31,46,48,60,63,71,78,88,94,100
random_eq,lpm2,116,5,46,52,53,58,60,62,65,68,74,81,83,84,86,89,96
random_eq,lpm2,117,12,13,16,42,50,52,56,61,63,68,77,88,90,92,96,98
random_eq,lpm2,118,18,22,30,34,36,37,45,50,53,72,79,81,85,93,94,96
random_eq,lpm2,119,6,19,21,25,26,27,32,39,67,68,74,80,83,90,92,99
random_eq,lpm2,120,6,7,18,23,29,38,45,48,57,61,64,69,73,80,81,91
random_eq,lpm2,121,4,16,20,27,33,39,42,43,47,50,54,70,77,83,94,95
random_eq,lpm2,122,9,15,16,27,33,38,42,43,47,65,69,70,72,76,79,85
random_eq,lpm2,123,2,11,12,21,34,42,50,69,72,73,78,83,87,92,95,98
random_eq,lpm2,124,13,16,27,30,32,43,51,54,59,65,68,76,79,85,99,100
random_eq,lpm2,125,4,27,29,45,46,48,58,66,70,71,73,77,78,82,96,98
random_eq,lpm2,126,7,24,27,37,38,40,42,44,46,48,51,52,54,63,75,77
random_eq,lpm2,127,6,7,14,16,32,40,49,71,73,74,77,79,83,89,94,99
random_eq,lpm2,128,9,10,13,18,39,43,44,48,52,61,77,79,82,83,90,99
random_eq,lpm2,129,29,32,36,39,49,50,51,53,54,61,81,82,87,89,90,95
random_eq,lpm2,130,18,22,23,29,37,40,45,46,61,63,70,84,88,89,95,96
random_eq,lpm2,131,3,8,12,22,30,31,35,44,48,55,59,66,69,73,85,93
random_eq,lpm2,132,2,13,17,20,25,26,32,39,54,67,70,74,84,87,90,92
random_eq,lpm2,133,5,6,8,10,17,20,28,32,51,74,87,90,91,93,94,98
random_eq,lpm2,134,2,4,6,31,33,37,41,46,53,65,69,78,88,90,96,97
random_eq,lpm2,135,9,10,15,29,38,48,52,54,57,58,60,61,62,72,79,92
random_eq,lpm2,136,5,6,8,18,26,29,34,36,46,48,57,66,70,73,96,98
random_eq,lpm2,137,6,12,14,20,34,36,43,53,64,65,69,81,90,92,96,98
random_eq,lpm2,138,5,6,8,28,29,32,42,44,56,73,81,85,86,87,93,98
random_eq,lpm2,139,5,15,21,26,32,45,50,51,71,76,77,80,86,91,95,97
random_eq,lpm2,140,1,2,14,16,18,35,37,41,51,62,66,67,83,84,93,95
random_eq,lpm2,141,10,13,25,29,30,31,34,41,44,48,67,72,76,81,84,87
random_eq,lpm2,142,7,25,26,34,40,45,47,49,55,57,64,68,72,78,86,90
random_eq,lpm2,143,2,4,5,17,18,20,25,34,41,50,52,57,75,85,91,92
random_eq,lpm2,144,18,21,22,23,24,29,41,46,61,62,78,82,84,93,98,100
random_eq,lpm2,145,7,8,15,16,34,36,37,44,52,58,60,69,73,75,89,99
random_eq,lpm2,146,9,16,36,47,50,52,53,54,61,65,67,72,79,88,92,93
random_eq,lpm2,147,4,6,9,22,27,29,32,37,40,60,70,77,78,85,87,91
random_eq,lpm2,148,2,4,13,23,32,37,46,53,56,57,68,72,76,81,90,100
random_eq,lpm2,149,5,8,12,19,20,21,26,37,39,52,61,68,75,81,85,98
random_eq,lpm2,150,6,12,28,31,39,49,55,61,68,73,76,81,82,84,89,94
random_eq,lpm2,151,2,4,7,9,23,30,31,42,44,45,63,82,84,89,90,98
random_eq,lpm2,152,1,5,6,9,10,12,20,38,50,52,67,74,79,83,93,94
random_eq,lpm2,153,6,14,18,25,28,29,34,41,46,63,64,67,74,78,79,89
random_eq,lpm2,154,3,39,44,46,58,61,62,68,70,71,83,85,89,92,96,97
random_eq,lpm2,155,4,6,7,32,33,35,48,51,57,60,62,70,72,74,76,87
random_eq,lpm2,156,8,11,15,17,21,30,44,50,51,57,63,75,78,80,92,93
random_eq,lpm2,157,9,10,11,12,15,16,33,35,38,64,69,71,88,91,93,100
random_eq,lpm2,158,5,9,11,15,17,30,47,50,51,56,68,71,80,90,95,98
random_eq,lpm2,159,12,16,20,24,30,33,43,48,57,61,65,71,75,80,89,98
random_eq,lpm2,160,2,5,17,23,28,34,40,42,44,46,54,71,76,77,82,90
random_eq,lpm2,161,4,10,12,19,27,40,66,68,70,75,82,87,93,94,95,96
random_eq,lpm2,162,1,10,19,21,37,45,61,70,73,76,77,78,79,87,96,100
random_eq,lpm2,163,7,15,19,22,23,24,31,37,44,48,54,61,68,91,93,97
random_eq,lpm2,164,1,13,20,24,26,29,35,45,53,57,69,71,82,83,88,96
random_eq,lpm2,165,14,15,16,21,25,29,40,50,55,66,67,69,72,77,86,87
random_eq,lpm2,166,8,16,20,30,33,39,42,47,50,51,69,81,86,87,90,100
random_eq,lpm2,167,9,11,23,28,43,45,47,52,65,66,67,79,82,92,97,100
random_eq,lpm2,168,2,3,4,18,28,36,49,53,55,56,60,61,62,82,96,100
random_eq,lpm2,169,1,19,26,29,52,54,55,56,77,78,82,85,86,93,98,100
random_eq,lpm2,170,9,15,36,43,53,57,60,63,65,70,71,83,85,90,92,100
random_eq,lpm2,171,5,6,10,14,15,18,25,29,32,41,50,59,61,65,83,89
random_eq,lpm2,172,3,9,20,26,29,34,36,40,41,43,52,53,55,74,77,83
random_eq,lpm2,173,9,10,14,18,25,26,36,50,54,64,78,84,91,93,95,98
random_eq,lpm2,174,9,13,17,24,32,38,39,50,58,62,74,76,80,84,86,87
random_eq,lpm2,175,4,20,34,43,44,47,52,53,57,60,81,83,85,90,94,95
random_eq,lpm2,176,7,12,15,24,29,36,42,45,46,52,55,63,79,83,89,100
random_eq,lpm2,177,8,10,13,19,22,31,33,37,39,41,52,61,70,71,72,78
random_eq,lpm2,178,4,6,14,16,18,22,34,36,38,46,60,67,72,76,88,98
random_eq,lpm2,179,1,15,17,21,24,31,36,41,43,72,75,83,85,86,88,99
random_eq,lpm2,180,6,19,22,25,30,32,40,56,66,71,77,79,86,89,92,96
random_eq,lpm2,181,1,20,27,33,46,52,66,69,74,77,79,83,85,88,94,98
random_eq,lpm2,182,10,11,25,28,37,45,47,52,65,71,72,78,83,86,93,94
random_eq,lpm2,183,5,6,10,13,25,26,29,32,33,40,56,61,77,87,96,99
random_eq,lpm2,184,3,9,16,18,20,32,35,40,47,51,55,56,57,65,76,93
random_eq,lpm2,185,2,4,12,13,14,22,23,37,40,49,53,55,57,67,72,100
random_eq,lpm2,186,1,9,14,23,35,47,55,56,59,60,67,69,82,84,99,100
random_eq,lpm2,187,20,23,24,28,30,39,41,46,68,71,73,78,83,89,94,96
random_eq,lpm2,188,1,2,3,11,19,20,33,34,35,52,70,71,76,85,88,91
random_eq,lpm2,189,5,10,12,15,25,27,38,46,57,58,59,65,83,89,93,97
random_eq,lpm2,190,10,18,22,28,30,31,36,43,56,60,69,72,73,81,92,94
random_eq,lpm2,191,4,10,17,20,29,31,33,34,49,50,60,65,73,81,83,92
random_eq,lpm2,192,5,17,18,21,23,32,42,56,58,77,79,92,94,97,98,99
random_eq,lpm2,193,2,3,4,6,18,28,29,32,37,38,53,67,73,85,89,90
random_eq,lpm2,194,6,7,9,25,26,40,41,49,50,53,56,71,78,83,84,91
random_eq,lpm2,195,2,9,10,20,26,38,39,41,43,44,47,69,70,73,83,92
random_eq,lpm2,196,2,5,18,32,41,49,57,59,62,65,67,74,76,83,91,95
random_eq,lpm2,197,2,3,16,26,32,33,40,46,51,62,64,66,70,71,72,96
random_eq,lpm2,198,7,9,12,20,22,30,39,50,52,66,68,81,82,87,92,95
random_eq,lpm2,199,6,10,16,18,25,30,35,40,41,47,68,84,90,93,96,97
random_eq,lpm2,200,6,11,22,30,37,40,46,47,53,55,60,64,65,69,80,99
random_eq,lpm2,201,6,14,17,18,27,29,35,36,40,41,44,48,76,80,84,92
random_eq,lpm2,202,1,8,11,19,22,24,41,43,45,66,71,82,85,94,98,100
random_eq,lpm2,203,4,5,8,19,21,29,40,42,49,51,54,68,71,72,84,90
random_eq,lpm2,204,13,27,30,37,39,43,52,56,63,79,85,87,88,90,99,100
random_eq,lpm2,205,11,17,20,24,27,29,32,42,50,67,78,81,82,83,85,100
random_eq,lpm2,206,7,9,10,11,18,24,38,40,41,69,78,84,88,91,95,97
random_eq,lpm2,207,1,4,5,22,24,30,38,42,60,64,83,86,89,95,96,99
random_eq,lpm2,208,3,14,22,23,26,33,35,37,47,56,65,67,74,81,93,95
random_eq,lpm2,209,6,14,16,19,29,37,38,40,42,44,45,61,68,73,79,93
random_eq,lpm2,210,1,4,6,9,10,28,34,43,56,61,68,69,74,77,91,99
random_eq,lpm2,211,3,6,12,29,53,55,65,68,70,74,75,79,80,86,96,98
random_eq,lpm2,212,4,6,8,10,12,19,21,23,30,31,35,46,62,68,70,81
random_eq,lpm2,213,2,16,23,25,30,32,33,34,35,39,45,48,52,57,58,67
random_eq,lpm2,214,2,5,10,12,25,35,51,52,55,60,64,72,79,82,84,89
random_eq,lpm2,215,4,6,13,20,27,32,43,52,53,56,83,84,87,90,92,99
random_eq,lpm2,216,2,8,11,16,21,29,35,47,59,60,62,70,71,72,84,96
random_eq,lpm2,217,22,30,34,42,44,53,58,69,73,76,77,78,81,93,98,99
random_eq,lpm2,218,2,3,4,7,13,14,42,45,55,72,75,85,87,88,93,95
random_eq,lpm2,219,6,7,22,25,31,47,54,56,59,61,71,72,85,91,94,98
random_eq,lpm2,220,3,19,26,33,35,38,43,47,51,58,66,74,75,76,77,87
random_eq,lpm2,221,10,25,27,30,34,45,46,59,63,65,66,69,78,83,84,90
random_eq,lpm2,222,9,11,16,36,41,43,47,58,59,60,79,86,87,88,92,97
random_eq,lpm2,223,5,18,19,24,26,38,58,61,70,73,75,76,82,89,96,99
random_eq,lpm2,224,4,6,10,24,27,33,36,51,60,69,70,75,84,91,92,98
random_eq,lpm2,225,9,23,24,30,41,44,45,47,49,55,58,62,67,68,79,86
random_eq,lpm2,226,3,8,10,13,18,27,37,38,52,58,59,69,75,84,93,94
random_eq,lpm2,227,2,8,22,31,35,37,47,49,55,65,67,74,88,95,96,99
random_eq,lpm2,228,9,13,14,15,20,23,31,33,43,53,57,60,69,71,92,97
random_eq,lpm2,229,5,8,11,14,24,26,27,33,38,43,45,53,73,89,95,99
random_eq,lpm2,230,2,13,15,20,21,24,26,31,38,46,49,50,51,76,80,93
random_eq,lpm2,231,12,13,16,17,32,33,35,61,65,72,80,92,93,97,99,100
random_eq,lpm2,232,1,14,27,32,48,51,53,58,60,75,77,79,83,92,98,99
random_eq,lpm2,233,5,8,20,24,30,31,32,42,46,67,68,71,73,84,86,91
random_eq,lpm2,234,2,3,4,24,33,41,48,52,67,71,74,75,77,83,88,93
random_eq,lpm2,235,2,4,32,39,40,41,48,51,55,58,64,66,70,71,80,99
random_eq,lpm2,236,10,18,21,26,29,32,40,49,50,60,61,74,88,90,92,100
random_eq,lpm2,237,3,21,25,26,30,34,41,49,55,63,71,74,75,93,94,96
random_eq,lpm2,238,5,13,27,34,53,64,65,67,69,71,75,77,80,84,92,93
random_eq,lpm2,239,9,16,30,31,33,46,48,50,51,56,72,84,87,92,96,98
random_eq,lpm2,240,3,7,14,15,29,36,40,42,46,57,62,71,82,92,94,100
random_eq,lpm2,241,7,9,14,22,25,39,46,53,54,55,68,77,78,84,99,100
random_eq,lpm2,242,1,2,12,14,24,25,26,27,28,53,55,56,57,58,89,98
random_eq,lpm2,243,7,20,25,26,28,35,52,53,57,61,76,78,82,89,92,97
random_eq,lpm2,244,2,7,11,16,22,44,48,59,60,68,69,76,88,92,97,100
random_eq,lpm2,245,3,4,7,15,17,20,25,29,31,32,47,55,66,74,75,94
random_eq,lpm2,246,4,6,9,13,19,27,30,32,57,64,74,78,79,81,88,92
random_eq,lpm2,247,6,25,26,34,38,47,52,54,57,61,64,66,68,69,85,96
random_eq,lpm2,248,19,20,25,32,34,36,40,42,48,56,65,75,84,92,98,99
random_eq,lpm2,249,11,16,19,27,40,51,52,60,69,71,72,76,84,89,90,92
random_eq,lpm2,250,10,14,16,19,35,39,46,51,55,62,64,66,72,77,79,91
random_eq,lpm2,251,28,32,45,52,63,66,74,75,77,78,79,81,86,87,93,97
random_eq,lpm2,252,3,5,6,16,17,27,34,41,48,66,70,75,77,81,88,97
random_eq,lpm2,253,1,5,6,15,19,33,51,54,60,64,66,70,79,81,89,94
random_eq,lpm2,254,2,26,40,45,46,66,69,74,76,80,83,84,91,92,93,100
random_eq,lpm2,255,3,6,22,25,26,39,46,51,52,55,58,66,81,82,83,86
random_eq,lpm2,256,3,14,20,21,26,35,37,43,49,59,66,68,73,83,97,100
random_eq,lpm2,257,7,13,15,18,20,24,42,44,47,52,54,59,62,92,94,97
random_eq,lpm2,258,17,26,28,36,38,44,45,53,56,58,66,75,85,94,96,98
random_eq,lpm2,259,15,24,32,47,49,50,51,57,58,65,71,74,83,90,91,98
random_eq,lpm2,260,5,6,14,18,26,35,37,51,53,69,72,73,84,91,96,98
random_eq,lpm2,261,3,7,11,13,16,23,29,35,37,40,43,47,56,71,87,94
random_eq,lpm2,262,14,16,19,20,29,41,42,48,71,73,75,79,84,93,96,98
random_eq,lpm2,263,7,10,17,28,31,32,41,47,64,72,82,86,87,88,90,92
random_eq,lpm2,264,3,9,18,24,43,47,49,54,55,72,77,81,83,85,88,98
random_eq,lpm2,265,3,6,16,22,34,45,46,49,53,55,68,79,83,86,87,91
random_eq,lpm2,266,3,4,6,9,10,11,20,35,39,48,54,66,73,92,93,97
random_eq,lpm2,267,26,29,40,45,52,54,57,58,76,78,80,81,82,87,88,94
random_eq,lpm2,268,14,27,40,42,45,47,50,54,56,71,73,78,82,84,85,100
random_eq,lpm2,269,1,2,8,13,15,26,32,37,41,55,62,70,77,80,87,90
random_eq,lpm2,270,2,7,14,16,21,30,55,57,66,72,73,76,78,81,95,99
random_eq,lpm2,271,7,8,12,24,49,50,55,61,73,74,79,83,84,87,91,95
random_eq,lpm2,272,18,22,23,27,32,36,40,42,52,53,55,58,67,76,77,79
random_eq,lpm2,273,12,16,17,18,19,27,31,40,47,53,67,72,76,88,94,95
random_eq,lpm2,274,2,6,15,22,35,37,43,45,52,63,79,80,82,83,87,91
random_eq,lpm2,275,9,14,20,31,35,40,43,51,53,60,61,82,83,87,89,99
random_eq,lpm2,276,1,30,37,41,42,47,63,70,73,74,77,84,94,96,97,99
random_eq,lpm2,277,18,20,30,40,53,54,56,60,62,66,75,78,79,94,96,100
random_eq,lpm2,278,6,22,43,48,49,50,51,56,59,65,77,85,91,94,98,99
random_eq,lpm2,279,3,4,5,7,16,18,30,44,49,76,77,80,81,88,91,94
random_eq,lpm2,280,13,23,27,46,53,68,70,71,76,77,78,92,93,94,99,100
random_eq,lpm2,281,2,5,6,12,21,23,31,38,39,40,47,52,63,64,84,93
random_eq,lpm2,282,1,5,7,19,24,29,31,39,42,51,57,58,70,82,83,86
random_eq,lpm2,283,4,20,26,27,28,30,32,43,57,62,68,71,75,80,82,94
random_eq,lpm2,284,6,8,10,19,22,33,45,55,65,66,70,79,82,84,86,93
random_eq,lpm2,285,8,9,16,23,36,41,52,53,60,72,77,87,91,93,97,98
random_eq,lpm2,286,3,5,20,27,28,31,33,40,44,46,52,53,62,82,83,92
random_eq,lpm2,287,17,28,39,50,51,54,55,57,61,62,63,64,80,82,87,89
random_eq,lpm2,288,3,8,14,16,23,26,32,33,42,44,48,49,57,59,72,97
random_eq,lpm2,289,4,11,22,36,41,46,62,70,72,74,81,91,93,94,95,97
random_eq,lpm2,290,18,22,25,26,27,31,34,40,43,44,45,48,54,55,82,97
random_eq,lpm2,291,3,5,7,18,20,26,32,48,61,77,81,83,85,88,94,97
random_eq,lpm2,292,11,13,14,18,39,42,45,52,58,62,67,76,78,80,92,94
random_eq,lpm2,293,15,25,29,34,37,57,60,61,65,66,70,78,79,81,83,100
random_eq,lpm2,294,23,31,50,52,57,67,68,72,78,81,90,91,92,93,94,97
random_eq,lpm2,295,6,16,22,45,52,55,61,68,73,76,78,79,81,91,93,99
random_eq,lpm2,296,10,14,19,24,26,33,37,40,47,54,57,67,69,72,73,97
random_eq,lpm2,297,18,21,28,37,46,52,56,59,61,68,72,77,80,90,91,94
random_eq,lpm2,298,13,14,27,36,38,39,44,48,50,51,54,62,69,72,79,82
random_eq,lpm2,299,12,13,17,19,24,25,29,36,43,58,79,83,86,89,95,98
random_eq,lpm2,300,9,11,17,20,25,27,28,33,34,36,43,44,48,50,55,74
random_eq,lpm2,301,3,6,11,16,18,21,24,25,26,39,63,64,69,86,90,93
random_eq,lpm2,302,1,2,14,19,25,34,42,43,48,50,63,71,84,85,95,98
random_eq,lpm2,303,2,8,18,21,27,31,37,38,41,58,60,70,73,78,85,96
random_eq,lpm2,304,5,6,10,14,21,29,35,36,57,59,65,67,69,76,94,96
random_eq,lpm2,305,1,2,6,10,15,19,34,45,52,55,57,59,62,75,89,91
random_eq,lpm2,306,5,12,19,22,24,38,56,61,67,77,85,87,91,94,95,96
random_eq,lpm2,307,7,14,18,22,25,27,40,46,65,66,76,78,82,84,89,95
random_eq,lpm2,308,2,4,16,17,25,26,39,41,43,44,48,56,57,60,74,75
random_eq,lpm2,309,18,19,31,34,37,40,43,47,60,74,75,76,88,91,95,97
random_eq,lpm2,310,5,13,15,27,31,32,54,57,58,59,68,83,88,90,92,94
random_eq,lpm2,311,5,7,17,23,31,34,38,44,46,56,58,62,81,85,89,99
random_eq,lpm2,312,21,22,26,33,39,50,51,53,54,70,73,74,77,81,95,96
random_eq,lpm2,313,4,19,40,52,63,65,67,68,82,83,85,89,90,94,97,99
random_eq,lpm2,314,4,5,6,21,24,29,30,32,43,55,57,59,60,62,70,85
random_eq,lpm2,315,6,9,11,17,21,23,26,28,34,43,48,54,56,59,71,92
random_eq,lpm2,316,3,14,15,24,27,33,44,46,51,60,69,76,85,88,91,98
random_eq,lpm2,317,24,25,26,28,30,32,39,51,60,75,78,80,83,87,89,100
random_eq,lpm2,318,3,22,41,46,51,53,58,69,70,78,79,80,81,86,87,95
random_eq,lpm2,319,10,12,15,30,33,47,50,62,64,65,72,74,75,77,86,93
random_eq,lpm2,320,17,25,41,51,67,78,79,83,86,87,89,91,92,95,97,99
random_eq,lpm2,321,9,13,20,34,36,41,60,61,69,71,81,82,84,85,95,97
random_eq,lpm2,322,3,8,14,17,29,38,41,68,72,73,74,79,81,85,91,96
random_eq,lpm2,323,1,5,11,17,20,29,30,40,43,50,51,53,55,64,80,91
random_eq,lpm2,324,2,3,14,21,32,57,58,67,71,73,78,79,83,85,96,97
random_eq,lpm2,325,7,13,15,20,27,30,31,37,40,46,64,73,78,85,94,99
random_eq,lpm2,326,2,11,14,19,21,29,34,38,40,41,43,58,65,75,82,85
random_eq,lpm2,327,2,8,12,17,19,26,38,43,57,68,80,81,88,89,95,97
random_eq,lpm2,328,2,4,15,32,34,36,42,51,54,63,70,79,87,89,93,97
random_eq,lpm2,329,2,6,9,15,25,37,50,54,56,63,65,66,84,91,92,93
random_eq,lpm2,330,10,19,23,44,48,54,61,62,64,68,69,75,77,84,87,98
random_eq,lpm2,331,12,16,18,20,21,23,24,36,43,49,57,59,64,79,86,97
random_eq,lpm2,332,2,3,15,19,20,23,38,40,47,52,56,57,68,75,80,92
random_eq,lpm2,333,7,18,21,39,54,63,67,68,69,79,80,82,83,90,95,97
random_eq,lpm2,334,4,12,17,22,30,36,50,51,53,65,72,86,88,92,98,100
random_eq,lpm2,335,7,19,20,22,26,35,38,59,60,68,70,74,77,85,89,94
random_eq,lpm2,336,2,3,7,22,28,34,40,42,56,69,77,78,85,87,92,95
random_eq,lpm2,337,9,20,24,31,32,37,42,49,61,67,68,83,87,88,91,99
random_eq,lpm2,338,3,4,27,28,33,43,45,48,51,55,56,63,74,80,90,100
random_eq,lpm2,339,3,7,10,18,40,46,49,55,62,72,83,84,89,92,94,95
random_eq,lpm2,340,2,4,11,13,15,17,22,29,37,51,54,68,77,80,87,95
random_eq,lpm2,341,1,13,28,29,36,37,43,49,64,72,73,76,77,79,85,98
random_eq,lpm2,342,1,15,17,33,42,43,50,54,58,64,79,80,81,89,94,97
random_eq,lpm2,343,3,7,12,16,17,20,29,36,40,53,57,62,71,86,88,91
random_eq,lpm2,344,6,7,11,15,24,26,42,48,49,50,68,71,76,83,86,91
random_eq,lpm2,345,1,2,3,7,10,11,32,34,40,47,51,58,64,65,74,90
random_eq,lpm2,346,1,8,10,28,34,36,39,41,52,58,61,67,91,92,95,97
random_eq,lpm2,347,14,16,17,26,31,34,45,48,57,58,62,64,66,71,96,98
random_eq,lpm2,348,11,16,30,36,38,39,42,44,45,51,56,75,87,89,93,99
random_eq,lpm2,349,1,7,14,26,29,34,39,42,46,51,55,61,63,69,71,74
random_eq,lpm2,350,4,17,19,20,23,27,38,41,48,57,65,66,75,78,82,83
random_eq,lpm2,351,3,9,18,19,21,23,27,30,35,55,58,59,76,79,82,96
random_eq,lpm2,352,1,24,32,33,42,48,49,50,61,65,67,72,73,77,97,98
random_eq,lpm2,353,9,15,23,30,48,54,56,57,60,65,69,74,81,91,92,95
random_eq,lpm2,354,4,19,20,25,31,33,37,41,53,61,67,70,80,89,90,94
random_eq,lpm2,355,3,6,7,21,26,36,39,56,60,70,76,80,81,87,90,94
random_eq,lpm2,356,3,8,9,11,22,27,42,46,55,65,67,69,74,88,91,100
random_eq,lpm2,357,3,9,22,32,36,39,41,42,53,58,65,67,75,81,92,97
random_eq,lpm2,358,4,8,19,20,22,29,31,34,38,45,52,57,68,74,87,89
random_eq,lpm2,359,3,10,18,32,34,47,55,56,62,72,81,82,84,88,96,97
random_eq,lpm2,360,1,4,8,12,15,42,49,50,57,72,73,78,81,82,91,94
random_eq,lpm2,361,6,11,17,18,21,28,30,35,41,43,44,51,64,74,78,85
random_eq,lpm2,362,3,4,9,13,15,18,20,21,34,37,46,57,61,64,70,88
random_eq,lpm2,363,2,7,8,11,20,21,23,36,37,39,60,62,69,74,87,100
random_eq,lpm2,364,2,9,11,14,33,35,37,38,40,43,45,49,53,64,73,80
random_eq,lpm2,365,18,20,24,25,29,32,53,56,60,67,78,79,84,91,93,94
random_eq,lpm2,366,2,3,4,7,15,16,17,21,25,35,57,58,65,75,76,89
random_eq,lpm2,367,4,5,11,14,17,30,34,50,66,71,73,76,80,89,96,100
random_eq,lpm2,368,11,12,13,34,46,47,53,58,65,70,71,81,83,90,92,96
random_eq,lpm2,369,5,15,16,25,28,42,43,45,55,63,68,69,79,86,94,97
random_eq,lpm2,370,1,3,29,37,47,49,57,59,60,62,74,78,94,95,96,98
random_eq,lpm2,371,6,9,13,16,28,35,37,44,54,68,70,77,89,96,97,99
random_eq,lpm2,372,18,28,29,30,42,45,46,48,57,61,72,76,81,82,90,95
random_eq,lpm2,373,2,15,17,22,24,26,36,37,40,43,44,50,53,63,64,97
random_eq,lpm2,374,7,10,12,16,21,24,31,44,45,49,57,71,76,87,90,91
random_eq,lpm2,375,14,18,20,22,43,44,45,47,64,67,74,77,81,84,85,94
random_eq,lpm2,376,10,15,17,21,32,35,50,51,58,59,65,72,75,82,83,97
random_eq,lpm2,377,4,5,6,24,28,29,30,44,53,54,67,69,87,88,91,94
random_eq,lpm2,378,4,5,12,14,27,53,69,76,77,81,84,85,87,88,89,100
random_eq,lpm2,379,15,21,30,33,40,42,54,56,57,63,69,70,73,82,94,100
random_eq,lpm2,380,3,7,8,9,17,26,31,32,38,39,42,48,61,68,80,90
random_eq,lpm2,381,3,10,22,26,32,34,38,39,43,44,47,53,61,76,82,99
random_eq,lpm2,382,2,3,5,10,13,19,20,25,40,47,49,50,79,83,85,94
random_eq,lpm2,383,5,14,21,25,27,31,38,40,45,72,79,82,86,90,93,97
random_eq,lpm2,384,3,8,15,16,24,25,26,27,33,41,47,57,63,70,90,95
random_eq,lpm2,385,6,14,18,23,43,50,57,59,62,65,66,70,78,83,86,92
random_eq,lpm2,386,2,15,17,24,29,33,40,44,50,53,55,62,63,77,80,93
random_eq,lpm2,387,2,4,5,10,25,28,38,45,53,56,69,75,77,92,96,98
random_eq,lpm2,388,3,9,14,22,23,28,33,38,44,46,47,58,64,67,80,93
random_eq,lpm2,389,3,4,16,30,33,34,38,48,58,62,64,65,66,69,77,84
random_eq,lpm2,390,4,5,7,11,13,20,25,29,45,49,53,56,68,69,75,81
random_eq,lpm2,391,1,6,7,11,26,27,34,39,41,52,55,74,75,76,88,91
random_eq,lpm2,392,1,2,4,14,31,38,42,43,49,51,53,60,62,67,72,82
random_eq,lpm2,393,9,12,13,16,17,25,28,29,36,43,59,72,81,86,89,95
random_eq,lpm2,394,4,14,18,29,38,46,47,54,58,66,84,85,90,94,95,96
random_eq,lpm2,395,2,12,14,17,20,25,29,34,57,59,65,66,71,74,91,96
random_eq,lpm2,396,4,22,25,30,31,32,35,41,47,58,60,67,74,78,94,98
random_eq,lpm2,397,2,9,23,38,42,43,45,47,62,65,67,70,79,82,83,95
random_eq,lpm2,398,1,3,15,17,22,26,27,47,63,64,66,74,77,80,84,93
random_eq,lpm2,399,7,15,20,21,51,54,59,60,74,79,83,85,87,92,97,100
random_eq,lpm2,400,3,5,12,17,53,62,63,65,66,67,81,84,86,92,95,97
random_eq,lpm2,401,3,4,7,37,39,43,45,51,52,53,61,75,78,87,91,95
random_eq,lpm2,402,7,11,12,26,34,47,49,51,58,59,70,72,80,81,82,91
random_eq,lpm2,403,3,6,10,12,13,14,26,34,39,43,55,62,74,76,77,94
random_eq,lpm2,404,6,12,15,24,26,27,37,48,62,68,70,83,87,88,93,99
random_eq,lpm2,405,1,7,9,32,42,50,53,56,61,71,77,81,82,89,90,95
random_eq,lpm2,406,6,9,10,21,28,33,34,37,45,52,65,66,81,93,96,97
random_eq,lpm2,407,1,11,17,19,25,30,37,40,53,54,63,76,78,80,94,99
random_eq,lpm2,408,3,4,20,28,33,47,52,55,66,67,69,73,75,77,86,94
random_eq,lpm2,409,9,13,15,16,33,35,42,46,59,62,63,64,70,77,87,95
random_eq,lpm2,410,2,7,8,14,22,24,32,40,44,47,50,74,77,78,84,88
random_eq,lpm2,411,3,4,14,21,35,41,46,57,61,62,63,68,71,82,83,85
random_eq,lpm2,412,1,34,50,54,61,64,70,77,78,80,81,82,87,88,91,95
random_eq,lpm2,413,1,6,12,22,29,33,34,38,43,49,50,67,76,79,89,91
random_eq,lpm2,414,13,15,19,33,36,37,45,49,58,62,76,77,82,93,97,98
random_eq,lpm2,415,4,21,31,33,44,52,54,55,62,64,72,86,88,94,96,98
random_eq,lpm2,416,5,6,8,9,24,50,54,55,57,65,70,88,90,91,93,97
random_eq,lpm2,417,13,15,16,29,36,52,55,56,59,60,73,77,86,87,95,99
random_eq,lpm2,418,1,14,19,20,23,26,35,45,53,61,67,69,82,89,90,97
random_eq,lpm2,419,7,9,31,33,35,42,44,45,54,57,61,70,74,85,89,90
random_eq,lpm2,420,31,33,34,43,45,47,55,59,62,64,66,69,72,74,85,97
random_eq,lpm2,421,4,5,6,13,17,20,24,27,28,42,46,64,68,73,75,98
random_eq,lpm2,422,3,8,9,14,27,34,38,57,60,66,74,87,88,95,96,98
random_eq,lpm2,423,3,8,15,18,22,25,33,37,41,52,53,57,59,72,79,91
random_eq,lpm2,424,9,10,20,26,28,29,41,49,55,60,66,67,71,83,86,87
random_eq,lpm2,425,2,3,4,6,11,16,17,25,32,34,38,42,44,48,67,76
random_eq,lpm2,426,32,33,34,37,50,52,58,59,61,66,67,75,77,78,89,98
random_eq,lpm2,427,1,11,13,14,15,18,26,29,35,41,48,51,55,56,96,99
random_eq,lpm2,428,1,5,6,9,14,16,26,27,39,45,49,50,83,88,91,96
random_eq,lpm2,429,8,9,25,32,39,41,43,44,47,58,59,67,74,78,79,94
random_eq,lpm2,430,8,15,17,24,27,33,41,46,53,58,62,66,77,79,82,87
random_eq,lpm2,431,3,10,19,22,25,27,29,32,44,48,52,58,68,74,79,84
random_eq,lpm2,432,10,12,26,27,50,51,52,57,59,62,68,72,83,91,92,96
random_eq,lpm2,433,23,35,38,42,44,49,54,60,67,68,74,76,77,79,89,94
random_eq,lpm2,434,1,4,5,10,11,19,20,25,27,29,45,51,52,81,89,96
random_eq,lpm2,435,5,12,13,14,15,24,46,48,51,57,61,62,75,81,87,100
random_eq,lpm2,436,6,7,19,22,23,24,25,38,49,53,54,65,69,78,84,87
random_eq,lpm2,437,7,14,19,33,37,39,41,57,72,76,80,81,87,90,91,94
random_eq,lpm2,438,10,15,27,29,31,33,46,48,49,59,66,70,72,82,90,99
random_eq,lpm2,439,6,9,16,24,28,40,46,53,62,63,69,70,79,86,89,93
random_eq,lpm2,440,3,5,9,14,20,31,43,44,50,61,67,73,75,76,81,82
random_eq,lpm2,441,9,15,19,20,25,36,41,47,52,53,64,67,81,86,92,95
random_eq,lpm2,442,3,4,8,13,37,41,42,49,51,63,67,81,86,87,88,97
random_eq,lpm2,443,1,5,8,9,24,35,47,59,60,79,90,91,93,94,95,99
random_eq,lpm2,444,6,21,27,28,30,32,33,38,40,51,58,62,76,79,80,82
random_eq,lpm2,445,4,21,24,25,27,31,32,40,44,45,51,52,55,56,84,90
random_eq,lpm2,446,6,7,10,13,25,34,52,54,62,64,68,79,81,82,84,87
random_eq,lpm2,447,12,17,21,25,35,36,38,44,51,61,64,77,80,84,95,99
random_eq,lpm2,448,3,12,13,15,23,24,40,44,53,55,57,58,61,62,83,97
random_eq,lpm2,449,1,3,9,37,46,47,49,51,53,57,65,79,83,90,97,98
random_eq,lpm2,450,16,27,31,33,40,45,47,57,58,64,66,70,71,73,94,96
random_eq,lpm2,451,7,11,29,30,33,38,39,51,60,62,63,70,80,82,89,93
random_eq,lpm2,452,4,5,11,14,23,28,29,42,44,46,89,92,93,94,96,98
random_eq,lpm2,453,1,4,8,14,19,24,27,37,48,51,58,66,67,77,87,97
random_eq,lpm2,454,6,8,11,13,16,34,43,45,48,50,52,55,65,75,88,98
random_eq,lpm2,455,9,12,19,21,26,30,37,44,59,62,63,71,80,83,86,93
random_eq,lpm2,456,1,7,8,15,16,28,36,40,42,45,46,49,51,58,91,94
random_eq,lpm2,457,6,10,29,36,38,43,49,70,75,77,82,84,87,88,89,96
random_eq,lpm2,458,8,9,15,25,27,31,37,38,41,50,66,69,72,78,87,97
random_eq,lpm2,459,7,9,17,20,21,22,25,28,38,45,61,64,79,81,85,87
random_eq,lpm2,460,3,5,11,12,17,20,21,22,30,62,65,74,81,86,92,93
random_eq,lpm2,461,2,6,21,22,24,26,29,40,45,51,55,66,77,89,93,96
random_eq,lpm2,462,13,15,22,24,31,33,38,41,50,58,65,73,74,86,93,97
random_eq,lpm2,463,10,11,15,16,23,28,37,46,49,57,58,61,63,89,94,97
random_eq,lpm2,464,7,15,16,20,24,29,33,40,41,46,53,56,58,61,79,88
random_eq,lpm2,465,1,3,10,16,19,22,25,41,52,59,63,68,70,89,94,100
random_eq,lpm2,466,11,17,22,23,42,50,52,53,56,60,65,68,81,92,93,95
random_eq,lpm2,467,12,17,31,43,47,49,59,63,68,74,75,82,87,88,90,99
random_eq,lpm2,468,23,34,36,43,44,45,53,55,56,61,63,64,67,79,84,91
random_eq,lpm2,469,4,8,11,13,17,18,25,28,30,37,44,45,54,63,78,96
random_eq,lpm2,470,2,3,7,34,39,41,44,48,66,70,74,75,76,80,92,95
random_eq,lpm2,471,1,2,7,21,32,33,37,39,42,45,56,58,71,74,83,88
random_eq,lpm2,472,4,10,12,13,19,29,34,40,53,61,65,67,68,77,83,84
random_eq,lpm2,473,2,11,21,22,26,41,42,52,58,68,69,73,82,84,97,98
random_eq,lpm2,474,4,13,18,19,30,34,37,51,60,73,74,81,84,93,95,97
random_eq,lpm2,475,1,21,24,27,30,37,50,54,56,57,59,63,66,73,90,95
random_eq,lpm2,476,1,3,4,8,16,28,35,40,41,51,52,63,75,78,80,86
random_eq,lpm2,477,7,10,22,24,35,38,43,44,45,47,51,58,75,77,78,97
random_eq,lpm2,478,3,4,11,24,29,33,37,46,51,58,65,66,67,69,90,91
random_eq,lpm2,479,4,12,15,20,27,29,44,48,49,55,56,69,85,90,91,96
random_eq,lpm2,480,2,8,9,18,20,23,36,41,43,52,60,74,81,84,91,100
random_eq,lpm2,481,7,9,10,11,30,36,37,41,50,58,60,69,73,76,87,98
random_eq,lpm2,482,25,30,42,46,51,57,58,65,69,75,76,78,81,91,92,96
random_eq,lpm2,483,16,22,23,30,33,37,43,44,48,49,57,58,59,60,66,76
random_eq,lpm2,484,13,27,37,42,46,50,51,54,57,63,69,71,73,78,83,98
random_eq,lpm2,485,3,7,9,13,28,34,42,55,69,76,77,78,79,87,97,100
random_eq,lpm2,486,4,10,28,37,38,41,43,47,66,70,72,83,88,95,97,98
random_eq,lpm2,487,1,3,13,16,24,26,29,31,35,43,58,60,68,83,84,88
random_eq,lpm2,488,3,9,15,18,27,34,36,37,41,56,58,59,66,77,85,90
random_eq,lpm2,489,4,5,6,13,29,30,32,38,40,43,60,68,73,81,83,99
random_eq,lpm2,490,10,19,23,31,33,40,45,47,52,57,62,66,69,72,75,97
random_eq,lpm2,491,7,12,19,21,25,26,36,40,49,55,64,72,74,75,87,94
random_eq,lpm2,492,4,14,18,20,21,29,33,41,42,50,81,84,85,90,92,96
random_eq,lpm2,493,2,3,4,12,15,29,30,34,36,44,73,83,89,92,93,95
random_eq,lpm2,494,5,12,24,27,46,47,51,56,57,58,59,66,71,79,83,96
random_eq,lpm2,495,2,6,7,10,14,15,24,33,44,45,46,48,51,61,83,90
random_eq,lpm2,496,4,7,19,25,27,48,56,68,77,81,85,90,92,93,94,100
random_eq,lpm2,497,14,21,34,43,54,55,57,59,60,61,72,74,80,87,90,95
random_eq,lpm2,498,7,13,14,20,24,42,46,51,54,55,59,62,65,76,78,86
random_eq,lpm2,499,3,4,10,11,30,37,40,46,48,70,71,73,75,89,94,95
random_eq,lpm2,500,5,7,8,9,20,33,34,35,39,46,70,78,79,80,95,99
random_eq,lpm2,501,1,7,15,17,27,33,37,41,47,51,62,64,74,84,98,100
random_eq,lpm2,502,1,5,8,9,13,14,28,34,42,43,60,81,85,95,99,100
random_eq,lpm2,503,5,10,14,15,21,23,27,33,38,54,60,65,72,75,84,94
random_eq,lpm2,504,2,29,38,42,45,47,50,52,67,68,73,76,82,93,95,100
random_eq,lpm2,505,4,7,10,14,27,29,33,47,54,55,57,60,72,73,82,94
random_eq,lpm2,506,1,4,7,13,20,25,29,30,35,40,48,50,54,64,69,77
random_eq,lpm2,507,28,29,33,39,47,49,52,58,65,74,76,77,88,90,92,98
random_eq,lpm2,508,1,16,19,29,31,37,40,46,56,61,67,69,75,80,89,100
random_eq,lpm2,509,8,12,18,19,23,49,53,61,62,67,79,81,85,86,92,95
random_eq,lpm2,510,1,2,4,11,22,30,40,43,45,48,51,53,63,68,73,82
random_eq,lpm2,511,5,8,23,30,33,45,46,47,49,53,57,72,79,81,87,90
random_eq,lpm2,512,16,22,35,45,46,49,53,56,78,79,80,81,84,88,89,100
random_eq,lpm2,513,1,7,9,15,17,25,29,33,58,60,64,74,79,80,89,92
random_eq,lpm2,514,4,7,14,15,16,19,21,29,38,54,64,68,77,82,88,98
random_eq,lpm2,515,5,8,13,33,43,45,51,52,55,61,65,72,79,80,84,90
random_eq,lpm2,516,1,4,21,22,45,51,55,66,69,76,77,82,94,97,98,100
random_eq,lpm2,517,9,12,15,18,29,44,48,58,70,80,81,84,88,91,92,93
random_eq,lpm2,518,6,24,26,36,42,50,52,55,61,73,75,77,82,93,96,97
random_eq,lpm2,519,3,7,14,21,24,26,28,32,38,40,42,44,47,63,83,97
random_eq,lpm2,520,13,14,20,22,27,28,29,34,39,46,62,68,77,82,87,92
random_eq,lpm2,521,3,4,7,9,15,16,17,18,41,47,63,64,66,85,88,98
random_eq,lpm2,522,7,10,13,14,23,26,27,45,49,56,71,72,78,83,98,99
random_eq,lpm2,523,21,27,33,35,41,46,48,62,64,67,70,71,72,79,80,84
random_eq,lpm2,524,9,14,15,24,45,48,51,56,61,65,72,84,85,91,93,99
random_eq,lpm2,525,5,13,17,23,24,28,29,30,31,35,44,45,67,68,83,95
random_eq,lpm2,526,1,15,16,32,40,41,51,63,70,71,75,76,78,86,91,99
random_eq,lpm2,527,4,12,17,20,21,30,34,73,76,77,78,80,82,87,98,99
random_eq,lpm2,528,9,26,33,46,48,54,67,70,81,83,84,85,86,87,91,100
random_eq,lpm2,529,2,3,16,21,24,26,28,30,33,35,41,55,57,58,69,75
random_eq,lpm2,530,4,6,12,18,29,41,48,50,52,53,56,73,77,81,92,93
random_eq,lpm2,531,16,30,46,53,57,64,65,67,69,75,78,85,91,92,94,95
random_eq,lpm2,532,5,10,15,24,33,40,45,46,50,51,61,63,70,90,91,95
random_eq,lpm2,533,2,11,15,23,25,26,32,35,37,42,43,60,62,72,87,89
random_eq,lpm2,534,2,5,7,8,10,11,24,26,46,52,65,66,68,69,73,95
random_eq,lpm2,535,11,12,14,19,37,58,62,71,80,81,82,86,89,95,97,98
random_eq,lpm2,536,3,16,29,32,35,38,47,53,59,61,62,63,77,84,87,96
random_eq,lpm2,537,2,10,15,19,20,22,25,34,39,48,49,56,57,78,87,96
random_eq,lpm2,538,9,16,30,39,47,53,56,57,59,60,71,78,85,90,93,95
random_eq,lpm2,539,3,6,14,31,35,41,47,49,59,66,67,68,74,75,87,94
random_eq,lpm2,540,6,8,12,18,30,43,52,65,66,67,73,78,85,92,94,99
random_eq,lpm2,541,15,17,19,23,27,29,35,45,48,55,58,62,64,66,79,87
random_eq,lpm2,542,4,9,13,14,23,31,50,54,63,64,74,81,87,89,96,100
random_eq,lpm2,543,1,8,13,21,37,38,43,45,51,61,62,63,69,84,98,100
random_eq,lpm2,544,2,13,23,32,44,47,52,57,58,62,67,85,92,97,98,99
random_eq,lpm2,545,8,10,15,17,26,35,36,44,47,51,54,55,60,62,75,81
random_eq,lpm2,546,1,9,16,19,30,45,49,65,66,71,72,77,88,89,97,98
random_eq,lpm2,547,5,11,12,13,17,18,35,44,48,51,56,73,81,83,95,99
random_eq,lpm2,548,1,3,5,9,10,12,15,21,30,35,43,59,63,74,76,88
random_eq,lpm2,549,15,21,29,31,36,38,40,52,53,60,64,72,80,87,94,99
random_eq,lpm2,550,1,6,13,15,17,20,29,37,43,45,50,53,59,64,79,85
random_eq,lpm2,551,1,22,25,28,34,42,45,62,70,71,72,79,81,82,93,100
random_eq,lpm2,552,2,14,18,25,26,35,39,46,50,57,66,74,76,83,89,95
random_eq,lpm2,553,1,6,10,23,27,37,40,41,46,47,64,66,69,71,90,94
random_eq,lpm2,554,8,10,20,21,24,27,36,40,44,45,46,52,71,74,84,88
random_eq,lpm2,555,8,9,16,35,39,43,44,52,54,60,62,68,72,77,80,89
random_eq,lpm2,556,5,6,7,16,19,21,29,31,32,64,66,70,73,86,87,98
random_eq,lpm2,557,13,16,17,22,24,31,33,38,40,44,46,60,62,70,84,86
random_eq,lpm2,558,2,12,16,35,36,39,46,52,71,73,76,79,88,89,90,100
random_eq,lpm2,559,12,13,15,23,26,36,48,56,57,72,75,80,81,86,92,99
random_eq,lpm2,560,1,3,4,8,9,20,23,27,36,39,70,73,84,91,92,93
random_eq,lpm2,561,6,7,14,16,22,24,31,33,42,46,59,71,73,84,97,99
random_eq,lpm2,562,2,4,7,8,12,19,31,35,36,55,62,63,66,69,82,95
random_eq,lpm2,563,7,11,13,22,26,32,35,47,52,61,83,84,85,87,94,100
random_eq,lpm2,564,2,11,13,14,15,23,34,44,49,53,58,60,71,73,74,75
random_eq,lpm2,565,14,29,36,40,45,46,49,55,58,62,65,80,82,86,91,95
random_eq,lpm2,566,1,6,11,13,15,29,30,35,36,54,82,88,92,93,94,96
random_eq,lpm2,567,5,6,14,15,31,35,42,45,65,75,81,83,85,91,93,94
random_eq,lpm2,568,4,25,30,39,41,44,48,49,51,57,68,72,74,83,94,99
random_eq,lpm2,569,1,7,8,20,24,41,42,50,52,69,74,79,86,90,91,95
random_eq,lpm2,570,4,7,12,18,24,30,39,48,57,63,68,70,72,73,83,91
random_eq,lpm2,571,16,21,27,28,31,32,37,40,56,60,65,67,78,88,90,94
random_eq,lpm2,572,12,21,25,32,36,40,42,50,55,57,75,86,87,96,97,100
random_eq,lpm2,573,10,12,13,14,16,19,26,32,48,58,62,83,86,87,96,98
random_eq,lpm2,574,12,16,26,27,31,33,36,49,51,57,64,66,72,81,92,96
random_eq,lpm2,575,1,4,28,32,40,42,45,51,55,62,70,77,82,89,96,97
random_eq,lpm2,576,3,7,9,14,16,17,23,34,53,54,59,68,72,91,95,98
random_eq,lpm2,577,25,28,36,41,42,45,47,63,70,74,75,86,92,95,97,98
random_eq,lpm2,578,6,13,29,34,35,36,46,54,57,70,79,80,90,92,95,98
random_eq,lpm2,579,2,7,19,34,36,37,38,43,56,65,66,74,75,81,84,95
random_eq,lpm2,580,3,8,12,33,38,43,44,47,61,63,66,67,85,88,90,97
random_eq,lpm2,581,12,15,18,28,34,37,51,58,61,67,69,74,77,81,83,90
random_eq,lpm2,582,4,6,11,12,15,16,27,29,30,34,36,55,56,65,88,89
random_eq,lpm2,583,6,12,36,40,47,51,57,60,61,70,77,82,83,85,87,90
random_eq,lpm2,584,10,12,13,16,29,35,43,49,55,62,64,67,68,77,84,100
random_eq,lpm2,585,11,19,27,34,42,47,54,56,59,62,63,68,74,95,96,97
random_eq,lpm2,586,9,20,28,35,37,40,41,47,53,56,62,65,68,75,77,80
random_eq,lpm2,587,1,2,5,6,8,11,12,16,22,35,53,55,62,68,84,93
random_eq,lpm2,588,7,10,12,17,23,28,31,38,40,44,56,65,73,74,78,86
random_eq,lpm2,589,4,8,15,16,27,34,36,49,50,53,57,87,89,90,96,100
random_eq,lpm2,590,10,12,17,32,33,41,44,48,62,72,76,77,81,82,87,94
random_eq,lpm2,591,1,7,10,19,24,31,40,41,42,55,69,70,72,73,75,97
random_eq,lpm2,592,3,4,7,10,22,23,28,33,44,54,55,56,61,72,74,81
random_eq,lpm2,593,1,22,29,34,36,47,52,53,56,60,74,79,93,96,98,100
random_eq,lpm2,594,8,12,15,17,18,26,28,35,47,66,72,85,90,92,94,96
random_eq,lpm2,595,2,8,9,10,17,20,28,43,45,55,57,59,61,68,87,91
random_eq,lpm2,596,16,18,21,24,31,51,52,54,58,61,66,75,79,84,97,99
random_eq,lpm2,597,4,11,12,14,23,25,34,50,66,68,74,75,78,86,95,98
random_eq,lpm2,598,4,5,29,31,36,40,41,58,61,64,65,66,67,69,73,85
random_eq,lpm2,599,1,3,7,12,24,26,40,42,62,70,75,78,86,89,95,97
random_eq,lpm2,600,3,9,16,17,20,29,35,37,60,61,77,80,83,87,89,96
random_eq,lpm2,601,2,5,13,33,38,39,46,47,49,51,64,75,77,93,99,100
random_eq,lpm2,602,8,13,28,29,31,34,41,46,53,58,62,68,70,81,82,87
random_eq,lpm2,603,2,3,19,20,24,29,33,39,46,53,70,73,76,77,85,87
random_eq,lpm2,604,4,8,11,15,19,24,27,46,55,62,82,85,91,97,98,100
random_eq,lpm2,605,1,6,9,20,22,24,39,42,45,46,70,78,79,85,93,97
random_eq,lpm2,606,8,11,17,18,27,30,39,43,48,54,72,73,78,81,85,90
random_eq,lpm2,607,1,3,8,12,18,21,30,31,40,49,57,63,78,82,83,88
random_eq,lpm2,608,1,4,9,10,12,20,40,48,57,61,69,73,81,82,96,97
random_eq,lpm2,609,2,3,16,17,21,25,26,31,39,59,63,64,78,90,92,93
random_eq,lpm2,610,3,17,19,31,33,39,41,44,51,61,63,74,81,89,92,97
random_eq,lpm2,611,6,9,22,30,47,49,51,54,60,65,67,71,77,78,79,82
random_eq,lpm2,612,11,16,33,38,46,49,50,51,56,63,65,66,68,86,90,98
random_eq,lpm2,613,8,11,15,18,19,27,32,34,45,48,65,70,88,89,92,100
random_eq,lpm2,614,2,8,11,18,19,21,23,30,37,42,44,54,58,59,70,84
random_eq,lpm2,615,4,12,16,21,34,49,50,56,77,78,81,83,85,90,96,100
random_eq,lpm2,616,4,7,13,28,30,31,41,48,52,68,72,83,85,87,92,94
random_eq,lpm2,617,7,11,12,23,24,28,30,33,40,53,58,65,69,73,89,97
random_eq,lpm2,618,1,10,11,21,34,38,59,62,65,67,69,78,83,93,97,99
random_eq,lpm2,619,4,5,16,23,27,35,46,48,62,69,71,72,83,84,97,99
random_eq,lpm2,620,7,9,13,29,30,33,47,55,58,60,65,70,76,77,79,81
random_eq,lpm2,621,3,6,8,27,29,34,39,45,52,68,74,80,84,89,90,96
random_eq,lpm2,622,4,9,12,16,31,33,38,43,47,49,76,80,86,97,99,100
random_eq,lpm2,623,3,5,11,15,24,42,54,62,65,67,68,70,72,76,85,94
random_eq,lpm2,624,2,6,9,21,25,33,38,39,45,52,76,78,82,84,93,97
random_eq,lpm2,625,7,12,15,19,23,31,35,37,38,56,68,83,87,88,89,95
random_eq,lpm2,626,2,7,12,13,52,53,60,65,73,76,77,78,92,97,98,100
random_eq,lpm2,627,19,20,21,23,32,34,36,65,70,75,79,80,86,90,98,99
random_eq,lpm2,628,16,19,33,35,43,51,52,60,62,63,70,71,80,83,91,100
random_eq,lpm2,629,2,13,16,32,45,47,56,67,73,77,79,80,87,92,93,95
random_eq,lpm2,630,2,16,18,20,23,26,28,29,30,44,47,60,67,69,81,90
random_eq,lpm2,631,5,6,8,12,16,17,19,29,43,61,62,65,72,79,81,92
random_eq,lpm2,632,17,18,22,35,40,42,45,56,61,65,77,82,91,94,99,100
random_eq,lpm2,633,1,13,16,23,25,28,33,35,39,61,69,71,72,76,83,96
random_eq,lpm2,634,13,17,18,29,45,47,50,59,73,79,81,83,86,92,96,100
random_eq,lpm2,635,1,7,9,11,14,28,36,37,41,49,53,59,62,91,97,100
random_eq,lpm2,636,4,24,30,40,41,45,52,57,66,68,78,88,90,94,95,97
random_eq,lpm2,637,8,10,15,21,33,38,46,51,59,70,77,90,94,95,99,100
random_eq,lpm2,638,2,5,7,8,10,13,14,23,32,38,50,68,77,82,84,95
random_eq,lpm2,639,1,6,10,19,26,36,48,49,56,71,82,84,90,93,94,96
random_eq,lpm2,640,7,9,10,13,18,27,28,36,54,63,65,70,74,77,97,98
random_eq,lpm2,641,1,3,5,10,20,31,47,49,54,56,65,69,83,88,92,98
random_eq,lpm2,642,3,4,9,39,46,49,51,58,68,69,74,76,85,87,91,96
random_eq,lpm2,643,2,4,11,15,16,19,20,25,32,38,52,68,75,76,77,89
random_eq,lpm2,644,7,19,20,36,37,45,59,65,70,79,80,83,86,88,90,95
random_eq,lpm2,645,5,12,33,35,38,40,43,49,50,61,63,64,85,90,91,95
random_eq,lpm2,646,6,17,20,23,26,33,43,45,61,64,66,78,81,82,84,94
random_eq,lpm2,647,2,3,10,15,24,26,28,30,44,52,53,59,62,72,83,89
random_eq,lpm2,648,2,12,15,33,34,37,52,62,63,69,77,81,88,89,95,97
random_eq,lpm2,649,1,7,13,16,27,28,29,37,42,54,57,63,70,71,73,98
random_eq,lpm2,650,7,16,18,20,31,34,51,54,65,66,70,81,84,89,90,97
random_eq,lpm2,651,4,5,10,12,13,24,28,30,39,56,57,62,71,74,83,95
random_eq,lpm2,652,4,5,17,18,23,31,46,48,64,75,81,86,91,95,96,99
random_eq,lpm2,653,4,5,20,23,36,46,49,53,54,63,66,69,73,83,86,98
random_eq,lpm2,654,3,4,7,9,17,25,32,33,37,42,48,57,64,72,86,87
random_eq,lpm2,655,18,22,25,38,39,56,57,60,61,66,67,70,80,82,99,100
random_eq,lpm2,656,7,9,16,21,27,33,39,45,52,58,66,71,76,77,90,99
random_eq,lpm2,657,3,5,17,18,20,21,24,26,30,40,42,46,51,64,84,96
random_eq,lpm2,658,13,19,26,27,39,42,51,58,62,68,69,70,71,76,82,97
random_eq,lpm2,659,6,30,36,37,38,39,44,49,54,62,66,67,70,79,84,89
random_eq,lpm2,660,3,12,13,22,30,31,33,37,40,44,58,62,67,80,94,97
random_eq,lpm2,661,8,15,16,21,25,30,33,45,57,63,69,71,72,86,92,94
random_eq,lpm2,662,17,19,23,26,28,32,35,36,43,53,63,65,76,82,90,91
random_eq,lpm2,663,8,13,18,19,32,35,51,58,59,61,67,70,82,85,90,95
random_eq,lpm2,664,9,10,19,20,23,26,30,31,33,40,47,49,54,62,70,82
random_eq,lpm2,665,1,4,16,17,24,30,35,40,45,46,47,51,58,62,64,65
random_eq,lpm2,666,13,15,17,19,32,33,38,45,57,62,72,78,82,83,93,97
random_eq,lpm2,667,1,6,14,15,19,31,36,54,73,75,76,85,86,89,92,96
random_eq,lpm2,668,4,9,11,14,18,28,36,37,45,59,60,72,86,88,92,97
random_eq,lpm2,669,10,13,30,36,38,39,46,58,60,62,67,71,84,85,94,97
random_eq,lpm2,670,9,14,18,22,26,39,47,54,57,60,61,64,74,78,80,93
random_eq,lpm2,671,2,9,18,23,24,40,42,46,47,56,57,69,70,79,90,100
random_eq,lpm2,672,17,20,22,23,24,26,42,47,53,55,60,61,63,96,97,98
random_eq,lpm2,673,4,15,16,24,29,44,47,52,54,57,71,73,86,90,93,99
random_eq,lpm2,674,10,15,18,19,22,29,34,45,56,63,66,73,77,78,93,100
random_eq,lpm2,675,1,5,8,11,12,15,16,17,26,29,40,71,80,88,90,93
random_eq,lpm2,676,10,18,22,26,27,45,53,56,62,69,72,77,84,91,92,93
random_eq,lpm2,677,8,9,11,12,13,25,28,33,58,67,70,71,74,85,86,92
random_eq,lpm2,678,4,6,9,21,31,49,54,55,60,65,68,74,76,85,86,96
random_eq,lpm2,679,1,5,19,25,29,31,32,42,45,51,52,53,59,65,67,92
random_eq,lpm2,680,3,15,22,23,30,34,35,37,52,56,58,60,68,79,80,89
random_eq,lpm2,681,1,25,31,35,37,47,58,67,75,76,79,83,85,93,98,99
random_eq,lpm2,682,3,16,30,41,53,57,58,67,73,79,81,87,89,90,93,97
random_eq,lpm2,683,2,3,4,5,9,13,18,35,41,43,47,52,57,62,63,83
random_eq,lpm2,684,2,5,9,14,16,20,41,43,45,47,59,66,76,79,87,88
random_eq,lpm2,685,6,10,12,14,22,29,40,49,58,78,79,84,87,91,92,99
random_eq,lpm2,686,10,20,25,53,54,55,57,61,69,76,78,87,90,96,98,100
random_eq,lpm2,687,13,17,28,37,38,46,68,70,73,74,76,77,79,86,90,100
random_eq,lpm2,688,2,27,37,38,39,52,54,62,63,65,66,69,76,91,96,99
random_eq,lpm2,689,4,5,27,28,40,43,56,60,63,65,71,76,85,88,91,99
random_eq,lpm2,690,8,12,17,18,23,28,31,34,39,48,58,68,75,82,91,93
random_eq,lpm2,691,8,19,20,26,32,45,49,57,59,68,73,83,85,86,91,92
random_eq,lpm2,692,7,10,15,16,26,32,44,49,51,53,61,68,73,83,92,99
random_eq,lpm2,693,11,13,26,28,30,34,45,49,51,75,76,78,81,92,95,96
random_eq,lpm2,694,4,13,14,27,42,43,45,49,50,51,78,83,87,90,92,100
random_eq,lpm2,695,3,10,14,18,30,35,46,63,66,68,73,75,77,83,95,98
random_eq,lpm2,696,1,3,6,8,9,10,21,46,56,57,59,67,70,74,78,86
random_eq,lpm2,697,1,19,30,46,55,62,70,71,75,77,85,88,89,94,98,100
random_eq,lpm2,698,5,11,12,26,40,42,43,44,56,61,62,64,68,74,85,99
random_eq,lpm2,699,2,13,16,28,31,35,44,45,58,62,64,69,74,76,77,92
random_eq,lpm2,700,5,9,16,26,38,47,49,50,54,59,63,72,83,94,96,98
random_eq,lpm2,701,1,2,6,9,10,26,33,45,49,64,77,82,89,90,98,99
random_eq,lpm2,702,3,8,18,22,23,26,28,32,36,48,52,61,72,74,81,98
random_eq,lpm2,703,5,14,22,25,26,27,29,38,42,47,56,57,60,63,87,98
random_eq,lpm2,704,2,11,25,28,36,41,43,44,58,69,70,74,76,82,89,98
random_eq,lpm2,705,4,11,23,27,43,45,48,49,55,63,68,75,80,82,94,97
random_eq,lpm2,706,3,6,15,16,17,29,31,33,34,35,38,45,48,56,66,78
random_eq,lpm2,707,2,4,12,13,15,17,19,22,24,36,53,55,77,88,95,97
random_eq,lpm2,708,2,8,13,36,38,46,49,57,61,67,72,73,77,80,92,99
random_eq,lpm2,709,2,9,12,20,25,30,34,38,39,47,52,76,80,84,87,95
random_eq,lpm2,710,3,5,22,30,40,55,60,65,66,80,82,84,86,94,95,100
random_eq,lpm2,711,3,6,17,18,30,39,63,64,71,73,79,80,91,92,94,96
random_eq,lpm2,712,7,8,14,19,24,26,45,53,59,68,69,75,77,82,88,100
random_eq,lpm2,713,24,27,36,40,43,45,52,53,57,58,62,64,80,87,91,99
random_eq,lpm2,714,1,2,12,24,26,38,44,48,67,69,73,75,77,78,80,97
random_eq,lpm2,715,2,3,5,8,24,43,55,57,63,68,69,73,75,87,89,98
random_eq,lpm2,716,8,16,19,23,26,27,31,38,39,52,53,60,68,75,95,96
random_eq,lpm2,717,2,11,18,24,25,42,43,47,50,59,64,65,74,83,95,96
random_eq,lpm2,718,4,13,14,23,28,29,36,46,64,71,74,81,82,86,95,96
random_eq,lpm2,719,14,22,26,29,31,36,43,53,55,64,66,69,80,81,99,100
random_eq,lpm2,720,2,3,5,7,28,31,32,39,42,70,75,83,87,89,92,100
random_eq,lpm2,721,3,4,8,15,16,18,20,42,43,52,60,61,62,88,91,95
random_eq,lpm2,722,20,28,40,46,51,52,61,66,71,78,89,90,92,95,97,99
random_eq,lpm2,723,13,17,25,28,30,36,38,39,43,64,79,82,85,94,99,100
random_eq,lpm2,724,9,14,20,23,31,34,36,41,53,57,59,66,69,87,96,97
random_eq,lpm2,725,3,5,10,18,21,26,27,32,34,36,39,54,62,70,75,100
random_eq,lpm2,726,17,35,53,54,60,66,72,75,79,80,81,82,87,88,93,97
random_eq,lpm2,727,7,9,22,24,35,42,48,60,61,69,71,77,79,95,97,99
random_eq,lpm2,728,21,28,30,33,46,54,62,63,64,70,71,77,79,81,82,94
random_eq,lpm2,729,5,18,21,28,33,45,59,61,62,63,67,77,80,83,92,97
random_eq,lpm2,730,10,12,18,23,31,38,47,61,62,63,69,70,78,83,84,97
random_eq,lpm2,731,1,9,13,14,22,23,28,30,36,41,53,58,67,77,79,82
random_eq,lpm2,732,1,3,10,20,21,24,37,51,54,55,77,83,88,96,97,98
random_eq,lpm2,733,3,9,12,13,15,20,25,30,40,48,55,57,65,85,94,97
random_eq,lpm2,734,4,14,18,36,39,43,65,72,74,86,88,89,93,94,97,99
random_eq,lpm2,735,1,12,19,23,26,27,34,40,58,63,66,67,69,74,83,97
random_eq,lpm2,736,7,10,13,14,20,29,36,45,49,61,77,81,82,87,88,98
random_eq,lpm2,737,1,7,16,22,25,26,30,45,53,56,59,69,78,84,85,100
random_eq,lpm2,738,11,17,18,41,42,45,47,59,64,74,75,81,88,93,95,97
random_eq,lpm2,739,5,15,16,19,25,26,29,35,41,44,48,49,53,55,64,77
random_eq,lpm2,740,7,14,15,18,24,25,29,46,50,64,72,78,79,85,91,92
random_eq,lpm2,741,2,6,15,20,22,24,32,43,52,55,60,65,73,74,78,89
random_eq,lpm2,742,4,10,14,18,19,25,37,43,48,49,57,81,90,94,98,100
random_eq,lpm2,743,1,4,10,16,21,25,35,39,43,45,52,54,58,64,67,75
random_eq,lpm2,744,5,7,13,14,32,33,34,35,42,51,54,63,65,76,77,90
random_eq,lpm2,745,17,28,29,35,38,43,48,54,62,63,68,71,80,83,92,99
random_eq,lpm2,746,6,7,17,18,23,31,46,64,66,74,81,89,90,92,94,99
random_eq,lpm2,747,12,18,21,24,26,29,44,49,64,66,81,82,86,90,96,99
random_eq,lpm2,748,2,10,22,23,26,28,33,38,46,54,63,72,87,89,96,97
random_eq,lpm2,749,13,14,24,26,35,38,41,45,48,57,69,74,75,80,98,100
random_eq,lpm2,750,7,8,12,13,31,36,42,51,55,57,59,70,72,73,81,95
random_eq,lpm2,751,9,13,26,35,36,41,43,49,50,52,57,72,76,85,88,92
random_eq,lpm2,752,5,11,18,23,25,28,37,41,42,43,48,52,61,63,76,81
random_eq,lpm2,753,2,16,25,30,33,44,46,53,65,69,79,81,83,84,89,96
random_eq,lpm2,754,5,7,8,9,21,27,29,36,40,45,52,57,71,72,80,91
random_eq,lpm2,755,2,3,10,11,15,18,21,28,34,37,52,58,65,75,81,97
random_eq,lpm2,756,2,8,28,32,33,38,42,48,51,58,60,74,77,88,96,97
random_eq,lpm2,757,5,22,27,28,45,53,59,62,63,64,67,68,69,79,87,95
random_eq,lpm2,758,12,26,37,38,43,48,49,50,53,57,58,66,83,88,97,98
random_eq,lpm2,759,5,8,11,21,27,38,40,42,58,60,67,69,87,88,94,97
random_eq,lpm2,760,9,13,14,19,30,34,37,40,43,44,45,62,74,79,80,84
random_eq,lpm2,761,2,6,9,10,20,31,32,50,52,59,60,74,78,83,91,96
random_eq,lpm2,762,18,37,39,44,45,54,57,61,70,72,73,74,81,83,88,91
random_eq,lpm2,763,1,5,9,10,30,43,48,54,73,74,77,83,86,98,99,100
random_eq,lpm2,764,2,4,7,19,21,25,30,35,36,44,55,56,59,60,72,76
random_eq,lpm2,765,3,6,7,10,14,20,37,47,59,62,69,75,79,81,97,99
random_eq,lpm2,766,1,6,7,8,9,17,26,29,33,35,39,46,53,54,57,66
random_eq,lpm2,767,2,9,11,15,19,24,33,40,46,48,49,65,85,88,97,100
random_eq,lpm2,768,6,8,16,30,32,36,37,45,59,65,73,75,77,89,94,98
random_eq,lpm2,769,6,9,17,30,31,40,47,60,78,79,80,81,82,83,84,93
random_eq,lpm2,770,13,20,21,24,25,30,32,36,39,45,64,65,67,77,79,90
random_eq,lpm2,771,13,23,25,37,38,54,56,58,61,65,75,78,81,84,93,99
random_eq,lpm2,772,3,18,20,34,40,42,49,54,64,65,75,78,84,85,88,97
random_eq,lpm2,773,12,19,23,32,37,39,44,55,64,68,77,86,91,93,94,95
random_eq,lpm2,774,9,12,13,15,23,26,30,34,36,48,49,72,76,93,98,100
random_eq,lpm2,775,1,10,12,16,21,22,33,49,56,65,79,84,86,88,95,98
random_eq,lpm2,776,3,4,8,38,40,46,48,49,51,58,66,77,78,88,90,96
random_eq,lpm2,777,5,6,8,12,16,21,23,28,31,42,49,59,65,70,86,92
random_eq,lpm2,778,3,4,9,11,25,30,33,42,69,70,71,72,83,84,91,92
random_eq,lpm2,779,2,3,9,10,19,23,34,39,58,64,68,77,91,92,93,96
random_eq,lpm2,780,7,9,16,18,36,39,48,49,60,62,63,64,69,80,81,99
random_eq,lpm2,781,2,5,6,15,18,22,44,45,47,50,51,52,69,74,81,97
random_eq,lpm2,782,8,9,33,37,44,45,53,70,71,79,86,90,93,96,98,100
random_eq,lpm2,783,10,12,22,24,28,36,37,52,57,64,71,91,93,94,98,100
random_eq,lpm2,784,9,14,15,16,18,22,23,32,45,58,63,66,79,86,96,99
random_eq,lpm2,785,5,8,19,25,27,31,35,43,51,54,55,58,85,87,89,99
random_eq,lpm2,786,2,8,9,10,12,15,17,36,43,53,65,77,81,82,90,95
random_eq,lpm2,787,6,10,17,29,30,31,34,39,45,48,51,55,56,57,71,91
random_eq,lpm2,788,7,15,28,33,37,48,52,65,69,72,75,79,85,86,90,97
random_eq,lpm2,789,4,7,10,12,13,19,25,29,35,44,55,69,74,76,83,87
random_eq,lpm2,790,5,10,21,27,40,58,60,68,70,73,74,75,77,81,88,96
random_eq,lpm2,791,4,8,9,10,18,19,23,30,33,35,63,70,74,84,96,100
random_eq,lpm2,792,15,20,22,25,49,53,57,60,61,66,68,71,72,76,92,99
random_eq,lpm2,793,1,4,6,9,23,24,37,45,46,56,66,77,78,84,93,98
random_eq,lpm2,794,11,16,19,21,23,44,54,55,62,64,67,75,86,95,98,99
random_eq,lpm2,795,3,13,19,23,27,31,36,39,42,63,64,69,87,90,92,93
random_eq,lpm2,796,9,12,13,35,38,39,48,64,65,67,68,69,80,93,95,99
random_eq,lpm2,797,5,10,21,24,27,30,35,44,49,58,60,64,68,73,77,96
random_eq,lpm2,798,9,12,19,20,27,34,37,38,42,43,52,62,68,74,76,77
random_eq,lpm2,799,7,18,25,27,39,41,48,53,55,66,69,76,77,84,90,95
random_eq,lpm2,800,4,11,15,19,22,35,37,46,51,53,63,70,76,87,91,93
random_eq,lpm2,801,4,5,35,36,41,44,49,50,53,56,58,75,77,85,88,96
random_eq,lpm2,802,6,21,22,32,33,35,37,41,46,52,61,64,65,67,80,92
random_eq,lpm2,803,1,11,14,15,32,53,54,55,58,73,78,81,83,85,93,94
random_eq,lpm2,804,4,7,25,30,36,40,47,49,50,57,63,66,71,74,83,94
random_eq,lpm2,805,1,2,6,10,38,45,47,49,51,54,70,75,77,78,79,97
random_eq,lpm2,806,3,4,16,18,36,40,41,47,49,51,62,70,83,86,96,100
random_eq,lpm2,807,10,15,24,25,30,33,44,46,48,50,52,56,71,76,90,95
random_eq,lpm2,808,2,6,10,11,19,32,46,48,55,70,74,76,81,88,97,98
random_eq,lpm2,809,3,8,16,18,41,46,58,59,69,73,78,79,90,91,94,98
random_eq,lpm2,810,4,9,11,36,37,41,43,57,66,70,82,85,88,97,98,100
random_eq,lpm2,811,30,43,45,46,48,51,55,57,67,75,77,82,83,88,89,100
random_eq,lpm2,812,8,21,30,40,44,45,51,58,70,71,78,82,84,88,93,96
random_eq,lpm2,813,1,5,9,13,26,28,31,45,49,55,61,67,85,90,97,98
random_eq,lpm2,814,6,20,25,40,44,47,49,66,67,74,78,83,86,93,94,99
random_eq,lpm2,815,5,15,22,23,43,45,49,50,53,55,57,70,87,94,95,98
random_eq,lpm2,816,2,3,6,12,15,42,53,56,63,68,69,71,73,79,89,92
random_eq,lpm2,817,6,11,18,28,41,46,51,74,75,76,80,81,91,92,97,98
random_eq,lpm2,818,15,16,22,32,38,45,47,51,58,59,61,63,64,65,70,88
random_eq,lpm2,819,10,12,14,15,25,29,37,61,63,65,66,77,78,83,94,99
random_eq,lpm2,820,2,11,18,26,35,41,45,49,70,73,74,78,91,97,99,100
random_eq,lpm2,821,10,28,33,44,45,47,61,62,64,67,70,71,81,82,94,95
random_eq,lpm2,822,18,20,21,29,41,42,55,68,70,77,79,81,83,88,96,98
random_eq,lpm2,823,11,20,28,29,37,60,61,67,68,70,71,73,74,81,85,89
random_eq,lpm2,824,3,8,11,18,20,23,27,32,39,43,47,53,62,65,70,74
random_eq,lpm2,825,4,5,21,25,28,35,39,44,46,51,52,54,58,68,76,80
random_eq,lpm2,826,7,11,27,33,35,47,50,54,56,63,71,74,80,83,85,95
random_eq,lpm2,827,2,3,6,8,24,25,33,35,41,42,49,59,70,79,84,91
random_eq,lpm2,828,2,11,17,22,26,39,42,43,48,50,55,62,72,87,94,97
random_eq,lpm2,829,4,28,31,33,39,46,47,52,57,62,66,72,83,85,93,94
random_eq,lpm2,830,1,6,9,27,31,33,34,40,47,52,53,54,60,80,83,96
random_eq,lpm2,831,1,9,19,23,25,27,52,54,55,56,63,66,78,79,82,84
random_eq,lpm2,832,7,8,12,15,21,33,51,61,63,66,69,72,77,81,82,90
random_eq,lpm2,833,5,8,9,14,15,20,21,31,42,46,50,61,65,71,85,92
random_eq,lpm2,834,8,27,28,37,38,41,53,58,68,73,77,85,90,91,96,98
random_eq,lpm2,835,10,17,20,26,30,34,36,48,50,54,66,67,84,92,94,97
random_eq,lpm2,836,1,14,19,21,22,35,46,54,57,59,68,74,80,88,92,95
random_eq,lpm2,837,11,24,28,29,37,48,53,54,61,64,80,86,87,95,96,100
random_eq,lpm2,838,2,5,18,19,22,26,30,42,48,56,58,67,69,84,90,92
random_eq,lpm2,839,2,13,16,21,25,29,31,35,41,55,56,57,68,69,72,93
random_eq,lpm2,840,1,2,3,8,16,21,25,31,36,69,70,72,74,79,96,98
random_eq,lpm2,841,2,17,18,23,26,28,39,46,48,53,54,63,75,92,95,97
random_eq,lpm2,842,5,9,13,15,16,17,31,45,46,51,53,61,65,76,95,96
random_eq,lpm2,843,4,29,40,51,52,54,55,56,58,65,68,77,80,86,89,99
random_eq,lpm2,844,4,5,9,25,28,30,34,36,53,54,57,63,69,71,85,96
random_eq,lpm2,845,7,10,12,23,29,32,40,47,52,65,78,83,84,86,92,95
random_eq,lpm2,846,1,27,33,37,40,43,47,51,54,55,56,57,62,72,80,96
random_eq,lpm2,847,3,8,9,13,31,33,39,46,63,69,70,80,86,88,92,95
random_eq,lpm2,848,13,15,20,34,45,46,47,50,52,53,56,58,62,65,88,92
random_eq,lpm2,849,1,3,6,35,37,39,46,48,49,51,56,61,64,74,77,88
random_eq,lpm2,850,19,23,33,36,38,40,49,54,61,63,79,81,90,96,97,100
random_eq,lpm2,851,1,2,6,17,24,26,29,35,38,47,50,51,52,67,68,80
random_eq,lpm2,852,4,5,6,16,19,38,43,49,53,65,75,83,84,86,88,89
random_eq,lpm2,853,5,11,19,23,30,38,43,54,63,68,81,83,86,90,91,98
random_eq,lpm2,854,9,10,15,18,27,36,50,52,61,62,63,72,79,82,96,97
random_eq,lpm2,855,5,9,16,17,27,37,39,42,54,56,58,60,83,84,88,95
random_eq,lpm2,856,7,10,11,16,18,19,23,30,45,48,58,62,70,81,83,98
random_eq,lpm2,857,10,43,45,50,52,53,56,61,62,63,65,68,72,81,89,98
random_eq,lpm2,858,8,9,13,21,33,35,50,52,55,58,62,69,77,79,87,96
random_eq,lpm2,859,11,17,26,28,33,54,66,67,76,78,82,88,90,92,95,96
random_eq,lpm2,860,8,17,18,23,26,42,53,57,59,60,85,89,93,96,97,100
random_eq,lpm2,861,5,6,15,19,20,26,30,34,50,55,56,80,88,89,90,96
random_eq,lpm2,862,1,14,15,31,38,47,51,54,56,57,72,80,81,85,93,97
random_eq,lpm2,863,3,11,17,21,32,44,53,61,62,68,72,79,80,92,96,97
random_eq,lpm2,864,4,9,10,34,36,44,50,51,56,58,69,74,84,86,91,96
random_eq,lpm2,865,15,16,19,23,30,31,36,48,58,64,70,86,87,90,92,96
random_eq,lpm2,866,18,20,26,29,30,37,39,41,49,60,62,68,74,80,83,96
random_eq,lpm2,867,2,3,14,23,24,28,32,53,65,72,74,81,83,96,97,98
random_eq,lpm2,868,1,5,9,16,21,35,45,46,59,61,64,70,71,80,84,95
random_eq,lpm2,869,1,5,8,9,17,26,32,34,45,50,61,71,79,89,90,95
random_eq,lpm2,870,2,8,15,22,24,30,45,48,63,65,66,69,77,82,88,96
random_eq,lpm2,871,3,10,13,14,15,18,24,48,54,62,63,69,76,81,82,100
random_eq,lpm2,872,19,20,22,24,25,47,54,58,59,61,68,69,70,74,78,84
random_eq,lpm2,873,2,17,18,20,21,28,40,41,55,56,62,67,73,77,82,85
random_eq,lpm2,874,9,22,26,37,45,49,51,54,63,69,71,78,84,85,89,98
random_eq,lpm2,875,3,15,16,32,33,44,48,49,62,64,70,71,79,81,89,94
random_eq,lpm2,876,5,9,18,31,36,49,55,60,79,80,83,88,91,95,96,97
random_eq,lpm2,877,7,15,20,28,38,45,48,62,64,65,68,82,91,92,94,97
random_eq,lpm2,878,9,15,18,23,25,35,48,53,60,69,70,72,77,78,81,97
random_eq,lpm2,879,3,13,32,38,39,43,44,47,52,64,75,78,81,84,85,94
random_eq,lpm2,880,4,18,19,25,27,37,47,52,54,64,67,75,77,91,92,95
random_eq,lpm2,881,1,6,28,29,34,52,60,61,63,66,69,73,79,89,92,98
random_eq,lpm2,882,7,10,13,17,21,45,55,57,58,68,73,79,86,90,94,97
random_eq,lpm2,883,19,21,26,49,51,54,55,56,59,61,62,78,85,87,95,99
random_eq,lpm2,884,1,5,11,14,15,19,24,26,30,42,45,72,73,76,91,94
random_eq,lpm2,885,6,9,14,18,25,35,40,41,42,43,48,50,68,74,76,77
random_eq,lpm2,886,4,18,30,43,45,61,67,70,72,73,80,82,91,94,95,99
random_eq,lpm2,887,2,11,19,22,30,46,51,55,63,68,69,82,84,87,89,98
random_eq,lpm2,888,5,6,16,21,22,28,29,33,35,46,51,56,57,79,85,93
random_eq,lpm2,889,5,11,18,32,34,38,44,49,50,62,63,76,88,91,96,98
random_eq,lpm2,890,7,8,32,34,36,37,40,42,54,58,62,70,77,86,87,91
random_eq,lpm2,891,8,9,19,35,39,47,54,57,65,66,70,71,82,92,93,95
random_eq,lpm2,892,5,6,7,18,28,30,44,45,49,59,76,81,85,88,91,97
random_eq,lpm2,893,7,14,20,21,24,25,39,50,52,54,71,74,77,78,81,83
random_eq,lpm2,894,13,18,22,24,36,43,51,52,53,54,55,57,58,61,64,79
random_eq,lpm2,895,11,12,13,15,30,42,44,46,68,71,76,79,81,88,90,94
random_eq,lpm2,896,14,16,21,22,32,39,44,63,67,71,78,80,84,90,94,99
random_eq,lpm2,897,6,8,9,10,13,15,17,19,30,34,36,38,42,65,98,99
random_eq,lpm2,898,1,2,8,14,15,24,32,40,60,63,66,71,77,82,89,90
random_eq,lpm2,899,11,18,21,24,25,28,37,40,46,52,54,63,65,76,86,90
random_eq,lpm2,900,7,10,14,15,17,18,21,22,26,35,36,38,51,61,99,100
random_eq,lpm2,901,2,3,15,23,26,32,34,36,42,44,49,53,77,82,97,100
random_eq,lpm2,902,10,20,21,24,30,37,39,41,43,51,59,69,83,84,88,95
random_eq,lpm2,903,5,7,9,15,18,26,31,35,38,41,47,50,51,56,90,95
random_eq,lpm2,904,1,3,5,13,19,32,34,58,62,74,76,79,81,85,93,97
random_eq,lpm2,905,5,18,20,24,25,32,35,45,50,53,56,57,76,84,91,92
random_eq,lpm2,906,7,8,12,24,25,27,31,39,42,48,50,52,69,71,74,100
random_eq,lpm2,907,2,8,11,19,21,25,41,42,52,70,71,79,82,85,93,95
random_eq,lpm2,908,6,22,39,46,47,49,56,66,73,82,85,87,92,94,95,99
random_eq,lpm2,909,3,15,28,30,31,35,43,48,49,51,55,58,65,78,82,90
random_eq,lpm2,910,4,6,18,25,28,34,37,39,46,52,53,69,90,91,94,99
random_eq,lpm2,911,4,9,10,11,22,36,44,45,52,53,62,67,69,72,92,97
random_eq,lpm2,912,6,7,25,28,33,37,38,41,42,46,47,49,64,65,79,86
random_eq,lpm2,913,2,3,14,15,23,26,41,46,57,78,83,85,87,89,90,100
random_eq,lpm2,914,1,4,8,12,28,51,52,57,66,67,68,75,89,92,97,100
random_eq,lpm2,915,10,13,14,18,29,40,46,51,54,55,57,61,79,92,96,100
random_eq,lpm2,916,5,10,11,13,17,35,40,44,45,46,67,71,74,76,88,100
random_eq,lpm2,917,3,31,36,38,42,47,51,56,59,67,69,83,85,86,93,100
random_eq,lpm2,918,1,5,32,35,43,51,57,66,70,71,75,80,83,92,98,100
random_eq,lpm2,919,3,21,22,27,30,34,43,56,59,65,69,77,78,85,91,100
random_eq,lpm2,920,5,7,10,14,28,31,38,39,50,54,73,74,75,87,91,95
random_eq,lpm2,921,5,6,17,26,28,34,47,51,52,60,61,67,82,87,90,99
random_eq,lpm2,922,7,8,15,16,18,20,28,31,37,56,66,68,69,86,89,94
random_eq,lpm2,923,1,2,6,9,13,36,42,43,45,52,77,81,85,90,97,99
random_eq,lpm2,924,1,5,6,40,45,47,57,65,66,67,69,70,73,82,86,90
random_eq,lpm2,925,4,9,11,12,13,17,30,46,55,56,62,63,74,78,80,81
random_eq,lpm2,926,1,3,14,18,22,25,41,48,51,79,84,91,93,95,96,98
random_eq,lpm2,927,6,16,25,27,28,29,34,54,56,59,66,71,87,89,96,99
random_eq,lpm2,928,7,9,10,15,26,32,36,45,47,58,59,63,64,70,90,92
random_eq,lpm2,929,1,30,32,33,37,39,42,48,52,67,74,77,79,83,88,99
random_eq,lpm2,930,1,7,13,16,19,23,37,45,49,55,57,61,63,64,79,90
random_eq,lpm2,931,10,13,15,26,29,36,37,52,54,56,60,62,63,77,87,93
random_eq,lpm2,932,4,15,29,43,45,52,58,65,66,75,78,83,86,91,92,100
random_eq,lpm2,933,1,7,23,24,26,28,35,45,47,49,56,59,63,64,74,95
random_eq,lpm2,934,2,4,8,11,15,17,30,36,41,46,51,72,80,81,87,91
random_eq,lpm2,935,2,5,7,18,20,22,25,31,41,50,53,55,70,79,81,85
random_eq,lpm2,936,7,14,16,17,23,24,26,27,33,40,41,44,47,88,95,99
random_eq,lpm2,937,3,11,21,35,36,45,58,64,67,70,74,77,87,88,90,94
random_eq,lpm2,938,6,22,23,30,33,37,41,48,64,66,77,86,87,96,98,99
random_eq,lpm2,939,8,17,19,23,39,62,66,68,74,78,79,86,87,95,96,98
random_eq,lpm2,940,8,22,32,36,37,42,43,50,55,59,61,72,80,87,89,98
random_eq,lpm2,941,6,23,25,46,47,49,53,56,57,71,77,78,83,86,94,96
random_eq,lpm2,942,5,7,18,25,27,45,50,51,59,69,75,85,89,95,97,100
random_eq,lpm2,943,2,3,11,14,16,18,47,67,69,73,75,83,91,92,98,100
random_eq,lpm2,944,6,12,16,19,25,30,40,42,43,53,57,71,83,88,89,94
random_eq,lpm2,945,9,18,31,33,35,37,40,43,44,50,51,60,70,74,80,83
random_eq,lpm2,946,2,3,4,12,16,18,36,40,44,52,53,63,75,88,91,93
random_eq,lpm2,947,10,27,31,38,48,52,53,59,60,64,72,87,90,93,94,96
random_eq,lpm2,948,17,18,19,21,22,24,27,39,54,55,77,80,88,94,96,100
random_eq,lpm2,949,1,4,9,10,37,41,47,51,57,62,67,69,72,76,86,91
random_eq,lpm2,950,2,36,45,49,50,62,71,74,75,79,80,81,84,91,95,96
random_eq,lpm2,951,6,11,12,15,25,27,34,48,52,53,56,63,68,80,81,96
random_eq,lpm2,952,11,22,27,29,33,34,45,64,66,82,84,87,93,96,98,100
random_eq,lpm2,953,35,36,49,50,54,56,57,58,59,61,71,82,83,88,89,94
random_eq,lpm2,954,31,32,34,38,44,47,52,56,68,72,75,85,93,97,98,99
random_eq,lpm2,955,2,5,22,26,40,44,47,58,61,67,69,77,80,82,88,97
random_eq,lpm2,956,4,18,21,25,32,35,36,41,67,70,80,82,83,95,97,99
random_eq,lpm2,957,2,8,20,21,28,34,38,45,52,57,59,66,73,78,87,96
random_eq,lpm2,958,7,11,20,32,33,45,49,56,62,74,78,82,86,88,92,99
random_eq,lpm2,959,4,5,6,7,23,24,27,28,40,41,48,55,70,76,90,91
random_eq,lpm2,960,9,11,14,21,25,39,41,43,49,55,57,61,71,74,90,100
random_eq,lpm2,961,12,14,21,26,32,38,44,57,62,66,67,72,78,85,92,97
random_eq,lpm2,962,4,6,8,30,39,41,46,51,53,65,75,81,82,87,97,99
random_eq,lpm2,963,9,10,13,14,24,26,33,36,37,41,49,61,84,88,95,96
random_eq,lpm2,964,6,15,19,24,31,45,53,56,69,71,78,86,88,89,90,98
random_eq,lpm2,965,2,6,7,14,17,22,24,26,39,51,57,60,66,74,78,87
random_eq,lpm2,966,6,8,21,33,43,45,52,72,73,74,80,84,86,92,97,98
random_eq,lpm2,967,7,16,20,21,30,44,45,50,51,59,62,69,70,71,76,78
random_eq,lpm2,968,2,3,8,10,11,12,24,26,28,40,47,62,70,72,82,91
random_eq,lpm2,969,3,12,13,16,21,22,31,33,36,39,51,70,81,93,95,97
random_eq,lpm2,970,13,23,25,39,44,52,53,54,55,58,60,76,84,86,97,98
random_eq,lpm2,971,4,7,8,9,20,33,44,50,54,59,61,62,66,74,91,97
random_eq,lpm2,972,9,15,18,21,26,29,31,37,45,50,62,68,70,76,93,96
random_eq,lpm2,973,3,18,25,32,48,51,55,56,61,63,67,72,80,81,82,84
random_eq,lpm2,974,21,24,26,41,52,55,72,73,78,80,87,93,96,97,98,99
random_eq,lpm2,975,9,31,32,38,42,44,47,49,58,59,62,67,76,78,84,92
random_eq,lpm2,976,2,4,15,17,20,22,26,28,50,54,66,73,74,76,85,87
random_eq,lpm2,977,1,6,11,12,14,19,24,29,35,37,63,66,83,86,89,93
random_eq,lpm2,978,2,3,4,5,12,20,36,38,39,51,57,75,82,89,93,97
random_eq,lpm2,979,7,11,13,29,34,36,41,53,59,63,76,85,86,87,92,99
random_eq,lpm2,980,1,8,10,12,13,24,25,29,30,31,39,43,48,58,69,78
random_eq,lpm2,981,1,4,11,16,43,45,58,61,64,67,73,75,78,80,91,99
random_eq,lpm2,982,10,15,19,22,26,31,34,54,59,68,74,76,86,91,93,100
random_eq,lpm2,983,8,13,26,27,28,34,38,54,58,62,74,78,81,97,98,99
random_eq,lpm2,984,3,6,10,11,17,28,33,44,53,54,64,81,88,89,90,93
random_eq,lpm2,985,2,3,8,13,24,26,40,44,61,63,67,69,80,82,88,89
random_eq,lpm2,986,1,5,10,13,23,24,26,27,28,41,49,60,64,72,90,98
random_eq,lpm2,987,1,10,13,28,35,36,37,52,54,55,70,77,94,95,97,98
random_eq,lpm2,988,8,19,21,37,45,52,59,66,71,77,78,85,90,93,94,95
random_eq,lpm2,989,3,7,11,13,22,33,35,37,39,41,43,51,58,65,76,85
random_eq,lpm2,990,15,20,21,24,27,28,44,46,51,52,56,71,75,80,82,99
random_eq,lpm2,991,26,34,35,36,41,46,47,53,56,59,69,72,75,77,82,96
random_eq,lpm2,992,6,10,14,15,19,21,22,24,49,62,65,68,78,84,96,97
random_eq,lpm2,993,3,4,10,12,14,18,23,33,34,47,64,67,69,72,81,82
random_eq,lpm2,994,6,15,16,22,24,44,46,51,52,53,55,66,67,93,94,99
random_eq,lpm2,995,19,26,34,36,41,42,48,58,61,67,70,71,73,84,92,93
random_eq,lpm2,996,6,9,10,11,12,13,15,21,25,46,61,70,76,78,81,99
random_eq,lpm2,997,2,14,21,25,29,35,43,44,57,58,67,72,78,79,82,83
random_eq,lpm2,998,8,12,14,18,26,27,34,44,48,53,62,66,67,77,82,99
random_eq,lpm2,999,7,26,27,29,31,33,39,48,51,53,55,60,66,70,72,90
random_eq,lpm2,1000,24,25,29,40,42,52,54,60,61,65,66,67,78,79,83,100
random_eq,lpm2,1001,16,22,28,34,39,42,48,49,54,60,68,70,73,79,87,95
random_eq,lpm2,1002,8,11,13,22,27,33,34,38,40,44,45,52,53,54,88,96
random_eq,lpm2,1003,4,10,13,27,38,47,50,57,63,67,70,75,82,83,94,98
random_eq,lpm2,1004,2,4,5,8,11,14,18,20,48,53,54,62,66,67,69,99
random_eq,lpm2,1005,13,14,19,21,22,27,37,57,58,64,65,69,78,79,88,96
random_eq,lpm2,1006,3,29,35,46,47,49,51,58,62,67,78,80,82,84,92,95
random_eq,lpm2,1007,5,12,13,17,27,34,39,43,50,64,65,68,72,88,90,92
random_eq,lpm2,1008,1,8,16,17,18,23,28,34,42,54,58,60,72,90,93,98
random_eq,lpm2,1009,3,5,11,13,23,29,34,39,45,46,47,52,61,76,87,95
random_eq,lpm2,1010,2,21,24,28,51,54,63,68,69,74,80,83,87,97,98,99
random_eq,lpm2,1011,6,10,16,26,27,32,33,45,47,52,62,71,75,81,84,93
random_eq,lpm2,1012,12,18,30,41,44,51,59,61,63,67,69,75,78,79,85,89
random_eq,lpm2,1013,6,12,16,18,25,26,27,28,43,55,59,70,73,77,91,97
random_eq,lpm2,1014,4,12,22,34,37,58,67,68,71,72,73,75,84,85,86,91
random_eq,lpm2,1015,10,15,22,31,36,44,45,46,47,57,62,70,71,76,82,86
random_eq,lpm2,1016,3,7,11,15,16,17,19,21,22,33,66,81,92,94,95,97
random_eq,lpm2,1017,4,7,8,17,28,36,37,50,51,58,60,75,78,85,91,98
random_eq,lpm2,1018,14,16,26,32,44,59,61,62,73,80,81,84,89,93,95,99
random_eq,lpm2,1019,1,7,15,21,31,33,35,46,56,57,66,73,82,83,94,100
random_eq,lpm2,1020,3,6,17,29,32,42,47,57,63,78,86,87,90,92,94,98
random_eq,lpm2,1021,2,3,4,7,10,24,25,30,33,35,48,49,64,66,67,72
random_eq,lpm2,1022,19,21,26,32,55,61,64,66,71,73,76,81,85,93,95,96
random_eq,lpm2,1023,8,13,20,23,28,29,37,38,41,47,61,69,73,79,93,94
random_eq,lpm2,1024,10,21,25,30,33,35,37,41,59,65,69,70,71,72,84,94
random_eq,lpm2,1025,20,21,24,28,40,41,46,49,55,65,76,78,79,80,86,97
random_eq,lpm2,1026,6,14,17,18,23,31,43,47,50,62,74,80,81,83,84,97
random_eq,lpm2,1027,4,5,12,16,22,34,36,40,46,53,57,58,64,65,86,99
random_eq,lpm2,1028,2,3,5,12,13,16,17,28,40,48,51,71,73,79,97,100
random_eq,lpm2,1029,1,8,12,15,30,42,43,48,51,55,69,75,79,81,82,100
random_eq,lpm2,1030,5,9,13,18,23,25,30,31,32,35,53,57,63,70,96,97
random_eq,lpm2,1031,1,4,15,24,31,46,49,55,60,61,75,80,83,84,89,95
random_eq,lpm2,1032,3,7,10,24,30,33,39,41,49,57,63,65,82,83,91,94
random_eq,lpm2,1033,1,2,3,6,8,21,24,33,37,39,43,49,73,79,84,97
random_eq,lpm2,1034,2,14,23,26,32,34,36,39,44,45,58,67,73,76,84,91
random_eq,lpm2,1035,6,20,22,24,25,29,35,38,46,53,54,64,78,89,96,99
random_eq,lpm2,1036,4,8,10,11,16,21,27,28,34,54,67,75,81,87,88,95
random_eq,lpm2,1037,4,8,11,13,14,15,18,49,51,53,54,55,58,60,86,88
random_eq,lpm2,1038,6,7,9,15,24,27,28,44,45,51,52,53,80,82,89,90
random_eq,lpm2,1039,1,27,32,33,34,39,41,46,48,57,70,74,76,88,92,100
random_eq,lpm2,1040,8,17,19,24,32,36,37,49,59,66,71,72,77,79,88,94
random_eq,lpm2,1041,3,4,16,20,21,27,28,43,51,64,66,68,70,71,77,88
random_eq,lpm2,1042,3,4,13,14,33,34,38,41,42,62,63,64,67,72,75,93
random_eq,lpm2,1043,10,12,21,22,27,36,46,51,71,73,77,81,82,95,97,98
random_eq,lpm2,1044,3,12,13,15,22,52,55,56,57,71,79,80,82,93,94,95
random_eq,lpm2,1045,17,22,24,27,37,45,46,53,56,79,87,88,89,95,98,99
random_eq,lpm2,1046,7,19,20,23,36,37,44,59,62,66,70,77,80,92,97,98
random_eq,lpm2,1047,2,7,16,21,25,29,46,60,61,63,65,71,77,81,85,90
random_eq,lpm2,1048,2,3,15,22,23,31,47,49,55,60,64,65,78,85,95,98
random_eq,lpm2,1049,5,6,10,12,19,20,21,25,37,52,67,69,76,77,86,90
random_eq,lpm2,1050,5,19,20,24,30,31,32,37,39,51,62,71,84,89,93,97
random_eq,lpm2,1051,19,24,37,40,41,43,49,53,68,71,73,76,78,95,96,97
random_eq,lpm2,1052,4,12,16,19,44,61,68,72,76,83,85,91,92,97,98,99
random_eq,lpm2,1053,5,26,29,31,35,42,43,49,60,74,75,84,87,89,94,100
random_eq,lpm2,1054,6,11,12,28,29,30,40,51,53,56,67,68,71,78,86,88
random_eq,lpm2,1055,1,2,4,10,17,19,20,31,34,40,42,47,54,62,67,76
random_eq,lpm2,1056,1,13,17,25,33,34,45,47,57,59,63,67,92,93,97,99
random_eq,lpm2,1057,1,2,21,37,38,39,43,51,58,60,69,70,74,77,90,97
random_eq,lpm2,1058,3,6,12,14,18,29,48,59,62,65,67,74,77,86,88,91
random_eq,lpm2,1059,2,6,10,21,29,31,36,43,44,49,51,55,60,64,84,98
random_eq,lpm2,1060,2,6,8,11,17,36,41,44,45,53,55,62,81,84,85,96
random_eq,lpm2,1061,2,5,14,16,23,31,32,44,47,59,60,63,68,90,96,98
random_eq,lpm2,1062,1,4,9,17,30,31,34,37,43,51,60,64,68,80,89,100
random_eq,lpm2,1063,10,13,14,15,24,29,44,46,55,58,61,78,83,84,88,96
random_eq,lpm2,1064,7,14,17,24,25,35,39,41,51,57,64,65,68,72,82,89
random_eq,lpm2,1065,1,4,16,25,27,29,31,34,39,42,47,50,52,54,55,72
random_eq,lpm2,1066,3,11,12,13,17,23,26,33,35,53,55,61,62,64,93,95
random_eq,lpm2,1067,7,8,10,19,29,33,37,48,52,57,59,61,62,79,81,95
random_eq,lpm2,1068,1,10,13,22,23,69,70,72,78,79,81,82,96,97,99,100
random_eq,lpm2,1069,1,4,28,35,36,50,54,57,62,74,76,80,85,93,97,100
random_eq,lpm2,1070,5,19,25,33,46,52,55,56,58,61,65,81,84,89,90,98
random_eq,lpm2,1071,20,25,27,28,36,37,41,60,66,69,71,76,79,85,86,97
random_eq,lpm2,1072,4,5,13,33,49,57,62,69,70,82,83,84,86,87,95,96
random_eq,lpm2,1073,1,3,4,7,8,21,34,40,54,63,70,78,82,90,94,95
random_eq,lpm2,1074,6,10,11,19,27,38,39,43,52,54,66,73,74,83,87,90
random_eq,lpm2,1075,12,23,25,29,36,40,48,50,56,66,84,86,87,96,98,100
random_eq,lpm2,1076,2,5,8,10,25,31,43,44,46,59,61,66,68,75,87,96
random_eq,lpm2,1077,2,10,11,15,20,29,37,48,50,60,81,83,87,92,93,94
random_eq,lpm2,1078,3,4,21,22,23,40,42,52,57,61,68,71,78,81,97,100
random_eq,lpm2,1079,1,4,8,17,24,29,40,42,48,57,60,63,73,74,96,100
random_eq,lpm2,1080,14,22,26,29,33,35,38,40,45,46,48,50,62,72,80,93
random_eq,lpm2,1081,2,17,18,19,21,39,43,73,78,81,82,85,90,97,99,100
random_eq,lpm2,1082,19,21,31,42,43,45,56,58,62,63,70,71,78,86,88,98
random_eq,lpm2,1083,10,12,13,16,28,29,34,36,38,44,61,64,69,72,79,99
random_eq,lpm2,1084,5,16,17,26,27,28,33,34,44,54,57,66,80,90,97,98
random_eq,lpm2,1085,3,6,12,18,26,27,28,34,48,49,59,62,74,83,87,89
random_eq,lpm2,1086,5,13,24,26,29,44,46,52,61,71,76,82,84,90,98,99
random_eq,lpm2,1087,2,6,28,30,33,40,41,44,48,67,73,83,85,91,92,99
random_eq,lpm2,1088,2,5,6,12,21,23,27,43,44,56,79,80,83,84,90,92
random_eq,lpm2,1089,2,9,15,16,17,26,53,60,64,68,72,77,81,88,91,100
random_eq,lpm2,1090,4,9,12,18,19,24,43,48,61,70,77,83,85,91,98,100
random_eq,lpm2,1091,4,8,9,34,37,49,50,55,60,63,67,69,73,78,85,89
random_eq,lpm2,1092,1,13,15,19,25,26,30,35,48,55,56,58,60,74,93,94
random_eq,lpm2,1093,29,37,39,41,52,55,58,62,64,66,77,84,85,86,87,96
random_eq,lpm2,1094,2,8,14,15,16,18,28,36,40,47,60,73,79,85,93,95
random_eq,lpm2,1095,10,11,16,20,39,43,49,60,68,75,76,86,87,89,92,99
random_eq,lpm2,1096,15,20,22,25,27,33,41,48,52,56,79,82,84,91,92,93
random_eq,lpm2,1097,5,8,23,28,30,40,45,49,63,66,67,75,79,87,91,95
random_eq,lpm2,1098,2,7,8,11,21,22,30,36,38,42,50,51,54,58,65,98
random_eq,lpm2,1099,2,8,17,19,44,47,54,59,72,73,74,79,81,91,92,96
random_eq,lpm2,1100,42,44,47,55,59,67,69,74,76,78,86,88,90,93,95,99
random_eq,lpm2,1101,3,5,10,15,22,27,29,38,40,47,51,63,68,84,87,93
random_eq,lpm2,1102,1,4,11,13,25,29,38,47,50,54,58,67,70,74,76,85
random_eq,lpm2,1103,1,3,17,36,37,40,51,61,64,66,67,71,77,80,84,96
random_eq,lpm2,1104,4,8,12,15,20,37,48,55,57,60,61,68,69,73,80,98
random_eq,lpm2,1105,1,3,7,19,22,24,35,36,37,47,64,65,70,72,84,85
random_eq,lpm2,1106,4,20,21,33,34,36,43,57,60,61,64,67,70,82,88,95
random_eq,lpm2,1107,5,7,11,19,20,21,22,24,32,45,61,65,66,73,90,98
random_eq,lpm2,1108,16,19,33,39,45,48,51,52,55,57,63,73,83,93,97,100
random_eq,lpm2,1109,3,8,10,18,24,29,36,39,44,46,50,69,72,74,88,94
random_eq,lpm2,1110,2,19,20,24,36,37,45,57,66,75,83,87,93,95,97,98
random_eq,lpm2,1111,2,15,18,31,42,43,44,45,49,56,57,58,85,88,90,92
random_eq,lpm2,1112,1,8,18,19,30,45,52,59,67,72,73,74,75,81,85,91
random_eq,lpm2,1113,13,21,27,37,50,56,67,69,71,77,78,79,83,85,88,100
random_eq,lpm2,1114,7,14,25,28,31,32,35,42,47,50,56,62,65,68,72,82
random_eq,lpm2,1115,3,18,19,20,26,27,29,37,41,43,48,49,76,81,91,94
random_eq,lpm2,1116,16,21,23,33,38,41,43,50,61,63,69,76,79,90,95,98
random_eq,lpm2,1117,11,16,19,21,37,40,41,44,56,66,67,80,83,87,93,94
random_eq,lpm2,1118,4,9,16,19,22,34,36,38,42,44,50,52,57,67,91,92
random_eq,lpm2,1119,6,13,20,23,31,32,45,52,55,67,74,78,79,83,93,94
random_eq,lpm2,1120,5,20,21,27,28,31,36,40,42,46,52,57,75,82,87,97
random_eq,lpm2,1121,7,8,14,22,24,44,53,54,57,60,72,73,74,78,79,86
random_eq,lpm2,1122,10,17,21,27,33,35,37,40,55,57,60,65,76,88,94,100
random_eq,lpm2,1123,6,11,21,32,35,39,49,55,57,62,63,64,68,78,88,96
random_eq,lpm2,1124,3,9,10,12,15,17,33,38,43,72,81,82,86,91,94,97
random_eq,lpm2,1125,5,9,14,33,34,39,43,60,65,66,69,76,77,80,92,95
random_eq,lpm2,1126,4,11,28,30,32,33,34,39,47,63,70,80,82,83,87,96
random_eq,lpm2,1127,2,8,16,20,22,29,30,32,44,50,55,77,78,88,91,93
random_eq,lpm2,1128,14,25,26,28,31,35,37,43,54,64,71,75,85,89,98,100
random_eq,lpm2,1129,8,9,16,20,31,32,36,38,40,41,50,62,65,66,96,97
random_eq,lpm2,1130,2,18,20,22,23,26,40,46,47,49,66,67,77,82,97,99
random_eq,lpm2,1131,3,14,23,29,37,46,48,53,69,71,72,73,77,81,96,100
random_eq,lpm2,1132,5,14,18,22,29,34,46,57,58,62,66,67,68,69,91,95
random_eq,lpm2,1133,9,18,19,21,27,31,40,43,52,55,58,62,64,65,85,96
random_eq,lpm2,1134,13,30,40,45,48,50,55,68,79,82,83,86,88,93,95,100
random_eq,lpm2,1135,7,15,18,21,22,30,35,41,44,46,50,51,76,80,82,95
random_eq,lpm2,1136,2,7,13,24,28,39,41,53,55,70,71,79,83,90,93,95
random_eq,lpm2,1137,3,7,8,24,29,32,35,36,47,52,58,71,73,74,79,95
random_eq,lpm2,1138,4,5,31,40,41,42,44,51,70,75,76,84,87,91,93,99
random_eq,lpm2,1139,4,18,24,28,36,41,47,49,62,63,66,67,88,94,95,97
random_eq,lpm2,1140,17,19,23,29,45,50,63,65,74,76,78,79,86,89,92,98
random_eq,lpm2,1141,9,16,34,38,41,48,50,52,59,63,65,66,68,72,83,96
random_eq,lpm2,1142,14,19,20,23,25,33,39,42,45,49,67,71,74,76,77,89
random_eq,lpm2,1143,9,11,26,30,36,39,42,52,54,56,67,81,88,89,92,100
random_eq,lpm2,1144,2,15,17,18,22,23,24,36,38,42,45,54,56,57,58,61
random_eq,lpm2,1145,2,8,10,13,18,28,34,40,41,44,63,67,78,90,92,93
random_eq,lpm2,1146,11,14,22,48,50,59,61,71,72,76,80,85,91,93,98,100
random_eq,lpm2,1147,2,19,24,25,30,36,42,50,51,53,54,63,65,67,72,76
random_eq,lpm2,1148,11,37,43,53,56,59,67,70,71,78,85,86,88,90,99,100
random_eq,lpm2,1149,9,23,24,30,36,38,50,57,59,65,74,76,79,91,96,97
random_eq,lpm2,1150,5,10,13,19,24,52,54,55,61,62,68,72,75,79,96,97
random_eq,lpm2,1151,4,13,17,18,22,31,34,37,41,50,52,63,66,80,97,98
random_eq,lpm2,1152,4,5,21,44,45,58,68,73,77,81,83,85,86,93,97,99
random_eq,lpm2,1153,11,15,29,44,46,48,50,61,62,64,71,72,74,78,92,96
random_eq,lpm2,1154,7,15,17,19,22,27,29,54,59,77,80,87,88,89,92,100
random_eq,lpm2,1155,1,6,15,37,38,40,46,48,49,54,62,70,76,80,88,91
random_eq,lpm2,1156,6,10,12,28,31,38,39,52,53,63,68,89,90,94,97,99
random_eq,lpm2,1157,6,9,16,25,30,31,36,38,45,46,48,49,63,64,85,96
random_eq,lpm2,1158,3,20,29,39,52,55,57,62,65,76,79,80,81,89,93,94
random_eq,lpm2,1159,3,11,16,18,19,22,26,32,35,36,39,42,51,70,97,100
random_eq,lpm2,1160,7,18,29,34,37,41,46,47,58,64,65,66,70,77,80,81
random_eq,lpm2,1161,6,12,16,17,22,31,33,44,51,55,57,59,66,78,93,97
random_eq,lpm2,1162,1,14,29,38,39,42,47,50,51,54,69,73,76,77,92,95
random_eq,lpm2,1163,8,9,13,14,19,27,36,40,48,58,71,77,79,88,92,96
random_eq,lpm2,1164,1,6,9,17,19,22,29,30,53,54,71,80,82,91,96,98
random_eq,lpm2,1165,1,11,12,14,17,28,34,35,48,55,64,67,90,91,95,100
random_eq,lpm2,1166,1,5,15,27,29,30,34,41,62,64,65,66,72,74,81,98
random_eq,lpm2,1167,11,12,20,26,28,33,35,38,50,51,53,73,76,81,93,97
random_eq,lpm2,1168,2,23,24,30,35,45,69,71,73,77,78,79,83,91,95,99
random_eq,lpm2,1169,2,3,9,14,16,28,35,36,46,53,55,64,79,92,95,100
random_eq,lpm2,1170,2,3,10,14,22,27,40,49,53,56,58,60,71,78,79,82
random_eq,lpm2,1171,2,4,6,14,17,19,34,37,44,53,54,57,68,73,85,87
random_eq,lpm2,1172,8,12,13,22,28,31,34,37,39,44,48,49,51,52,87,95
random_eq,lpm2,1173,8,14,16,26,51,53,54,61,67,69,71,73,78,84,95,98
random_eq,lpm2,1174,3,4,7,35,37,42,47,60,64,70,72,75,78,85,87,94
random_eq,lpm2,1175,4,7,12,13,25,34,49,56,61,63,68,81,84,85,89,100
random_eq,lpm2,1176,1,2,9,12,26,32,42,48,52,63,64,67,80,84,92,95
random_eq,lpm2,1177,1,9,12,14,19,20,32,35,39,64,71,73,74,77,78,97
random_eq,lpm2,1178,5,12,21,23,27,28,33,39,52,66,72,81,83,85,90,96
random_eq,lpm2,1179,9,11,12,25,27,45,47,56,58,65,72,82,83,85,91,93
random_eq,lpm2,1180,4,23,35,39,45,63,66,68,69,70,71,77,78,80,83,90
random_eq,lpm2,1181,1,2,11,15,19,33,47,51,61,62,66,70,72,74,76,79
random_eq,lpm2,1182,1,33,35,46,47,52,56,58,66,71,75,82,88,93,96,99
random_eq,lpm2,1183,2,15,25,35,37,45,47,50,64,69,72,77,79,82,87,90
random_eq,lpm2,1184,11,14,19,20,33,37,41,42,48,59,65,67,73,90,93,97
random_eq,lpm2,1185,2,13,22,28,40,46,47,51,52,54,55,58,68,84,85,87
random_eq,lpm2,1186,2,5,6,9,33,37,39,55,56,60,66,69,81,84,88,99
random_eq,lpm2,1187,2,6,9,17,19,33,35,53,57,62,65,67,70,79,88,92
random_eq,lpm2,1188,1,6,13,25,27,29,30,45,46,55,72,79,85,86,93,96
random_eq,lpm2,1189,1,4,19,34,37,39,45,48,56,57,63,69,73,76,91,94
random_eq,lpm2,1190,18,20,28,40,41,43,55,61,66,70,74,75,77,81,85,94
random_eq,lpm2,1191,2,16,18,31,38,46,54,57,61,70,79,80,83,89,90,100
random_eq,lpm2,1192,4,15,17,23,24,31,33,39,43,55,60,61,65,75,83,89
random_eq,lpm2,1193,4,9,17,31,32,36,40,48,53,58,60,64,67,74,88,99
random_eq,lpm2,1194,1,14,19,21,27,37,54,59,60,65,72,77,80,83,88,97
random_eq,lpm2,1195,2,3,6,8,11,16,24,46,53,54,55,62,75,87,93,98
random_eq,lpm2,1196,3,5,10,12,15,17,29,31,33,43,62,76,81,86,87,100
random_eq,lpm2,1197,7,19,22,25,26,35,36,37,42,49,54,81,94,97,99,100
random_eq,lpm2,1198,7,9,16,23,25,30,35,40,42,46,56,58,65,77,92,99
random_eq,lpm2,1199,5,12,27,29,33,39,47,51,60,63,69,76,80,84,91,95
random_eq,lpm2,1200,2,5,35,39,46,55,58,64,67,70,71,72,80,88,91,99
random_eq,lpm2,1201,3,24,44,48,50,55,61,62,66,68,69,75,83,84,85,98
random_eq,lpm2,1202,4,9,18,39,41,42,46,58,61,69,77,83,85,88,91,99
random_eq,lpm2,1203,18,22,26,32,35,39,44,48,51,53,56,77,92,96,97,99
random_eq,lpm2,1204,2,7,18,23,32,34,45,47,52,53,58,65,72,79,90,92
random_eq,lpm2,1205,1,9,18,21,27,37,39,45,50,51,56,67,77,78,90,95
random_eq,lpm2,1206,1,3,7,14,23,37,42,54,59,62,63,65,84,89,94,97
random_eq,lpm2,1207,3,7,13,20,23,29,31,39,48,54,55,56,73,74,87,90
random_eq,lpm2,1208,23,30,31,45,46,49,58,65,68,74,76,78,81,84,91,94
random_eq,lpm2,1209,4,6,18,34,46,59,60,61,66,67,72,73,74,78,90,97
random_eq,lpm2,1210,7,8,24,33,41,43,47,52,53,58,59,71,80,84,90,100
random_eq,lpm2,1211,21,25,31,33,34,36,50,54,59,69,72,83,86,92,96,97
random_eq,lpm2,1212,6,7,12,14,15,22,28,34,36,37,38,41,48,65,73,85
random_eq,lpm2,1213,24,28,30,37,40,44,47,54,56,67,69,71,72,75,85,88
random_eq,lpm2,1214,1,3,5,11,16,26,38,48,51,52,60,62,66,72,83,96
random_eq,lpm2,1215,1,6,14,16,19,31,34,36,43,54,55,61,73,76,89,96
random_eq,lpm2,1216,6,12,14,20,25,29,32,40,47,74,82,85,86,87,96,99
random_eq,lpm2,1217,2,4,6,7,9,21,25,39,41,53,68,69,83,84,92,97
random_eq,lpm2,1218,5,6,7,8,9,10,11,16,21,33,40,44,46,54,56,99
random_eq,lpm2,1219,2,4,12,13,17,20,22,30,33,39,42,50,61,84,88,92
random_eq,lpm2,1220,4,16,17,18,20,44,45,47,49,54,64,84,88,92,94,97
random_eq,lpm2,1221,6,8,9,13,30,31,33,38,40,52,53,58,60,67,90,92
random_eq,lpm2,1222,8,16,23,25,46,50,59,61,68,70,79,87,89,92,93,100
random_eq,lpm2,1223,4,9,15,21,25,27,28,52,53,60,63,68,71,76,97,99
random_eq,lpm2,1224,22,28,38,43,47,53,65,67,70,72,73,85,86,87,97,99
random_eq,lpm2,1225,7,9,16,18,25,31,36,39,41,49,55,60,66,83,86,100
random_eq,lpm2,1226,10,26,28,29,36,39,45,48,49,55,67,70,72,73,76,82
random_eq,lpm2,1227,12,13,14,16,22,25,39,44,48,57,68,71,77,81,96,97
random_eq,lpm2,1228,6,7,24,26,28,45,47,51,52,53,56,59,61,64,68,71
random_eq,lpm2,1229,8,9,16,26,30,32,36,38,42,48,50,59,62,63,67,70
random_eq,lpm2,1230,5,16,18,19,25,29,45,48,52,53,54,63,65,90,96,98
random_eq,lpm2,1231,2,4,17,21,41,46,55,64,68,75,77,80,87,88,95,99
random_eq,lpm2,1232,3,10,36,55,57,59,61,67,70,71,73,75,83,86,91,100
random_eq,lpm2,1233,4,8,10,16,17,21,23,28,30,34,43,68,72,84,87,97
random_eq,lpm2,1234,17,19,21,26,45,49,53,55,62,78,83,86,87,96,98,100
random_eq,lpm2,1235,8,9,13,17,20,25,30,36,37,44,55,57,94,96,98,99
random_eq,lpm2,1236,1,3,4,20,21,43,62,67,70,75,77,78,82,84,85,94
random_eq,lpm2,1237,5,7,13,15,22,30,33,38,53,54,60,76,77,94,98,100
random_eq,lpm2,1238,1,3,8,12,26,27,29,42,47,52,57,72,82,88,94,96
random_eq,lpm2,1239,12,29,37,41,42,52,57,63,65,68,72,74,90,94,96,98
random_eq,lpm2,1240,12,22,26,36,56,59,66,72,74,77,80,86,92,93,96,99
random_eq,lpm2,1241,1,2,5,17,19,29,34,41,47,58,59,67,76,79,80,88
random_eq,lpm2,1242,1,5,6,15,27,32,34,38,39,41,53,57,66,83,85,97
random_eq,lpm2,1243,1,21,27,41,43,47,51,52,53,72,77,83,84,87,88,92
random_eq,lpm2,1244,2,9,10,14,17,28,35,37,38,43,47,58,60,90,95,98
random_eq,lpm2,1245,1,2,4,7,8,15,18,20,25,32,34,37,50,53,70,97
random_eq,lpm2,1246,16,21,24,25,31,35,39,42,44,54,60,69,79,94,96,97
random_eq,lpm2,1247,8,9,12,19,35,49,50,66,70,73,79,82,87,89,95,100
random_eq,lpm2,1248,12,16,21,38,59,62,66,68,69,75,79,84,86,97,98,100
random_eq,lpm2,1249,6,8,9,14,16,19,21,27,38,40,43,45,62,84,85,87
random_eq,lpm2,1250,13,16,21,25,26,30,45,46,58,64,69,77,78,82,84,98
random_eq,lpm2,1251,2,28,34,39,45,55,56,63,67,78,79,80,82,83,89,100
random_eq,lpm2,1252,1,10,11,14,33,35,39,41,43,50,63,73,75,83,91,92
random_eq,lpm2,1253,5,9,15,24,38,40,43,53,57,58,61,80,83,87,90,95
random_eq,lpm2,1254,1,2,5,27,40,43,50,51,53,54,55,56,67,79,88,95
random_eq,lpm2,1255,2,16,25,31,42,52,55,63,64,67,71,72,81,89,93,99
random_eq,lpm2,1256,3,18,23,28,30,37,43,53,70,72,77,81,91,94,95,97
random_eq,lpm2,1257,4,5,12,16,17,30,35,42,44,47,50,62,68,75,84,96
random_eq,lpm2,1258,16,18,24,25,28,31,42,43,54,61,70,72,76,91,94,98
random_eq,lpm2,1259,1,2,3,12,23,28,29,33,35,39,42,64,69,72,78,82
random_eq,lpm2,1260,1,3,4,15,17,21,37,41,42,56,58,62,83,84,88,96
random_eq,lpm2,1261,4,6,20,23,27,32,37,52,62,64,66,68,84,87,94,99
random_eq,lpm2,1262,4,14,20,21,33,51,53,60,61,62,76,84,87,92,93,98
random_eq,lpm2,1263,1,14,15,21,23,24,31,35,38,46,58,64,71,90,94,96
random_eq,lpm2,1264,2,4,13,29,34,43,46,49,65,68,74,76,83,84,88,100
random_eq,lpm2,1265,2,4,23,42,43,47,49,57,60,62,70,71,81,85,95,100
random_eq,lpm2,1266,7,8,21,22,34,39,45,53,55,57,67,68,69,72,87,88
random_eq,lpm2,1267,1,7,21,27,36,42,45,46,48,52,56,57,59,62,94,95
random_eq,lpm2,1268,3,8,10,14,24,26,39,43,44,47,50,58,61,62,78,82
random_eq,lpm2,1269,9,11,27,30,33,37,40,53,54,67,70,72,85,88,93,99
random_eq,lpm2,1270,9,15,33,46,50,53,59,62,63,65,69,70,71,72,89,92
random_eq,lpm2,1271,14,17,23,24,26,28,35,36,37,43,44,54,64,75,77,89
random_eq,lpm2,1272,3,9,18,19,21,23,24,44,57,59,61,62,70,74,93,98
random_eq,lpm2,1273,11,14,22,23,35,40,47,49,53,65,66,92,94,95,96,99
random_eq,lpm2,1274,5,8,12,14,16,63,73,75,79,84,91,92,93,98,99,100
random_eq,lpm2,1275,5,17,22,36,39,43,53,60,77,81,84,87,93,94,97,100
random_eq,lpm2,1276,6,14,16,21,30,34,41,51,55,59,66,69,72,75,79,99
random_eq,lpm2,1277,2,6,7,18,22,37,39,48,51,60,66,69,70,77,81,83
random_eq,lpm2,1278,9,31,50,52,55,57,61,66,68,69,72,80,83,89,96,98
random_eq,lpm2,1279,2,14,22,39,44,46,55,57,67,71,72,76,77,78,88,89
random_eq,lpm2,1280,1,8,9,26,31,52,53,55,58,60,66,69,73,81,84,86
random_eq,lpm2,1281,4,21,22,27,33,39,42,45,55,56,64,73,84,93,94,100
random_eq,lpm2,1282,7,8,12,14,18,19,31,35,58,59,62,74,78,85,89,94
random_eq,lpm2,1283,2,11,14,20,21,28,33,40,50,69,71,73,76,80,90,95
random_eq,lpm2,1284,9,15,20,44,45,46,51,52,55,56,61,62,66,77,87,91
random_eq,lpm2,1285,1,3,5,12,20,33,49,53,56,59,61,80,82,84,88,90
random_eq,lpm2,1286,3,8,9,10,15,17,20,48,54,55,79,86,90,91,98,100
random_eq,lpm2,1287,1,16,22,26,30,32,47,50,67,70,71,79,80,86,88,95
random_eq,lpm2,1288,17,18,24,35,40,45,46,47,68,72,75,84,85,88,92,100
random_eq,lpm2,1289,3,5,8,9,14,23,26,28,45,47,53,55,58,67,69,71
random_eq,lpm2,1290,4,21,37,43,44,50,51,64,65,66,69,70,78,84,94,98
random_eq,lpm2,1291,1,2,4,14,20,31,32,41,51,64,66,67,73,78,85,96
random_eq,lpm2,1292,2,16,18,20,23,40,43,44,46,53,55,76,79,81,85,97
random_eq,lpm2,1293,10,22,27,28,30,36,44,46,55,66,69,73,79,82,95,98
random_eq,lpm2,1294,1,17,20,22,25,36,56,57,60,67,74,81,84,85,92,94
random_eq,lpm2,1295,27,31,32,39,60,71,73,76,80,82,89,92,95,96,97,99
random_eq,lpm2,1296,7,19,21,26,38,45,56,58,61,62,66,68,74,81,86,97
random_eq,lpm2,1297,1,2,7,19,30,32,35,36,39,51,52,55,58,75,80,92
random_eq,lpm2,1298,4,10,14,19,33,35,42,43,54,58,67,76,81,83,95,97
random_eq,lpm2,1299,1,3,5,10,15,21,23,46,52,57,69,72,76,82,86,92
random_eq,lpm2,1300,7,18,19,22,23,29,35,36,52,58,65,69,77,80,82,91
random_eq,lpm2,1301,5,9,24,28,38,40,44,46,48,49,51,61,67,84,85,95
random_eq,lpm2,1302,8,10,20,26,35,37,47,50,52,54,57,81,88,93,96,100
random_eq,lpm2,1303,3,11,16,21,22,29,30,32,41,42,59,67,68,72,73,81
random_eq,lpm2,1304,9,11,18,20,21,28,34,36,37,43,66,70,80,83,96,98
random_eq,lpm2,1305,12,21,28,30,33,42,44,52,59,64,73,74,84,92,94,95
random_eq,lpm2,1306,6,15,21,22,32,38,40,50,60,70,73,74,78,85,87,94
random_eq,lpm2,1307,2,4,12,13,15,22,31,37,41,48,49,51,71,81,83,100
random_eq,lpm2,1308,2,3,11,26,38,48,49,57,66,71,76,78,85,88,95,96
random_eq,lpm2,1309,6,8,11,15,25,32,35,36,40,46,49,55,82,87,89,90
random_eq,lpm2,1310,12,16,18,19,25,31,35,47,52,55,64,69,72,85,96,98
random_eq,lpm2,1311,4,5,10,16,31,41,47,50,52,56,72,73,83,87,94,96
random_eq,lpm2,1312,3,15,20,21,27,36,40,46,51,66,69,76,77,80,87,97
random_eq,lpm2,1313,1,18,20,21,26,27,39,42,45,57,69,76,82,90,94,96
random_eq,lpm2,1314,11,13,24,26,27,32,37,44,46,49,56,63,67,73,78,90
random_eq,lpm2,1315,7,11,12,18,22,26,34,40,46,49,58,70,73,78,80,82
random_eq,lpm2,1316,4,21,30,34,41,48,60,67,69,72,76,77,80,81,87,90
random_eq,lpm2,1317,3,10,11,14,19,21,24,32,37,47,51,58,61,65,67,90
random_eq,lpm2,1318,11,13,14,17,18,45,48,59,65,67,74,75,85,88,98,100
random_eq,lpm2,1319,6,7,13,15,29,36,37,38,46,49,59,72,80,88,90,99
random_eq,lpm2,1320,7,11,12,16,17,20,33,39,42,57,61,64,81,88,89,97
random_eq,lpm2,1321,7,10,12,14,15,21,22,24,26,36,55,61,69,88,99,100
random_eq,lpm2,1322,2,7,9,10,19,20,25,26,29,34,37,46,48,57,65,70
random_eq,lpm2,1323,12,17,21,25,34,44,53,63,75,78,79,82,84,86,92,93
random_eq,lpm2,1324,6,11,12,18,20,45,56,59,66,67,68,73,75,82,86,97
random_eq,lpm2,1325,1,34,37,38,42,48,56,59,60,64,67,72,73,79,84,93
random_eq,lpm2,1326,18,21,23,27,39,50,52,54,62,66,72,83,92,93,95,99
random_eq,lpm2,1327,14,32,36,43,45,51,61,75,77,80,81,82,89,95,99,100
random_eq,lpm2,1328,21,23,25,26,27,35,36,38,43,49,60,64,72,95,96,99
random_eq,lpm2,1329,6,10,12,14,26,28,33,35,37,39,57,83,88,90,91,97
random_eq,lpm2,1330,3,15,29,38,41,42,52,53,63,64,68,72,73,87,92,93
random_eq,lpm2,1331,7,19,29,34,41,54,56,58,59,78,79,80,85,87,89,90
random_eq,lpm2,1332,6,11,12,15,25,28,29,30,33,43,47,53,65,82,90,96
random_eq,lpm2,1333,3,4,5,12,13,21,29,44,61,67,68,69,72,76,80,81
random_eq,lpm2,1334,2,3,17,33,40,41,48,51,53,57,59,65,75,80,83,96
random_eq,lpm2,1335,2,14,22,23,26,28,32,33,40,41,55,63,64,72,77,89
random_eq,lpm2,1336,10,12,17,21,30,33,37,39,46,51,56,63,79,86,90,100
random_eq,lpm2,1337,1,6,11,18,27,36,54,57,59,61,66,69,70,75,80,88
random_eq,lpm2,1338,4,16,22,25,40,47,51,52,54,57,58,61,64,68,95,96
random_eq,lpm2,1339,7,9,11,17,26,36,39,46,47,63,66,83,84,85,86,100
random_eq,lpm2,1340,1,5,7,13,14,35,39,40,48,50,64,79,80,88,93,100
random_eq,lpm2,1341,9,11,16,18,24,25,36,40,49,50,53,54,65,83,86,100
random_eq,lpm2,1342,3,5,27,31,32,38,39,52,65,72,74,75,76,80,89,94
random_eq,lpm2,1343,2,4,7,13,15,20,22,45,48,55,65,68,73,76,81,93
random_eq,lpm2,1344,3,5,7,11,17,30,47,55,58,62,65,76,84,91,94,98
random_eq,lpm2,1345,4,11,15,21,22,46,49,64,72,73,74,78,87,92,94,99
random_eq,lpm2,1346,1,3,5,18,20,22,26,27,39,43,49,53,57,66,94,97
random_eq,lpm2,1347,13,18,19,25,45,49,51,59,64,77,85,86,87,89,92,100
random_eq,lpm2,1348,7,10,27,35,50,51,52,54,58,64,68,74,77,87,89,90
random_eq,lpm2,1349,5,18,21,34,40,49,54,56,60,62,65,77,81,84,88,93
random_eq,lpm2,1350,14,17,18,20,25,28,29,40,42,54,60,76,78,79,86,91
random_eq,lpm2,1351,11,16,21,24,42,44,46,49,50,62,64,72,84,86,87,98
random_eq,lpm2,1352,6,8,11,21,22,23,38,39,43,49,60,61,66,68,87,99
random_eq,lpm2,1353,4,9,19,34,48,63,67,69,84,85,87,90,91,92,93,97
random_eq,lpm2,1354,14,17,23,31,33,35,46,47,53,54,59,71,72,73,82,97
random_eq,lpm2,1355,15,16,19,22,23,30,44,54,57,86,87,91,93,95,97,98
random_eq,lpm2,1356,7,16,23,30,33,44,50,53,54,57,63,76,81,87,97,98
random_eq,lpm2,1357,3,7,24,30,36,37,38,48,54,56,59,62,65,72,77,85
random_eq,lpm2,1358,25,28,30,31,38,56,60,63,65,66,78,83,84,89,94,95
random_eq,lpm2,1359,3,16,32,35,38,39,60,72,73,75,76,80,89,91,98,100
random_eq,lpm2,1360,18,22,25,38,43,46,47,49,51,58,64,77,81,84,91,98
random_eq,lpm2,1361,4,11,13,17,20,25,36,37,45,53,55,59,61,75,94,96
random_eq,lpm2,1362,3,10,44,54,57,61,63,68,69,72,73,76,78,82,96,97
random_eq,lpm2,1363,2,3,10,13,23,36,41,43,49,59,65,70,83,84,92,100
random_eq,lpm2,1364,2,7,21,29,35,37,43,48,60,70,72,79,80,87,88,99
random_eq,lpm2,1365,5,7,9,15,16,18,32,34,45,47,52,61,79,83,88,95
random_eq,lpm2,1366,2,18,19,20,26,36,38,48,51,52,57,60,75,80,85,98
random_eq,lpm2,1367,17,18,19,20,25,31,46,48,56,59,66,71,90,92,94,98
random_eq,lpm2,1368,3,4,16,23,28,31,32,40,48,52,56,61,63,66,68,75
random_eq,lpm2,1369,5,23,26,28,32,33,39,41,42,49,53,56,62,63,97,100
random_eq,lpm2,1370,12,13,14,27,29,34,38,40,41,44,53,73,77,78,96,99
random_eq,lpm2,1371,3,7,10,11,14,20,21,25,37,38,39,51,54,60,76,95
random_eq,lpm2,1372,2,4,10,14,23,31,38,41,44,48,58,64,67,75,77,91
random_eq,lpm2,1373,4,11,15,16,17,22,25,38,42,43,51,54,56,78,99,100
random_eq,lpm2,1374,2,9,11,14,26,28,33,40,41,42,47,49,63,73,82,83
random_eq,lpm2,1375,13,20,25,27,31,40,43,48,51,52,53,55,56,69,71,99
random_eq,lpm2,1376,2,5,6,7,11,16,19,29,60,70,71,73,84,90,91,92
random_eq,lpm2,1377,1,7,22,29,39,46,48,53,60,71,77,80,81,86,94,95
random_eq,lpm2,1378,3,5,15,21,26,27,29,35,63,66,69,76,77,85,87,90
random_eq,lpm2,1379,8,27,28,31,36,37,39,46,49,54,63,71,73,81,85,91
random_eq,lpm2,1380,12,18,20,22,25,30,31,32,36,37,47,67,70,81,84,90
random_eq,lpm2,1381,3,6,7,9,25,27,34,36,38,54,65,66,75,77,79,89
random_eq,lpm2,1382,2,4,17,18,20,36,39,41,50,51,56,62,80,89,95,96
random_eq,lpm2,1383,10,15,24,30,32,37,38,45,49,63,71,77,78,89,90,98
random_eq,lpm2,1384,6,28,30,35,37,41,42,43,48,51,58,59,64,69,71,75
random_eq,lpm2,1385,11,12,28,30,35,47,49,53,56,58,65,67,80,90,92,94
random_eq,lpm2,1386,7,10,18,22,39,41,46,48,50,51,52,72,76,79,86,91
random_eq,lpm2,1387,13,19,22,35,46,49,52,58,68,73,77,85,87,92,94,98
random_eq,lpm2,1388,7,10,33,36,37,39,41,49,59,63,73,75,86,89,95,97
random_eq,lpm2,1389,11,19,26,29,30,54,58,67,68,73,75,80,91,92,93,98
random_eq,lpm2,1390,3,10,14,18,27,42,44,46,55,69,76,82,89,90,96,100
random_eq,lpm2,1391,5,14,20,21,34,36,39,46,47,55,56,76,77,84,87,88
random_eq,lpm2,1392,4,10,27,28,34,39,41,47,64,66,69,72,78,88,90,95
random_eq,lpm2,1393,9,17,20,26,40,41,50,51,53,64,67,70,71,78,82,93
random_eq,lpm2,1394,5,9,10,25,26,33,34,49,60,70,84,87,91,94,98,100
random_eq,lpm2,1395,2,4,7,11,14,17,19,22,36,37,51,58,65,71,88,89
random_eq,lpm2,1396,4,5,6,7,16,21,28,31,42,54,68,70,76,86,87,88
random_eq,lpm2,1397,1,5,11,14,16,23,26,47,53,54,60,64,75,81,96,100
random_eq,lpm2,1398,2,6,8,29,36,37,41,48,57,59,60,65,67,69,73,74
random_eq,lpm2,1399,6,9,13,15,23,36,52,54,64,72,79,82,86,92,96,99
random_eq,lpm2,1400,4,17,23,24,29,30,46,54,55,57,58,76,78,82,89,98
random_eq,lpm2,1401,5,8,15,23,25,30,40,49,50,65,68,72,75,91,92,97
random_eq,lpm2,1402,2,21,26,29,33,34,40,41,43,50,55,56,66,88,93,95
random_eq,lpm2,1403,13,19,30,33,36,44,48,54,58,62,64,73,77,79,94,96
random_eq,lpm2,1404,6,10,11,13,14,18,24,28,40,45,49,65,67,76,90,94
random_eq,lpm2,1405,5,7,10,20,30,33,36,39,45,49,57,71,88,89,90,94
random_eq,lpm2,1406,1,6,8,16,31,41,43,48,50,53,62,66,69,75,81,98
random_eq,lpm2,1407,5,7,10,15,22,23,24,26,36,40,49,58,69,71,86,99
random_eq,lpm2,1408,1,5,9,21,32,33,34,40,41,50,57,76,79,85,95,97
random_eq,lpm2,1409,7,9,13,19,22,32,40,41,48,70,77,78,81,87,92,100
random_eq,lpm2,1410,2,17,23,30,33,43,54,58,62,74,75,77,79,81,87,89
random_eq,lpm2,1411,1,2,4,11,16,36,50,51,54,55,56,58,66,67,76,89
random_eq,lpm2,1412,2,3,5,12,16,20,21,22,38,40,43,51,52,65,77,83
random_eq,lpm2,1413,3,20,30,33,34,49,53,54,57,62,66,67,71,79,82,83
random_eq,lpm2,1414,7,9,17,19,20,21,42,78,79,83,86,87,88,92,98,99
random_eq,lpm2,1415,2,10,19,22,34,39,44,45,46,58,62,68,84,91,92,93
random_eq,lpm2,1416,21,25,26,37,40,46,52,63,64,67,68,77,78,85,94,99
random_eq,lpm2,1417,17,19,20,22,24,41,42,52,56,67,71,78,81,85,91,99
random_eq,lpm2,1418,10,23,33,43,52,55,57,59,60,66,71,72,83,86,90,98
random_eq,lpm2,1419,6,7,12,18,25,36,40,41,47,50,52,76,82,84,91,94
random_eq,lpm2,1420,3,6,9,11,12,14,24,27,38,43,59,62,74,78,83,85
random_eq,lpm2,1421,6,31,33,45,48,50,51,52,53,64,67,68,81,82,83,86
random_eq,lpm2,1422,7,12,16,25,28,29,31,47,49,51,58,70,81,87,90,92
random_eq,lpm2,1423,2,9,10,12,14,22,34,39,43,59,62,63,68,71,84,95
random_eq,lpm2,1424,3,11,19,27,36,39,44,52,53,56,58,66,75,85,92,98
random_eq,lpm2,1425,6,10,12,13,15,16,26,28,35,43,52,55,62,65,75,94
random_eq,lpm2,1426,20,21,25,29,39,44,49,53,55,60,61,67,83,84,91,92
random_eq,lpm2,1427,12,15,36,37,43,51,56,58,61,71,75,76,79,88,91,99
random_eq,lpm2,1428,7,13,15,35,49,53,72,73,74,76,79,81,87,88,97,99
random_eq,lpm2,1429,3,14,15,31,51,55,59,69,72,74,80,84,91,92,94,97
random_eq,lpm2,1430,2,21,28,31,38,40,46,52,65,68,72,76,82,83,85,96
random_eq,lpm2,1431,1,2,13,19,22,32,36,39,56,57,58,74,88,92,93,96
random_eq,lpm2,1432,2,11,13,17,20,22,28,32,40,46,71,74,78,80,87,97
random_eq,lpm2,1433,1,4,15,17,22,28,31,35,38,41,53,56,72,73,91,93
random_eq,lpm2,1434,5,8,10,19,26,30,38,44,46,52,57,62,72,81,91,94
random_eq,lpm2,1435,17,32,37,38,39,45,48,57,63,65,74,83,85,86,94,100
random_eq,lpm2,1436,9,21,35,37,52,60,61,63,71,73,79,80,83,84,96,100
random_eq,lpm2,1437,4,7,9,15,22,26,37,45,50,61,66,70,77,85,89,100
random_eq,lpm2,1438,3,11,13,22,33,37,40,41,43,49,62,63,70,85,86,94
random_eq,lpm2,1439,1,14,15,22,23,36,41,49,50,53,58,64,79,92,94,98
random_eq,lpm2,1440,1,6,21,31,32,61,65,70,74,75,78,83,85,96,98,99
random_eq,lpm2,1441,3,5,15,22,23,24,26,39,41,53,58,69,71,90,94,97
random_eq,lpm2,1442,2,26,30,33,41,46,57,66,67,70,81,82,88,89,90,100
random_eq,lpm2,1443,2,28,32,48,53,55,61,64,67,68,72,73,75,77,81,87
random_eq,lpm2,1444,6,10,23,26,35,36,40,41,47,50,52,63,79,90,92,93
random_eq,lpm2,1445,2,3,5,17,24,33,40,54,62,63,64,66,70,74,77,87
random_eq,lpm2,1446,9,10,11,14,27,28,33,35,37,41,44,49,60,83,91,100
random_eq,lpm2,1447,1,12,16,30,31,33,34,39,42,48,50,64,69,88,90,95
random_eq,lpm2,1448,25,44,46,48,50,52,53,57,58,61,76,81,87,91,92,94
random_eq,lpm2,1449,6,12,15,17,18,29,36,57,59,62,74,76,85,89,96,98
random_eq,lpm2,1450,1,8,17,23,29,37,39,60,61,71,72,73,74,81,89,96
random_eq,lpm2,1451,19,29,30,34,52,60,62,71,72,73,77,82,85,91,92,98
random_eq,lpm2,1452,1,5,24,29,30,39,41,48,49,50,53,60,71,83,88,100
random_eq,lpm2,1453,2,23,28,38,41,48,58,65,67,70,77,78,82,83,95,97
random_eq,lpm2,1454,10,22,24,32,33,44,45,56,71,73,82,86,89,93,94,100
random_eq,lpm2,1455,2,10,16,19,25,45,48,49,75,76,77,78,81,87,95,96
random_eq,lpm2,1456,15,22,26,28,30,36,46,55,63,64,66,69,81,87,88,94
random_eq,lpm2,1457,2,13,14,16,18,24,28,39,54,57,58,73,76,78,93,95
random_eq,lpm2,1458,1,3,5,9,15,40,46,47,62,66,70,71,72,74,76,79
random_eq,lpm2,1459,2,13,17,25,39,44,48,54,57,58,64,71,79,82,93,96
random_eq,lpm2,1460,1,5,12,13,17,22,24,26,30,38,57,77,89,94,96,100
random_eq,lpm2,1461,3,9,24,32,35,52,61,62,67,68,74,76,77,81,91,95
random_eq,lpm2,1462,2,4,8,11,18,24,29,53,54,60,65,70,72,80,91,98
random_eq,lpm2,1463,5,9,20,24,25,44,45,47,50,55,69,79,86,96,97,98
random_eq,lpm2,1464,3,8,9,13,20,26,28,32,33,34,38,47,52,61,74,98
random_eq,lpm2,1465,4,13,17,18,20,22,40,50,51,54,76,78,84,85,86,92
random_eq,lpm2,1466,17,23,30,33,34,43,48,53,56,57,65,73,92,95,98,99
random_eq,lpm2,1467,8,14,19,22,24,32,40,41,49,63,77,78,82,87,89,95
random_eq,lpm2,1468,5,8,9,11,26,32,34,42,43,47,52,60,67,71,72,85
random_eq,lpm2,1469,4,8,11,12,23,40,47,61,67,70,78,82,83,94,95,99
random_eq,lpm2,1470,1,5,8,21,24,25,30,40,43,45,50,51,55,57,58,69
random_eq,lpm2,1471,3,9,17,21,28,33,43,61,63,76,79,81,82,87,88,98
random_eq,lpm2,1472,8,10,11,23,26,28,29,36,37,42,45,49,58,63,86,91
random_eq,lpm2,1473,3,8,10,18,34,36,39,54,58,66,69,70,75,82,96,98
random_eq,lpm2,1474,1,3,7,10,12,30,35,64,66,70,78,79,87,88,92,95
random_eq,lpm2,1475,17,22,32,33,50,53,57,63,65,66,67,81,89,94,97,100
random_eq,lpm2,1476,1,9,10,12,15,21,23,49,50,56,58,71,77,86,89,92
random_eq,lpm2,1477,1,2,21,34,41,46,56,71,72,83,84,85,88,96,97,98
random_eq,lpm2,1478,5,8,12,15,16,19,21,27,31,35,39,43,63,68,70,88
random_eq,lpm2,1479,20,29,36,37,38,40,41,46,49,60,63,64,73,74,77,89
random_eq,lpm2,1480,5,20,21,31,33,38,40,43,60,61,65,69,76,80,88,94
random_eq,lpm2,1481,6,15,21,22,25,27,33,42,45,46,48,52,55,63,79,94
random_eq,lpm2,1482,2,3,7,15,20,30,35,53,54,55,62,70,78,79,85,89
random_eq,lpm2,1483,6,8,11,13,16,22,23,26,27,36,39,50,54,67,94,97
random_eq,lpm2,1484,14,21,27,29,43,51,57,58,60,67,74,79,80,87,88,92
random_eq,lpm2,1485,2,5,11,13,18,24,27,47,50,52,54,59,68,76,90,95
random_eq,lpm2,1486,1,6,13,14,16,22,26,34,40,48,50,54,73,83,93,96
random_eq,lpm2,1487,4,12,16,18,21,22,28,29,52,65,69,72,86,88,92,99
random_eq,lpm2,1488,12,17,28,30,35,43,47,55,63,67,73,74,76,79,90,92
random_eq,lpm2,1489,11,15,16,17,18,19,26,27,30,37,41,48,63,64,73,78
random_eq,lpm2,1490,2,23,31,39,41,42,60,63,69,73,74,78,87,95,96,97
random_eq,lpm2,1491,15,20,22,29,45,46,50,51,52,53,76,77,78,81,82,91
random_eq,lpm2,1492,1,2,13,14,26,39,54,60,63,69,75,82,83,84,85,92
random_eq,lpm2,1493,1,31,39,41,48,49,62,74,76,81,86,88,92,93,94,99
random_eq,lpm2,1494,8,9,19,30,34,37,42,43,45,67,71,74,79,80,84,95
random_eq,lpm2,1495,3,8,12,15,19,24,25,26,36,44,48,49,59,80,87,94
random_eq,lpm2,1496,2,5,6,28,39,41,43,47,49,51,55,71,73,74,79,97
random_eq,lpm2,1497,12,13,22,23,26,27,29,31,36,44,69,74,81,90,96,98
random_eq,lpm2,1498,4,5,7,15,19,35,41,61,66,69,72,76,85,87,88,92
random_eq,lpm2,1499,6,27,33,39,43,51,52,56,74,79,83,84,85,91,92,99
random_eq,lpm2,1500,2,7,8,23,28,30,35,36,41,46,65,72,74,79,81,89
random_eq,lpm2,1501,3,6,17,24,30,31,35,37,39,42,43,48,56,62,65,91
random_eq,lpm2,1502,3,13,24,26,31,39,45,47,51,64,70,72,73,82,90,93
random_eq,lpm2,1503,12,13,14,19,21,34,41,57,58,59,65,68,75,80,82,86
random_eq,lpm2,1504,2,14,18,20,21,22,23,24,26,47,50,67,69,76,77,81
random_eq,lpm2,1505,1,9,20,22,38,40,43,50,54,69,74,79,80,82,86,91
random_eq,lpm2,1506,2,7,14,17,19,33,34,42,54,56,62,63,74,84,91,98
random_eq,lpm2,1507,3,15,24,27,30,43,44,47,53,58,62,64,69,79,85,92
random_eq,lpm2,1508,8,17,20,28,29,36,37,41,43,44,47,51,66,86,98,99
random_eq,lpm2,1509,1,2,22,39,43,45,47,54,58,66,70,74,76,77,88,98
random_eq,lpm2,1510,6,18,25,26,29,35,40,43,50,54,70,78,85,90,92,93
random_eq,lpm2,1511,3,9,10,24,25,32,43,49,55,65,68,72,86,87,97,98
random_eq,lpm2,1512,4,18,22,23,31,34,41,50,52,53,55,58,62,64,86,89
random_eq,lpm2,1513,1,5,7,11,29,35,46,51,53,64,70,71,73,77,89,95
random_eq,lpm2,1514,2,5,18,21,22,28,30,35,60,63,68,70,79,88,92,96
random_eq,lpm2,1515,12,13,26,30,48,49,55,57,63,67,76,77,82,85,90,95
random_eq,lpm2,1516,3,15,16,17,22,24,37,41,44,77,78,79,86,89,97,98
random_eq,lpm2,1517,21,27,32,35,39,45,47,50,52,56,62,65,72,80,82,94
random_eq,lpm2,1518,10,11,18,23,29,30,32,40,48,50,52,76,82,86,92,95
random_eq,lpm2,1519,22,24,31,32,45,51,53,55,58,61,65,66,70,78,84,93
random_eq,lpm2,1520,3,7,9,22,28,30,53,55,59,65,68,72,76,86,91,99
random_eq,lpm2,1521,1,5,17,23,28,29,35,38,40,42,56,72,77,87,89,96
random_eq,lpm2,1522,6,18,36,37,38,40,41,46,57,61,66,69,71,73,83,97
random_eq,lpm2,1523,12,14,22,31,37,47,50,51,65,68,71,80,86,93,95,97
random_eq,lpm2,1524,11,13,18,21,23,29,39,40,49,50,54,62,74,76,79,100
random_eq,lpm2,1525,8,21,23,33,35,38,42,43,52,69,72,74,84,85,90,98
random_eq,lpm2,1526,11,18,20,21,30,35,43,45,47,62,64,79,80,81,82,88
random_eq,lpm2,1527,4,13,19,23,32,34,41,52,56,67,68,72,74,75,78,92
random_eq,lpm2,1528,13,15,18,37,49,50,54,59,61,62,63,71,78,81,85,97
random_eq,lpm2,1529,6,7,9,14,16,18,19,38,48,57,59,60,86,88,90,91
random_eq,lpm2,1530,1,3,12,21,24,30,32,38,40,51,58,66,75,90,95,96
random_eq,lpm2,1531,2,7,8,10,11,12,17,19,35,36,51,53,75,87,92,95
random_eq,lpm2,1532,13,15,20,27,28,34,36,37,38,42,43,44,45,70,75,76
random_eq,lpm2,1533,8,10,21,33,46,50,52,58,61,62,65,81,82,88,95,96
random_eq,lpm2,1534,8,19,21,30,31,32,38,61,66,68,72,73,82,87,90,93
random_eq,lpm2,1535,9,11,19,33,35,48,54,59,62,64,65,70,80,91,93,100
random_eq,lpm2,1536,5,16,43,47,50,55,60,66,70,72,73,79,84,86,94,98
random_eq,lpm2,1537,12,21,23,28,31,32,35,36,38,44,63,64,66,70,73,75
random_eq,lpm2,1538,5,8,10,15,27,32,38,42,47,49,51,54,59,62,72,95
random_eq,lpm2,1539,28,29,30,31,41,42,43,44,55,59,64,68,69,82,86,90
random_eq,lpm2,1540,1,4,13,23,28,30,35,36,38,41,63,69,72,83,85,96
random_eq,lpm2,1541,12,13,26,35,38,39,44,47,52,57,82,88,94,95,96,97
random_eq,lpm2,1542,1,13,25,37,38,46,52,54,59,61,67,72,77,90,95,99
random_eq,lpm2,1543,3,4,7,22,34,42,52,55,64,69,84,85,87,89,94,100
random_eq,lpm2,1544,7,14,20,24,39,44,46,55,64,66,69,73,78,79,85,89
random_eq,lpm2,1545,8,14,37,38,39,45,51,58,65,66,67,69,78,84,85,90
random_eq,lpm2,1546,7,9,18,37,41,44,49,56,60,63,66,74,76,79,90,98
random_eq,lpm2,1547,3,5,8,18,30,39,42,52,55,60,62,75,80,84,96,100
random_eq,lpm2,1548,12,20,26,30,36,42,46,47,51,59,67,70,73,77,82,99
random_eq,lpm2,1549,11,13,19,20,30,41,44,47,76,86,87,88,92,93,97,98
random_eq,lpm2,1550,10,20,26,30,35,42,44,46,57,67,68,69,75,90,91,100
random_eq,lpm2,1551,7,17,23,24,26,28,32,61,64,71,73,78,81,82,91,100
random_eq,lpm2,1552,2,10,12,16,23,28,31,38,43,68,69,70,72,79,83,87
random_eq,lpm2,1553,3,7,17,18,36,37,38,40,42,60,72,75,77,83,89,94
random_eq,lpm2,1554,1,8,11,14,15,24,32,47,50,71,74,85,86,88,93,100
random_eq,lpm2,1555,3,6,8,9,11,15,24,42,43,52,59,62,82,86,87,89
random_eq,lpm2,1556,3,10,20,22,25,30,38,42,49,57,59,60,67,68,78,86
random_eq,lpm2,1557,6,13,15,21,27,44,50,52,55,59,64,68,85,88,90,96
random_eq,lpm2,1558,11,29,37,44,46,61,68,69,70,76,80,89,90,94,95,96
random_eq,lpm2,1559,2,17,21,31,33,34,38,39,42,60,64,70,79,87,88,100
random_eq,lpm2,1560,3,16,19,32,33,43,44,48,51,53,64,72,79,92,94,98
random_eq,lpm2,1561,8,9,11,13,15,25,43,52,60,63,68,81,85,87,92,94
random_eq,lpm2,1562,3,4,11,17,30,38,43,60,65,72,73,74,78,83,85,92
random_eq,lpm2,1563,17,25,27,36,38,39,45,68,75,77,85,89,94,96,97,100
random_eq,lpm2,1564,3,4,17,19,20,22,31,36,39,41,42,55,64,82,86,88
random_eq,lpm2,1565,10,12,19,22,24,30,40,44,51,58,62,67,76,78,79,89
random_eq,lpm2,1566,3,12,15,16,18,25,26,27,51,52,58,64,66,84,89,90
random_eq,lpm2,1567,5,6,8,14,20,41,51,59,61,62,67,77,80,82,84,99
random_eq,lpm2,1568,7,23,24,28,33,41,47,53,56,61,63,69,74,76,79,87
random_eq,lpm2,1569,1,2,9,19,20,22,23,36,37,54,55,70,77,81,89,93
random_eq,lpm2,1570,3,5,14,20,22,25,32,33,40,41,51,53,77,86,87,100
random_eq,lpm2,1571,3,6,11,30,35,39,43,47,60,62,69,81,85,87,88,97
random_eq,lpm2,1572,4,5,6,15,27,29,36,38,49,50,58,69,73,74,76,98
random_eq,lpm2,1573,2,7,16,33,46,47,53,56,60,63,69,79,81,83,90,95
random_eq,lpm2,1574,3,13,21,23,29,34,45,49,58,61,62,68,71,92,95,98
random_eq,lpm2,1575,8,13,27,30,32,35,49,50,53,57,58,59,67,68,73,92
random_eq,lpm2,1576,6,11,12,16,27,28,29,32,42,47,65,68,71,73,76,94
random_eq,lpm2,1577,7,8,11,13,17,23,26,41,42,44,60,74,81,90,92,94
random_eq,lpm2,1578,14,15,27,28,36,37,40,42,45,58,65,71,73,85,89,97
random_eq,lpm2,1579,4,11,12,13,22,24,56,59,62,71,74,78,86,93,95,96
random_eq,lpm2,1580,2,10,20,28,34,38,41,45,48,49,66,67,68,73,79,97
random_eq,lpm2,1581,15,22,29,38,46,48,50,57,58,66,68,69,73,81,85,92
random_eq,lpm2,1582,3,6,10,14,21,22,24,33,47,49,54,65,77,86,97,98
random_eq,lpm2,1583,1,4,5,14,22,28,29,31,33,34,35,39,46,60,66,85
random_eq,lpm2,1584,4,22,28,33,34,41,44,47,61,66,69,82,84,85,95,97
random_eq,lpm2,1585,5,14,39,41,47,50,60,62,66,71,72,74,77,86,94,97
random_eq,lpm2,1586,6,11,33,37,38,39,49,51,60,66,69,76,86,89,90,99
random_eq,lpm2,1587,5,8,10,11,13,27,32,34,41,49,51,63,71,90,96,98
random_eq,lpm2,1588,4,5,8,13,14,31,35,48,53,60,62,65,67,94,97,100
random_eq,lpm2,1589,9,13,17,20,24,25,26,37,45,59,61,64,69,71,80,84
random_eq,lpm2,1590,2,5,10,11,20,21,35,43,55,64,69,71,73,75,81,99
random_eq,lpm2,1591,3,10,33,41,51,56,57,65,69,73,74,86,91,95,96,98
random_eq,lpm2,1592,5,10,15,21,28,29,32,33,35,52,62,69,79,82,92,100
random_eq,lpm2,1593,2,8,11,15,20,21,23,30,32,33,41,50,78,81,82,96
random_eq,lpm2,1594,3,11,12,14,18,27,39,43,44,47,55,64,73,82,85,95
random_eq,lpm2,1595,16,20,23,31,40,41,44,46,49,68,70,86,90,91,92,99
random_eq,lpm2,1596,3,7,11,16,23,25,32,36,39,42,63,71,75,76,81,86
random_eq,lpm2,1597,1,4,12,36,38,43,52,53,65,80,86,89,90,97,99,100
random_eq,lpm2,1598,2,3,15,25,30,31,37,38,64,68,71,80,89,93,96,100
random_eq,lpm2,1599,4,8,11,12,20,23,24,36,38,43,44,47,61,66,75,86
random_eq,lpm2,1600,2,16,21,26,28,37,39,44,45,52,62,68,71,72,75,92
random_eq,lpm2,1601,8,16,17,21,22,28,30,36,57,60,73,77,79,87,98,100
random_eq,lpm2,1602,11,12,13,33,35,48,50,55,56,58,65,69,85,88,90,98
random_eq,lpm2,1603,2,4,5,7,14,15,25,29,36,45,54,63,74,76,77,90
random_eq,lpm2,1604,5,18,28,32,48,56,61,62,65,66,67,79,83,85,95,97
random_eq,lpm2,1605,2,3,6,18,38,40,53,54,57,70,73,78,83,90,91,96
random_eq,lpm2,1606,5,10,13,16,17,26,27,31,39,56,60,63,73,81,92,93
random_eq,lpm2,1607,8,13,28,32,33,38,52,58,59,61,65,77,85,88,89,96
random_eq,lpm2,1608,4,37,38,45,57,64,69,72,76,85,86,88,89,94,96,100
random_eq,lpm2,1609,8,18,19,22,32,34,44,48,60,78,79,80,82,84,94,96
random_eq,lpm2,1610,8,19,21,24,27,33,41,69,72,74,80,90,92,97,98,100
random_eq,lpm2,1611,8,11,12,16,17,20,36,47,51,60,67,71,75,92,93,100
random_eq,lpm2,1612,5,7,8,17,26,27,33,41,60,66,71,72,81,90,94,99
random_eq,lpm2,1613,5,9,10,12,13,17,28,43,51,58,61,68,76,77,87,98
random_eq,lpm2,1614,3,9,10,17,23,29,33,35,46,71,77,79,89,93,98,100
random_eq,lpm2,1615,5,8,9,14,33,38,41,51,53,66,79,82,93,95,98,99
random_eq,lpm2,1616,2,12,18,31,34,47,50,51,55,69,75,78,79,80,83,96
random_eq,lpm2,1617,1,7,19,20,30,32,47,57,59,62,76,78,83,91,92,94
random_eq,lpm2,1618,1,15,25,29,43,46,48,58,66,69,71,74,77,79,83,86
random_eq,lpm2,1619,2,4,7,20,31,32,34,38,42,54,56,64,73,78,80,87
random_eq,lpm2,1620,1,4,6,9,10,11,30,34,39,45,53,64,69,73,82,99
random_eq,lpm2,1621,7,14,24,32,36,43,57,58,62,64,79,81,85,86,87,91
random_eq,lpm2,1622,12,22,24,28,29,31,38,39,43,58,68,70,82,86,89,90
random_eq,lpm2,1623,4,12,16,19,21,30,31,33,55,65,69,75,76,80,97,100
random_eq,lpm2,1624,2,12,16,20,29,31,35,40,44,52,56,60,80,84,88,92
random_eq,lpm2,1625,3,8,28,31,33,38,46,48,52,58,59,61,73,75,80,92
random_eq,lpm2,1626,19,20,23,26,30,41,48,56,62,68,77,80,82,83,84,100
random_eq,lpm2,1627,1,6,11,12,14,16,18,22,25,30,34,40,43,78,89,99
random_eq,lpm2,1628,2,3,13,14,29,42,48,49,57,71,74,76,90,96,98,100
random_eq,lpm2,1629,1,2,17,28,29,34,40,46,53,63,65,73,83,89,92,96
random_eq,lpm2,1630,7,9,12,17,20,28,30,34,37,47,51,53,65,76,79,81
random_eq,lpm2,1631,2,15,17,23,24,50,52,64,65,66,75,84,87,89,92,100
random_eq,lpm2,1632,3,6,7,12,17,25,27,36,47,55,59,65,72,75,84,85
random_eq,lpm2,1633,1,3,14,15,22,29,31,38,46,63,73,78,85,91,93,96
random_eq,lpm2,1634,1,3,17,22,25,33,37,41,42,43,47,57,61,71,72,94
random_eq,lpm2,1635,18,21,23,35,36,37,44,45,53,56,63,69,76,77,94,96
random_eq,lpm2,1636,5,9,10,11,14,18,37,41,50,57,59,72,76,86,88,93
random_eq,lpm2,1637,5,7,14,25,34,51,57,58,60,61,63,69,71,75,80,89
random_eq,lpm2,1638,4,5,21,35,39,42,46,50,55,56,58,63,70,88,90,93
random_eq,lpm2,1639,3,5,16,25,31,55,56,61,69,71,75,76,81,89,96,100
random_eq,lpm2,1640,16,17,21,22,23,30,33,41,46,55,59,63,64,77,85,96
random_eq,lpm2,1641,3,9,18,25,26,31,37,40,52,53,54,72,83,86,89,96
random_eq,lpm2,1642,4,7,12,16,29,36,44,48,62,70,72,83,84,86,92,94
random_eq,lpm2,1643,13,18,23,24,27,38,54,58,62,64,65,67,69,75,79,84
random_eq,lpm2,1644,3,10,14,19,31,33,34,37,45,47,72,83,88,93,97,98
random_eq,lpm2,1645,9,11,12,13,18,35,37,44,46,52,53,58,59,64,88,99
random_eq,lpm2,1646,4,5,23,39,41,50,58,61,62,71,76,84,85,91,93,97
random_eq,lpm2,1647,1,5,14,17,30,53,54,67,71,76,79,85,88,91,99,100
random_eq,lpm2,1648,13,17,22,30,34,38,40,43,45,48,56,62,63,74,84,87
random_eq,lpm2,1649,2,7,8,19,20,23,33,34,42,45,47,59,62,82,84,95
random_eq,lpm2,1650,9,11,17,20,21,28,36,37,43,44,45,56,59,88,94,97
random_eq,lpm2,1651,1,4,22,28,34,43,45,51,52,53,58,73,77,89,92,98
random_eq,lpm2,1652,2,4,13,32,34,35,36,37,38,45,63,70,72,75,83,96
random_eq,lpm2,1653,28,29,32,33,34,44,50,54,55,56,59,61,82,89,90,98
random_eq,lpm2,1654,8,12,14,16,21,34,44,66,73,75,79,81,87,95,96,99
random_eq,lpm2,1655,2,10,12,21,22,28,33,34,44,51,55,64,67,70,78,95
random_eq,lpm2,1656,1,10,18,22,28,29,37,49,55,60,61,66,69,72,76,98
random_eq,lpm2,1657,4,5,9,11,27,35,43,45,47,63,65,68,76,80,90,97
random_eq,lpm2,1658,2,9,11,12,13,28,35,37,47,49,53,63,67,83,87,99
random_eq,lpm2,1659,4,9,14,20,23,28,29,37,46,53,57,66,68,79,88,93
random_eq,lpm2,1660,7,9,16,20,25,44,50,53,54,65,70,80,81,83,84,89
random_eq,lpm2,1661,2,3,6,9,23,43,49,54,65,68,74,84,89,92,97,98
random_eq,lpm2,1662,2,5,7,12,19,23,24,25,26,49,56,57,59,71,72,89
random_eq,lpm2,1663,8,27,28,30,33,38,40,42,44,51,57,58,69,89,93,94
random_eq,lpm2,1664,2,17,18,24,27,32,36,41,44,45,53,57,62,75,79,80
random_eq,lpm2,1665,1,5,6,11,12,23,24,35,36,50,53,59,62,67,70,97
random_eq,lpm2,1666,3,7,16,17,35,43,44,47,56,64,72,80,81,84,87,88
random_eq,lpm2,1667,3,9,14,15,19,21,25,33,35,43,55,65,72,74,76,77
random_eq,lpm2,1668,11,14,24,28,29,33,35,43,53,54,56,71,88,90,91,100
random_eq,lpm2,1669,8,9,11,13,28,35,37,42,52,59,68,70,72,77,80,81
random_eq,lpm2,1670,3,19,20,24,30,37,48,65,68,69,71,73,79,80,86,90
random_eq,lpm2,1671,1,6,14,23,24,26,29,42,43,50,54,57,67,78,86,89
random_eq,lpm2,1672,2,7,9,10,19,20,21,33,40,49,56,71,82,88,95,99
random_eq,lpm2,1673,2,5,21,23,25,28,31,37,42,46,52,59,67,71,76,95
random_eq,lpm2,1674,1,3,4,11,15,35,36,46,56,66,71,88,92,94,97,100
random_eq,lpm2,1675,7,18,19,26,29,30,47,54,57,58,69,82,83,85,90,91
random_eq,lpm2,1676,29,35,44,45,48,50,52,53,56,68,69,72,80,81,92,96
random_eq,lpm2,1677,8,10,17,22,24,30,38,48,50,54,57,81,87,94,96,100
random_eq,lpm2,1678,2,3,5,7,8,9,15,26,38,41,44,59,66,82,89,90
random_eq,lpm2,1679,5,6,12,16,21,25,28,29,30,31,33,39,70,80,87,96
random_eq,lpm2,1680,2,13,15,16,20,32,48,50,51,55,62,65,70,77,81,83
random_eq,lpm2,1681,4,5,7,25,30,32,52,58,60,71,72,74,76,85,91,98
random_eq,lpm2,1682,2,5,15,22,23,36,39,43,50,52,53,57,61,81,87,100
random_eq,lpm2,1683,12,17,20,23,27,29,37,38,45,47,56,59,80,84,98,100
random_eq,lpm2,1684,2,3,5,7,12,26,32,34,38,47,57,58,73,74,85,97
random_eq,lpm2,1685,4,5,11,29,32,46,50,55,61,62,66,72,77,83,86,98
random_eq,lpm2,1686,4,5,8,12,14,21,22,26,30,46,59,62,80,84,86,100
random_eq,lpm2,1687,5,15,18,27,48,50,51,54,58,64,73,79,80,81,93,95
random_eq,lpm2,1688,3,9,11,21,28,30,33,38,40,62,64,69,70,80,82,95
random_eq,lpm2,1689,2,10,16,39,41,50,58,66,69,71,77,78,83,84,88,97
random_eq,lpm2,1690,13,17,23,28,29,33,39,56,60,77,78,79,83,92,93,95
random_eq,lpm2,1691,10,32,50,52,53,55,59,62,75,79,82,84,86,87,96,100
random_eq,lpm2,1692,5,11,12,13,15,25,47,56,59,69,71,76,80,86,92,99
random_eq,lpm2,1693,4,15,31,32,33,50,51,63,72,76,85,89,90,93,97,98
random_eq,lpm2,1694,2,7,8,10,17,18,19,24,26,36,54,75,81,88,91,95
random_eq,lpm2,1695,16,18,22,26,28,45,49,51,64,77,78,80,86,89,95,96
random_eq,lpm2,1696,10,18,22,23,24,28,35,36,38,43,45,61,65,70,99,100
random_eq,lpm2,1697,4,19,24,27,33,40,43,44,46,53,63,69,75,80,89,97
random_eq,lpm2,1698,2,7,9,30,31,42,50,54,55,76,82,84,85,89,98,100
random_eq,lpm2,1699,20,21,32,34,44,46,62,64,67,74,77,78,79,86,93,98
random_eq,lpm2,1700,5,8,10,11,13,20,26,29,30,40,60,68,69,71,88,93
random_eq,lpm2,1701,6,14,15,34,42,43,53,55,61,72,77,80,83,87,94,99
random_eq,lpm2,1702,3,4,11,12,14,32,40,44,48,53,62,63,75,85,91,97
random_eq,lpm2,1703,23,28,31,33,40,41,44,47,49,53,61,64,68,72,73,96
random_eq,lpm2,1704,2,8,12,13,16,20,22,28,33,35,44,51,52,85,87,96
random_eq,lpm2,1705,9,10,18,34,41,51,57,60,63,78,81,86,91,93,95,97
random_eq,lpm2,1706,2,14,15,34,40,46,56,62,71,72,77,78,80,84,91,93
random_eq,lpm2,1707,2,5,8,16,25,26,30,41,57,59,63,71,89,90,98,99
random_eq,lpm2,1708,2,16,21,33,34,39,44,45,57,66,69,72,75,76,81,93
random_eq,lpm2,1709,11,15,27,33,38,41,51,58,64,69,81,85,88,89,97,99
random_eq,lpm2,1710,11,15,19,21,32,41,52,55,75,82,83,85,86,87,88,95
random_eq,lpm2,1711,1,3,15,26,30,32,41,53,64,65,81,85,90,92,94,100
random_eq,lpm2,1712,16,19,44,46,52,57,58,65,66,73,76,78,86,91,92,98
random_eq,lpm2,1713,3,9,13,23,24,27,31,32,41,42,48,56,71,84,90,100
random_eq,lpm2,1714,1,7,14,15,19,26,31,32,38,51,62,66,78,83,86,92
random_eq,lpm2,1715,4,5,14,21,27,29,31,46,53,58,67,71,73,76,84,85
random_eq,lpm2,1716,1,2,3,5,31,33,34,41,43,51,58,62,64,70,80,92
random_eq,lpm2,1717,4,9,10,11,17,19,22,24,32,48,58,68,70,76,81,99
random_eq,lpm2,1718,14,15,31,32,33,53,59,60,63,73,85,86,89,92,93,97
random_eq,lpm2,1719,17,33,35,42,47,50,51,59,60,63,74,76,77,90,92,100
random_eq,lpm2,1720,3,5,9,12,20,24,39,42,52,57,61,64,81,87,90,96
random_eq,lpm2,1721,2,12,18,24,36,47,50,52,57,62,64,65,74,85,96,98
random_eq,lpm2,1722,9,12,15,24,26,29,36,50,52,53,56,58,61,89,91,99
random_eq,lpm2,1723,9,16,35,44,46,58,59,64,65,68,70,73,77,80,89,96
random_eq,lpm2,1724,1,8,15,16,34,37,40,52,57,58,60,68,88,91,93,94
random_eq,lpm2,1725,12,18,20,22,23,24,37,43,56,59,77,79,89,94,95,97
random_eq,lpm2,1726,1,4,7,9,15,21,24,28,29,36,41,42,51,58,61,69
random_eq,lpm2,1727,20,23,36,37,42,45,48,49,50,69,76,77,79,82,94,96
random_eq,lpm2,1728,3,6,10,18,28,32,34,39,49,58,70,74,75,88,89,92
random_eq,lpm2,1729,1,5,6,7,9,10,22,23,31,38,46,47,56,60,70,79
random_eq,lpm2,1730,3,7,15,17,26,34,37,53,54,56,60,68,72,78,80,90
random_eq,lpm2,1731,5,8,13,24,25,30,44,45,47,50,69,71,72,83,84,98
random_eq,lpm2,1732,6,9,14,29,34,42,43,48,54,59,60,61,65,79,85,91
random_eq,lpm2,1733,8,9,13,16,22,24,40,42,46,61,69,77,87,93,99,100
random_eq,lpm2,1734,9,14,27,36,40,44,49,51,57,58,60,74,79,87,91,97
random_eq,lpm2,1735,1,10,15,22,32,38,41,48,52,56,57,63,74,94,96,97
random_eq,lpm2,1736,8,9,10,14,18,22,32,36,57,59,61,66,92,95,98,100
random_eq,lpm2,1737,5,6,25,26,29,33,35,41,60,61,83,85,91,93,98,99
random_eq,lpm2,1738,1,5,6,12,15,16,17,21,26,27,46,50,51,68,73,97
random_eq,lpm2,1739,1,3,12,15,22,27,32,34,40,47,56,71,74,76,94,100
random_eq,lpm2,1740,1,12,17,34,51,55,56,58,61,71,75,77,79,84,89,92
random_eq,lpm2,1741,1,15,19,20,35,38,42,46,47,49,51,61,76,79,83,96
random_eq,lpm2,1742,16,20,41,44,51,59,60,64,71,80,84,86,89,90,92,98
random_eq,lpm2,1743,3,5,6,10,16,18,19,36,52,59,72,73,75,76,94,96
random_eq,lpm2,1744,1,7,25,27,28,34,40,46,53,54,71,77,83,89,95,97
random_eq,lpm2,1745,2,9,16,26,30,42,43,45,51,56,58,68,84,87,91,98
random_eq,lpm2,1746,10,11,20,22,25,30,31,33,36,56,59,60,74,86,96,99
random_eq,lpm2,1747,2,7,9,12,31,39,44,48,52,66,71,73,80,82,97,99
random_eq,lpm2,1748,6,7,23,28,32,35,36,52,63,65,66,74,86,89,94,99
random_eq,lpm2,1749,7,9,25,28,32,33,34,39,42,44,49,57,71,72,75,89
random_eq,lpm2,1750,4,6,7,22,35,45,50,68,73,78,80,83,89,92,93,97
random_eq,lpm2,1751,13,14,21,28,50,58,61,65,67,68,75,79,81,83,85,95
random_eq,lpm2,1752,19,20,23,26,30,34,36,40,41,44,53,57,69,70,75,91
random_eq,lpm2,1753,12,20,25,33,35,46,48,49,53,56,61,79,80,81,95,97
random_eq,lpm2,1754,3,5,9,10,11,35,38,43,45,47,53,56,65,69,72,73
random_eq,lpm2,1755,30,40,46,54,58,68,74,77,86,87,88,89,90,93,97,100
random_eq,lpm2,1756,2,4,17,23,28,44,46,62,66,72,78,82,83,87,96,99
random_eq,lpm2,1757,4,6,9,10,14,15,19,25,31,32,33,37,67,89,90,93
random_eq,lpm2,1758,5,7,16,18,20,22,27,42,45,49,56,59,79,89,94,99
random_eq,lpm2,1759,7,10,16,20,21,22,24,25,49,50,51,56,59,63,71,84
random_eq,lpm2,1760,1,2,6,11,12,15,21,24,29,42,50,64,68,69,88,96
random_eq,lpm2,1761,10,13,27,34,40,47,49,57,60,62,63,64,72,79,82,98
random_eq,lpm2,1762,11,24,27,46,55,59,60,68,69,72,73,78,83,91,94,97
random_eq,lpm2,1763,1,7,10,12,14,15,21,25,28,32,34,36,37,63,75,76
random_eq,lpm2,1764,4,7,8,19,21,27,33,39,45,47,52,63,71,73,75,85
random_eq,lpm2,1765,10,19,22,26,34,45,63,68,69,70,73,78,79,81,86,89
random_eq,lpm2,1766,1,9,10,12,31,39,49,53,56,61,72,78,83,84,92,96
random_eq,lpm2,1767,4,8,9,14,16,26,35,39,48,49,54,57,61,63,66,92
random_eq,lpm2,1768,5,11,13,19,34,55,60,62,69,73,83,85,95,97,98,100
random_eq,lpm2,1769,19,25,26,27,33,34,43,45,52,53,63,75,76,77,92,95
random_eq,lpm2,1770,4,6,7,10,14,40,41,44,47,62,64,66,68,93,94,99
random_eq,lpm2,1771,1,9,12,13,17,18,19,20,22,23,31,34,40,43,55,61
random_eq,lpm2,1772,11,17,28,37,38,39,54,65,66,76,80,86,89,93,94,95
random_eq,lpm2,1773,3,6,18,19,31,34,43,52,54,73,74,75,79,80,81,89
random_eq,lpm2,1774,1,14,16,19,21,29,35,38,39,45,67,69,72,80,91,95
random_eq,lpm2,1775,12,14,16,21,23,28,31,39,43,47,69,72,78,83,86,90
random_eq,lpm2,1776,7,23,30,41,46,48,63,65,70,71,77,90,91,92,94,98
random_eq,lpm2,1777,12,21,26,27,32,33,42,49,51,57,58,62,71,82,83,98
random_eq,lpm2,1778,2,5,22,27,32,34,37,38,44,48,60,66,72,84,85,96
random_eq,lpm2,1779,1,22,34,37,41,43,52,59,62,65,66,67,84,89,97,100
random_eq,lpm2,1780,4,9,12,14,15,18,19,20,23,48,62,64,81,84,86,91
random_eq,lpm2,1781,11,13,18,22,28,32,34,35,45,47,49,56,65,73,82,95
random_eq,lpm2,1782,10,20,25,45,51,55,57,70,75,77,79,82,86,89,93,98
random_eq,lpm2,1783,3,13,14,15,18,23,31,53,57,62,63,72,92,93,94,98
random_eq,lpm2,1784,9,12,15,17,21,23,26,40,47,50,55,57,64,73,86,100
random_eq,lpm2,1785,5,7,11,16,19,20,21,30,55,60,64,68,73,86,97,98
random_eq,lpm2,1786,2,3,8,12,13,23,39,62,69,71,72,74,78,80,81,95
random_eq,lpm2,1787,4,7,23,27,31,37,45,48,64,69,71,72,73,90,91,99
random_eq,lpm2,1788,10,13,23,28,33,38,46,57,58,65,70,73,76,81,92,93
random_eq,lpm2,1789,6,33,34,41,48,52,55,61,63,64,74,75,79,84,88,99
random_eq,lpm2,1790,26,27,32,36,41,42,47,49,51,58,64,67,73,75,82,98
random_eq,lpm2,1791,6,8,14,16,24,27,36,40,48,57,60,62,68,69,71,85
random_eq,lpm2,1792,4,5,7,12,23,38,53,57,61,62,63,76,89,94,97,100
random_eq,lpm2,1793,1,3,7,25,37,39,43,52,55,58,75,80,86,87,91,95
random_eq,lpm2,1794,6,7,16,21,25,26,29,33,41,42,49,57,60,81,90,94
random_eq,lpm2,1795,1,3,8,17,18,24,54,65,67,74,75,84,88,91,94,95
random_eq,lpm2,1796,2,11,16,23,36,38,43,49,50,54,63,65,72,80,81,83
random_eq,lpm2,1797,1,12,16,27,32,33,34,38,47,64,67,75,79,88,99,100
random_eq,lpm2,1798,1,14,15,21,24,25,27,38,42,43,60,64,72,76,77,99
random_eq,lpm2,1799,1,2,4,7,28,30,31,38,45,56,62,69,78,80,89,100
random_eq,lpm2,1800,6,14,19,31,34,42,48,51,54,61,67,68,74,75,81,92
random_eq,lpm2,1801,1,4,14,22,23,27,46,47,56,58,77,78,92,96,98,99
random_eq,lpm2,1802,2,5,9,10,14,23,33,39,47,54,64,67,72,77,79,93
random_eq,lpm2,1803,4,30,34,35,45,48,50,51,64,68,70,71,74,90,93,100
random_eq,lpm2,1804,1,19,24,30,32,54,64,71,72,78,84,85,86,88,89,96
random_eq,lpm2,1805,5,9,13,14,24,25,33,39,43,52,61,63,71,80,84,99
random_eq,lpm2,1806,4,6,13,14,19,30,40,43,47,49,65,74,77,80,88,94
random_eq,lpm2,1807,5,8,22,23,27,28,45,46,49,54,58,71,79,81,82,85
random_eq,lpm2,1808,6,7,10,11,14,26,41,44,51,68,82,83,88,89,98,99
random_eq,lpm2,1809,16,18,21,31,32,35,38,39,41,49,58,80,83,88,96,97
random_eq,lpm2,1810,12,22,38,39,42,49,57,64,68,75,80,82,92,98,99,100
random_eq,lpm2,1811,13,16,26,27,28,39,41,43,44,47,68,69,76,88,90,92
random_eq,lpm2,1812,3,8,13,15,34,43,52,55,57,58,59,75,78,80,86,95
random_eq,lpm2,1813,5,11,13,14,23,28,35,39,50,55,64,69,75,85,87,100
random_eq,lpm2,1814,1,3,5,13,15,17,32,38,40,51,56,77,80,82,97,100
random_eq,lpm2,1815,2,3,14,16,22,25,32,44,48,66,67,68,79,80,81,87
random_eq,lpm2,1816,1,5,14,25,38,41,51,60,74,75,79,83,86,89,99,100
random_eq,lpm2,1817,2,4,5,22,24,31,44,46,47,51,58,64,66,67,69,99
random_eq,lpm2,1818,11,12,26,29,30,37,40,44,67,68,71,80,83,88,89,99
random_eq,lpm2,1819,3,15,22,24,25,47,52,54,56,60,61,63,78,80,87,100
random_eq,lpm2,1820,11,13,20,33,35,38,41,50,66,67,70,75,85,87,94,97
random_eq,lpm2,1821,19,20,24,26,32,37,50,56,57,70,75,81,85,89,94,98
random_eq,lpm2,1822,8,9,16,25,26,31,36,45,66,70,71,86,93,98,99,100
random_eq,lpm2,1823,3,7,9,10,11,12,14,15,16,22,35,36,48,59,63,97
random_eq,lpm2,1824,1,5,17,18,24,27,32,45,65,75,80,84,89,94,98,100
random_eq,lpm2,1825,3,5,12,15,20,30,38,43,56,66,79,82,83,88,94,100
random_eq,lpm2,1826,26,30,43,47,49,51,57,58,64,66,67,73,82,87,92,99
random_eq,lpm2,1827,7,12,19,20,23,24,44,66,68,69,74,79,83,87,92,97
random_eq,lpm2,1828,22,26,27,30,34,42,48,50,56,69,72,77,82,85,87,98
random_eq,lpm2,1829,5,27,44,45,53,55,56,58,73,76,77,87,90,96,98,99
random_eq,lpm2,1830,14,25,26,29,34,36,40,44,45,46,53,61,67,89,92,99
random_eq,lpm2,1831,12,14,16,21,26,38,42,59,67,68,75,77,83,93,94,100
random_eq,lpm2,1832,9,12,20,23,40,53,65,70,73,77,79,86,89,92,96,98
random_eq,lpm2,1833,1,9,16,20,22,24,27,31,39,49,56,66,67,68,84,89
random_eq,lpm2,1834,4,15,27,36,37,43,44,46,48,49,56,58,66,88,90,99
random_eq,lpm2,1835,2,9,11,32,42,44,47,51,55,56,58,64,78,82,96,99
random_eq,lpm2,1836,5,11,12,14,17,28,38,40,53,73,75,82,89,94,95,96
random_eq,lpm2,1837,1,2,5,8,14,35,39,43,45,59,66,73,85,87,99,100
random_eq,lpm2,1838,2,3,6,18,21,32,34,40,42,49,50,56,63,73,92,97
random_eq,lpm2,1839,2,23,36,44,60,61,66,67,70,72,75,79,81,85,92,99
random_eq,lpm2,1840,1,6,19,21,25,27,29,30,31,35,40,60,65,76,78,85
random_eq,lpm2,1841,1,6,7,10,14,23,24,28,31,45,48,61,66,69,81,83
random_eq,lpm2,1842,5,14,29,36,41,42,44,47,49,50,57,67,71,73,85,94
random_eq,lpm2,1843,17,30,34,37,38,49,50,53,65,67,72,75,77,79,80,83
random_eq,lpm2,1844,11,14,15,16,20,21,35,43,54,62,65,66,69,78,83,99
random_eq,lpm2,1845,28,29,46,50,52,55,57,59,72,76,81,87,88,91,93,94
random_eq,lpm2,1846,9,12,21,25,35,36,37,40,42,49,50,63,84,87,97,100
random_eq,lpm2,1847,8,23,31,32,43,47,52,66,71,72,74,75,81,94,98,99
random_eq,lpm2,1848,2,3,5,6,9,14,24,25,38,39,41,43,63,79,83,89
random_eq,lpm2,1849,1,12,28,29,37,42,59,69,71,73,78,83,84,86,94,95
random_eq,lpm2,1850,1,4,10,11,12,13,27,29,30,41,47,59,76,88,92,95
random_eq,lpm2,1851,20,21,27,30,38,50,54,56,68,74,75,77,79,81,85,98
random_eq,lpm2,1852,6,11,16,24,25,27,28,33,43,45,47,49,55,75,97,98
random_eq,lpm2,1853,8,12,13,24,26,52,57,58,61,62,68,69,80,82,94,99
random_eq,lpm2,1854,1,8,16,17,20,23,31,45,57,61,66,71,78,96,97,98
random_eq,lpm2,1855,18,22,24,26,30,37,54,56,57,59,60,63,67,88,91,94
random_eq,lpm2,1856,6,11,36,37,50,51,53,56,61,65,70,81,88,89,94,96
random_eq,lpm2,1857,8,12,13,15,18,22,26,28,36,37,51,55,61,69,70,77
random_eq,lpm2,1858,2,4,7,9,17,31,34,42,46,50,65,68,74,89,90,100
random_eq,lpm2,1859,16,30,32,41,48,53,68,73,79,81,83,84,87,94,95,96
random_eq,lpm2,1860,5,18,24,29,32,41,55,61,67,68,76,77,79,88,91,93
random_eq,lpm2,1861,5,18,19,21,23,39,52,54,61,63,65,73,74,80,83,96
random_eq,lpm2,1862,5,18,21,25,28,40,54,61,65,71,76,92,94,96,97,98
random_eq,lpm2,1863,23,26,29,33,42,43,44,48,52,54,55,59,60,82,83,86
random_eq,lpm2,1864,6,9,18,19,22,35,36,39,49,50,62,63,66,79,92,93
random_eq,lpm2,1865,1,20,21,34,41,50,61,64,66,68,71,75,81,82,88,93
random_eq,lpm2,1866,4,11,17,28,30,43,47,59,60,66,82,85,87,88,97,100
random_eq,lpm2,1867,7,14,17,23,25,33,38,44,54,74,77,79,84,89,94,97
random_eq,lpm2,1868,8,10,11,13,30,41,46,47,50,75,78,81,87,92,96,100
random_eq,lpm2,1869,1,7,11,20,25,27,29,35,37,39,52,54,66,71,80,95
random_eq,lpm2,1870,9,13,20,24,25,30,33,37,46,54,64,67,69,71,77,86
random_eq,lpm2,1871,9,12,13,17,22,31,33,34,40,63,74,84,86,88,93,100
random_eq,lpm2,1872,14,27,28,33,34,40,41,44,48,50,53,67,71,73,75,77
random_eq,lpm2,1873,5,13,17,26,44,50,54,55,56,57,58,73,81,83,85,94
random_eq,lpm2,1874,4,21,27,51,52,60,66,68,74,77,83,84,87,90,95,96
random_eq,lpm2,1875,2,21,27,31,36,39,60,64,66,69,70,80,87,95,96,99
random_eq,lpm2,1876,3,5,9,12,25,35,36,42,44,49,59,64,67,71,77,84
random_eq,lpm2,1877,2,3,10,29,40,41,63,65,69,71,72,76,78,82,88,93
random_eq,lpm2,1878,9,12,16,22,23,35,36,42,43,44,49,50,58,71,79,91
random_eq,lpm2,1879,4,5,22,23,34,39,44,50,53,64,67,70,77,91,92,95
random_eq,lpm2,1880,8,10,19,26,32,43,47,53,81,84,87,88,90,97,98,100
random_eq,lpm2,1881,2,3,6,9,11,39,44,46,64,65,69,70,78,80,82,89
random_eq,lpm2,1882,3,4,6,9,10,11,15,21,54,61,68,74,78,81,93,97
random_eq,lpm2,1883,16,21,26,27,29,35,54,59,62,66,69,70,78,84,95,96
random_eq,lpm2,1884,11,12,13,17,19,25,30,35,39,43,55,63,65,76,78,85
random_eq,lpm2,1885,7,12,13,31,37,40,44,46,48,50,61,64,70,82,88,95
random_eq,lpm2,1886,2,3,11,19,30,36,45,48,58,76,79,81,90,91,92,93
random_eq,lpm2,1887,4,11,15,20,36,44,50,55,60,61,64,69,73,82,85,94
random_eq,lpm2,1888,2,5,14,28,29,31,33,34,39,42,46,63,68,91,93,100
random_eq,lpm2,1889,15,17,20,31,33,38,41,42,43,47,57,60,75,87,94,97
random_eq,lpm2,1890,20,26,30,31,36,42,49,50,54,56,59,67,73,82,86,89
random_eq,lpm2,1891,26,28,30,36,37,39,51,58,60,66,69,71,75,83,88,99
random_eq,lpm2,1892,1,7,10,20,45,50,52,53,55,56,75,82,86,94,95,98
random_eq,lpm2,1893,6,26,40,42,43,51,57,60,61,69,73,76,78,82,87,89
random_eq,lpm2,1894,2,5,10,28,30,31,39,41,46,47,56,62,65,72,82,94
random_eq,lpm2,1895,2,7,16,18,26,29,45,57,63,68,69,80,81,83,84,91
random_eq,lpm2,1896,9,34,37,42,43,44,45,47,50,59,61,62,64,79,84,87
random_eq,lpm2,1897,1,2,5,10,18,22,23,26,39,43,45,49,58,70,74,77
random_eq,lpm2,1898,2,10,18,19,34,39,46,47,49,55,58,70,77,82,83,97
random_eq,lpm2,1899,8,12,19,27,33,34,55,57,71,72,73,80,81,93,94,95
random_eq,lpm2,1900,1,12,14,20,26,27,32,37,38,51,63,85,88,91,96,99
random_eq,lpm2,1901,13,18,34,37,38,41,47,52,56,72,77,84,85,88,93,98
random_eq,lpm2,1902,4,9,16,27,34,36,37,52,53,54,64,72,73,84,93,99
random_eq,lpm2,1903,7,16,22,28,29,30,33,37,59,60,63,66,71,76,88,100
random_eq,lpm2,1904,4,5,13,18,19,20,36,43,45,56,61,62,77,81,83,94
random_eq,lpm2,1905,11,25,27,42,45,46,48,51,52,64,71,72,75,93,98,99
random_eq,lpm2,1906,2,9,15,19,23,25,32,36,49,57,59,64,66,71,82,100
random_eq,lpm2,1907,1,22,24,27,38,41,49,51,57,60,63,67,79,82,91,97
random_eq,lpm2,1908,6,18,19,32,38,48,52,54,56,61,73,74,85,93,94,99
random_eq,lpm2,1909,6,18,21,22,26,29,38,39,45,50,53,61,64,67,70,88
random_eq,lpm2,1910,10,12,18,19,24,25,27,29,39,47,57,64,70,91,93,95
random_eq,lpm2,1911,14,16,17,21,22,23,28,31,33,37,66,72,86,87,98,99
random_eq,lpm2,1912,2,12,13,19,20,22,30,33,34,37,57,65,74,76,79,96
random_eq,lpm2,1913,20,23,25,29,35,39,42,44,55,60,67,70,77,78,83,99
random_eq,lpm2,1914,3,6,7,24,26,33,40,47,54,56,62,77,82,85,86,94
random_eq,lpm2,1915,2,4,9,16,19,33,43,52,53,58,60,69,71,81,90,91
random_eq,lpm2,1916,2,4,6,10,13,14,20,28,37,43,54,68,81,83,88,98
random_eq,lpm2,1917,1,16,20,26,27,28,29,30,36,39,45,69,73,81,83,89
random_eq,lpm2,1918,7,16,34,41,50,55,61,62,65,83,84,88,89,97,98,100
random_eq,lpm2,1919,1,3,4,18,21,27,49,54,56,73,78,81,85,90,96,100
random_eq,lpm2,1920,10,23,28,32,37,41,49,63,70,74,79,81,90,96,97,100
random_eq,lpm2,1921,1,7,20,23,28,29,30,32,39,55,57,64,74,81,89,90
random_eq,lpm2,1922,7,8,18,25,30,31,32,34,37,40,41,44,48,57,91,94
random_eq,lpm2,1923,23,33,37,40,60,61,69,72,80,83,87,89,96,97,99,100
random_eq,lpm2,1924,1,3,6,13,15,16,25,26,28,32,37,51,56,61,71,93
random_eq,lpm2,1925,11,18,19,29,32,42,46,49,65,67,72,74,78,86,89,90
random_eq,lpm2,1926,4,8,16,17,19,21,32,34,36,38,62,63,74,87,97,98
random_eq,lpm2,1927,4,6,9,13,22,30,39,41,55,56,63,69,78,80,82,96
random_eq,lpm2,1928,1,10,45,48,56,61,69,71,72,73,79,90,91,96,98,99
random_eq,lpm2,1929,9,10,11,14,16,21,28,30,40,54,62,67,71,72,78,86
random_eq,lpm2,1930,1,9,19,26,30,33,35,37,40,42,43,45,78,83,91,100
random_eq,lpm2,1931,1,6,11,12,13,15,16,21,22,50,52,59,69,92,97,98
random_eq,lpm2,1932,2,23,26,30,47,54,60,64,66,67,70,72,78,82,84,90
random_eq,lpm2,1933,1,7,8,12,33,37,39,45,48,52,62,63,75,79,89,99
random_eq,lpm2,1934,1,2,8,9,11,17,20,21,47,50,51,55,60,88,90,93
random_eq,lpm2,1935,8,11,25,26,29,40,42,45,47,49,58,61,67,71,74,95
random_eq,lpm2,1936,2,7,10,17,21,23,31,38,46,54,56,63,75,82,84,87
random_eq,lpm2,1937,1,3,10,16,29,35,38,46,65,67,70,76,77,88,89,95
random_eq,lpm2,1938,4,5,8,21,27,49,51,53,54,59,63,65,68,73,84,99
random_eq,lpm2,1939,7,11,15,30,41,47,50,58,62,66,68,75,81,82,87,94
random_eq,lpm2,1940,7,9,11,15,19,23,27,32,38,52,65,66,68,74,76,100
random_eq,lpm2,1941,7,10,15,25,33,35,46,47,52,56,57,58,65,76,82,94
random_eq,lpm2,1942,6,11,12,36,39,47,50,56,58,62,67,69,71,74,75,97
random_eq,lpm2,1943,10,12,26,34,39,51,53,55,56,58,73,89,93,95,98,99
random_eq,lpm2,1944,9,10,21,30,31,37,44,46,54,64,67,68,70,81,85,99
random_eq,lpm2,1945,1,3,4,6,20,25,28,29,30,39,46,47,53,75,80,93
random_eq,lpm2,1946,1,3,10,17,21,23,26,29,34,38,54,62,64,78,96,100
random_eq,lpm2,1947,6,13,15,18,22,23,30,31,32,34,40,50,70,74,80,93
random_eq,lpm2,1948,2,12,17,18,20,22,25,38,39,49,77,78,80,89,95,96
random_eq,lpm2,1949,19,24,26,27,33,38,39,42,45,73,83,91,93,97,99,100
random_eq,lpm2,1950,9,11,18,23,27,32,39,42,44,48,53,63,83,92,96,99
random_eq,lpm2,1951,2,15,25,31,34,43,45,57,64,66,70,78,82,87,89,100
random_eq,lpm2,1952,7,28,30,35,36,45,53,56,59,62,72,77,85,89,94,95
random_eq,lpm2,1953,9,15,26,27,32,37,38,44,47,49,60,73,77,78,95,97
random_eq,lpm2,1954,2,14,20,23,26,35,39,41,44,47,73,77,78,83,92,96
random_eq,lpm2,1955,12,15,23,27,30,33,38,42,44,46,47,56,57,63,75,79
random_eq,lpm2,1956,1,13,14,17,23,31,47,54,59,61,71,81,82,83,84,96
random_eq,lpm2,1957,10,14,26,34,38,42,47,54,68,84,86,88,97,98,99,100
random_eq,lpm2,1958,3,11,23,27,34,36,40,43,44,56,66,71,76,82,89,95
random_eq,lpm2,1959,6,8,9,13,14,21,31,33,40,54,57,60,74,87,88,93
random_eq,lpm2,1960,3,8,20,21,22,32,35,55,65,77,78,80,81,93,94,96
random_eq,lpm2,1961,4,10,15,25,32,34,37,49,60,68,76,86,91,95,98,99
random_eq,lpm2,1962,1,13,23,31,37,38,42,45,58,75,84,86,93,96,97,99
random_eq,lpm2,1963,5,16,18,20,38,43,45,47,50,51,57,59,61,70,76,90
random_eq,lpm2,1964,7,9,27,30,36,39,44,45,57,59,66,76,85,87,88,89
random_eq,lpm2,1965,3,9,17,23,27,32,42,58,64,68,77,81,87,89,92,96
random_eq,lpm2,1966,2,11,12,16,23,28,36,40,44,46,48,58,62,70,71,97
random_eq,lpm2,1967,8,18,19,47,54,58,59,65,66,69,70,80,86,92,96,99
random_eq,lpm2,1968,15,16,31,44,49,53,58,59,60,70,71,73,75,93,94,99
random_eq,lpm2,1969,2,14,16,18,20,28,32,43,44,45,59,76,80,90,91,98
random_eq,lpm2,1970,5,13,15,26,33,35,38,41,60,61,62,69,74,76,84,100
random_eq,lpm2,1971,4,6,7,11,22,27,30,33,35,37,39,48,51,53,60,99
random_eq,lpm2,1972,6,15,22,28,45,52,55,62,64,66,71,74,77,80,81,94
random_eq,lpm2,1973,2,4,5,14,20,22,28,29,43,50,64,66,68,71,85,86
random_eq,lpm2,1974,5,6,9,11,28,46,47,61,64,65,69,70,85,88,91,98
random_eq,lpm2,1975,3,23,29,34,36,44,46,54,63,70,71,82,85,90,91,96
random_eq,lpm2,1976,1,5,8,20,22,32,34,36,52,60,65,67,84,86,88,91
random_eq,lpm2,1977,1,4,7,14,15,21,25,41,48,60,64,72,74,80,81,90
random_eq,lpm2,1978,6,11,13,14,16,19,23,35,36,39,41,46,55,80,90,94
random_eq,lpm2,1979,1,10,14,15,19,20,21,24,32,49,60,65,75,76,91,95
random_eq,lpm2,1980,14,20,32,39,41,44,48,49,51,53,57,67,68,80,83,92
random_eq,lpm2,1981,4,8,15,17,18,31,43,48,54,56,66,72,73,82,85,98
random_eq,lpm2,1982,16,31,41,51,53,63,64,67,68,69,72,73,81,86,87,89
random_eq,lpm2,1983,4,14,15,27,28,31,36,37,38,42,58,60,76,88,90,91
random_eq,lpm2,1984,2,4,7,9,25,31,33,40,44,50,54,70,74,83,91,95
random_eq,lpm2,1985,5,18,24,28,35,40,43,49,60,65,72,74,79,90,91,97
random_eq,lpm2,1986,2,5,20,21,30,41,43,51,56,59,67,71,75,77,85,95
random_eq,lpm2,1987,6,15,24,28,33,43,45,52,73,74,75,80,81,87,89,94
random_eq,lpm2,1988,4,9,17,18,25,34,46,74,87,90,91,92,96,97,99,100
random_eq,lpm2,1989,1,6,8,12,21,27,28,29,38,39,60,65,66,80,94,96
random_eq,lpm2,1990,20,31,41,49,50,51,68,70,74,79,83,87,91,92,96,97
random_eq,lpm2,1991,15,20,21,27,32,55,57,65,76,78,79,80,88,93,94,97
random_eq,lpm2,1992,1,6,9,11,14,23,26,41,43,50,74,78,86,89,92,98
random_eq,lpm2,1993,8,24,28,31,43,44,49,54,62,63,66,74,87,97,98,99
random_eq,lpm2,1994,1,5,7,11,12,19,20,21,22,25,30,33,39,43,55,64
random_eq,lpm2,1995,5,7,10,19,25,30,31,34,38,40,46,69,74,83,89,100
random_eq,lpm2,1996,2,15,21,23,33,40,42,49,50,54,55,73,79,84,95,97
random_eq,lpm2,1997,2,8,16,17,29,35,41,44,47,58,60,62,66,67,81,84
random_eq,lpm2,1998,1,3,7,21,24,29,40,42,49,57,59,61,76,79,85,100
random_eq,lpm2,1999,3,5,6,21,23,30,34,35,41,42,49,59,68,69,77,83
random_eq,lpm2,2000,4,5,17,30,50,51,53,59,64,71,72,82,84,89,90,93
clust_eq,srs,1,93,90,33,18,38,6,36,70,13,87,58,16,68,65,50,20
clust_eq,srs,2,39,55,20,71,25,48,54,45,88,21,41,77,69,87,51,92
clust_eq,srs,3,21,83,25,20,86,99,55,92,100,91,49,76,75,3,68,90
clust_eq,srs,4,72,77,70,89,58,3,23,80,10,40,32,97,56,4,48,86
clust_eq,srs,5,66,75,94,68,73,12,83,46,81,10,50,7,3,5,40,71
clust_eq,srs,6,71,64,82,4,9,89,11,18,42,57,33,26,66,10,98,32
clust_eq,srs,7,39,46,54,44,47,48,96,68,6,87,31,7,99,32,77,36
clust_eq,srs,8,85,93,31,58,88,97,64,39,1,49,52,37,10,87,12,48
clust_eq,srs,9,46,89,18,53,68,64,82,1,32,17,16,26,96,83,50,100
clust_eq,srs,10,82,2,100,67,52,36,7,61,43,8,21,30,99,94,72,88
clust_eq,srs,11,26,7,94,13,17,49,70,1,92,20,74,79,36,43,25,5
clust_eq,srs,12,74,98,53,66,42,77,84,26,7,23,41,94,91,29,85,81
clust_eq,srs,13,4,1,80,70,15,81,58,36,10,67,99,12,49,55,17,43
clust_eq,srs,14,11,89,58,49,24,41,4,65,60,15,91,19,5,97,38,80
clust_eq,srs,15,41,53,81,86,74,27,21,15,24,70,8,7,83,29,79,30
clust_eq,srs,16,68,85,31,67,54,15,40,10,86,12,63,75,60,37,83,44
clust_eq,srs,17,21,84,71,97,59,3,74,96,25,46,53,26,36,14,65,92
clust_eq,srs,18,44,39,38,17,76,88,7,65,12,58,77,32,54,70,26,90
clust_eq,srs,19,35,87,91,4,12,67,81,5,82,23,89,100,8,88,29,99
clust_eq,srs,20,74,33,42,53,44,52,35,62,94,4,37,50,38,66,99,41
clust_eq,srs,21,47,43,9,7,77,12,75,6,89,50,4,91,84,48,35,74
clust_eq,srs,22,25,24,94,52,22,26,7,18,89,38,96,47,49,83,27,48
clust_eq,srs,23,42,67,77,33,71,79,34,63,13,96,20,91,3,74,4,26
clust_eq,srs,24,30,65,52,22,72,83,46,9,57,90,36,86,33,74,4,11
clust_eq,srs,25,46,36,68,5,38,54,19,21,70,12,56,95,41,90,67,81
clust_eq,srs,26,45,15,89,96,10,97,80,92,87,82,39,21,37,50,54,35
clust_eq,srs,27,70,9,78,31,96,99,95,59,52,98,53,83,24,10,47,26
clust_eq,srs,28,80,96,92,2,30,35,42,46,72,28,76,3,51,43,9,100
clust_eq,srs,29,60,35,94,83,22,29,96,6,37,17,76,51,100,16,88,8
clust_eq,srs,30,23,71,20,33,39,93,53,99,91,74,43,14,94,5,31,27
clust_eq,srs,31,3,8,9,67,95,44,89,33,27,92,91,7,96,100,15,75
clust_eq,srs,32,94,73,26,51,21,31,37,8,54,99,39,29,68,49,81,83
clust_eq,srs,33,86,76,49,57,1,41,2,81,96,89,87,27,6,36,71,33
clust_eq,srs,34,84,26,44,46,33,45,90,63,47,18,11,83,43,81,94,69
clust_eq,srs,35,23,32,85,13,97,31,17,56,78,24,58,12,99,21,29,60
clust_eq,srs,36,51,2,28,57,10,41,77,26,30,61,42,43,3,21,92,39
clust_eq,srs,37,75,7,59,25,46,90,38,97,44,50,26,49,54,68,65,81
clust_eq,srs,38,60,77,55,23,61,83,69,31,95,25,24,40,22,59,68,58
clust_eq,srs,39,16,36,38,14,35,68,97,22,32,59,49,78,27,82,2,8
clust_eq,srs,40,70,75,12,52,28,50,77,72,66,22,84,93,19,48,35,65
clust_eq,srs,41,57,15,92,84,42,46,65,93,98,50,96,87,37,66,75,51
clust_eq,srs,42,65,60,93,2,94,75,62,14,84,97,25,24,8,78,16,6
clust_eq,srs,43,9,45,97,88,5,19,73,90,48,52,26,58,49,93,34,99
clust_eq,srs,44,22,21,3,8,68,16,56,9,35,54,1,37,32,78,53,28
clust_eq,srs,45,60,69,61,17,41,49,27,55,36,92,14,28,20,8,91,59
clust_eq,srs,46,7,8,3,100,12,51,65,27,20,63,46,50,26,82,28,53
clust_eq,srs,47,73,59,46,16,64,47,39,99,8,6,87,54,75,88,53,33
clust_eq,srs,48,60,90,53,91,78,62,47,26,69,50,39,74,94,51,29,43
clust_eq,srs,49,78,71,12,31,66,56,97,84,43,46,38,65,44,53,76,3
clust_eq,srs,50,74,10,2,81,78,67,44,83,47,3,96,8,17,36,19,20
clust_eq,srs,51,41,35,31,54,99,26,87,33,96,76,14,84,77,2,97,49
clust_eq,srs,52,73,32,84,1,72,81,41,37,14,7,36,100,51,57,75,20
clust_eq,srs,53,6,91,31,39,3,11,27,68,88,38,70,44,19,59,49,23
clust_eq,srs,54,72,63,25,93,42,68,49,27,86,41,16,37,84,91,62,89
clust_eq,srs,55,45,8,80,42,85,77,83,74,56,13,57,48,19,10,94,55
clust_eq,srs,56,61,23,27,40,73,87,14,58,2,46,39,56,32,9,35,7
clust_eq,srs,57,66,64,63,58,27,53,61,17,7,77,90,3,45,22,80,20
clust_eq,srs,58,13,91,67,39,60,7,69,8,78,64,16,58,47,33,35,48
clust_eq,srs,59,66,87,24,30,47,55,57,1,54,80,31,33,3,53,11,10
clust_eq,srs,60,45,10,1,18,46,80,12,23,33,32,53,29,47,24,55,67
clust_eq,srs,61,92,55,66,61,94,54,99,32,97,93,89,84,39,91,62,72
clust_eq,srs,62,82,13,83,70,71,95,64,74,19,87,22,97,35,100,62,45
clust_eq,srs,63,32,81,30,29,91,13,22,5,75,59,89,36,39,82,48,25
clust_eq,srs,64,100,39,58,8,74,92,62,38,40,48,29,22,51,81,23,61
clust_eq,srs,65,2,99,13,5,78,89,67,84,74,20,16,71,43,91,49,56
clust_eq,srs,66,98,86,46,34,82,56,5,19,35,33,29,97,41,27,45,39
clust_eq,srs,67,74,92,20,71,54,100,97,62,66,50,32,36,6,40,99,83
clust_eq,srs,68,7,29,12,45,28,31,87,44,81,64,18,25,60,24,14,38
clust_eq,srs,69,56,43,7,28,24,10,41,91,27,35,78,95,93,71,65,32
clust_eq,srs,70,46,60,17,36,20,29,90,70,39,16,63,44,89,3,61,31
clust_eq,srs,71,85,96,92,44,7,32,20,47,5,31,80,77,24,13,86,22
clust_eq,srs,72,22,24,96,51,2,26,37,30,6,54,46,67,13,8,92,66
clust_eq,srs,73,27,48,99,36,95,76,38,83,66,40,60,97,51,41,80,72
clust_eq,srs,74,33,87,44,81,1,51,67,39,66,22,70,68,98,29,35,90
clust_eq,srs,75,27,26,79,95,43,29,31,62,99,88,96,49,45,47,84,53
clust_eq,srs,76,87,71,81,97,32,69,63,84,19,79,41,62,73,86,1,18
clust_eq,srs,77,90,80,42,25,74,43,83,81,96,78,62,7,47,89,98,17
clust_eq,srs,78,53,20,30,79,32,75,22,59,65,51,34,19,17,42,74,61
clust_eq,srs,79,6,35,92,18,85,10,32,76,15,69,17,36,83,7,27,34
clust_eq,srs,80,9,56,75,39,42,14,47,20,48,98,23,36,94,79,35,6
clust_eq,srs,81,22,72,3,16,10,25,5,24,57,11,43,18,91,38,34,35
clust_eq,srs,82,43,97,49,24,71,47,59,79,9,6,82,80,21,67,38,28
clust_eq,srs,83,56,9,13,48,8,52,36,82,7,84,20,25,80,22,37,16
clust_eq,srs,84,38,95,6,59,64,50,74,30,89,32,98,57,71,94,70,75
clust_eq,srs,85,86,34,96,79,83,54,45,35,15,42,7,10,8,82,78,62
clust_eq,srs,86,75,49,30,92,22,56,4,48,66,82,79,43,2,80,59,6
clust_eq,srs,87,3,25,75,36,70,65,82,18,83,100,60,59,80,62,15,92
clust_eq,srs,88,39,24,1,66,79,23,42,13,29,33,71,6,26,47,38,96
clust_eq,srs,89,34,79,3,22,1,75,30,55,31,80,57,51,24,36,48,4
clust_eq,srs,90,88,100,51,4,99,90,41,72,33,60,36,74,95,65,78,3
clust_eq,srs,91,85,33,32,34,54,52,5,21,83,40,43,71,90,92,46,49
clust_eq,srs,92,84,63,30,74,24,6,5,46,95,41,48,96,12,8,39,62
clust_eq,srs,93,94,22,34,55,82,19,11,58,90,5,61,86,43,95,81,35
clust_eq,srs,94,2,38,13,54,98,45,35,52,99,1,96,83,87,5,67,29
clust_eq,srs,95,79,92,45,34,68,55,65,15,5,100,31,72,1,84,38,10
clust_eq,srs,96,40,5,22,27,71,13,82,63,24,35,41,51,12,30,2,18
clust_eq,srs,97,44,10,8,95,21,66,94,25,39,62,47,68,74,69,65,86
clust_eq,srs,98,34,48,98,66,28,33,10,72,44,12,2,37,52,78,6,36
clust_eq,srs,99,16,58,17,49,28,11,99,93,7,30,52,54,31,4,66,13
clust_eq,srs,100,74,50,34,45,80,10,21,20,82,54,25,91,55,44,7,23
clust_eq,srs,101,72,55,96,54,46,93,82,16,11,62,35,32,24,70,12,67
clust_eq,srs,102,87,61,94,88,71,96,56,78,49,79,12,9,17,48,81,100
clust_eq,srs,103,48,33,2,31,55,13,19,67,93,40,10,90,38,70,94,3
clust_eq,srs,104,64,75,86,32,44,36,73,22,80,67,40,70,35,95,9,46
clust_eq,srs,105,72,49,88,73,28,52,34,16,19,61,59,4,93,71,96,31
clust_eq,srs,106,8,42,98,39,68,34,92,76,48,93,49,59,21,71,74,47
clust_eq,srs,107,24,80,94,71,27,62,43,77,40,23,1,19,82,18,87,16
clust_eq,srs,108,95,58,79,43,48,89,45,83,75,86,32,39,14,93,61,67
clust_eq,srs,109,93,54,9,83,88,43,81,78,86,32,64,73,37,65,97,23
clust_eq,srs,110,69,12,54,49,68,61,86,36,39,84,64,53,88,55,7,8
clust_eq,srs,111,60,42,97,59,66,47,69,74,88,77,24,79,9,37,22,14
clust_eq,srs,112,74,67,7,65,49,84,59,45,86,14,66,38,43,75,72,61
clust_eq,srs,113,54,46,49,13,93,73,76,50,12,99,16,60,38,92,6,57
clust_eq,srs,114,4,10,78,17,62,56,67,92,80,31,69,89,99,6,9,41
clust_eq,srs,115,12,26,45,3,6,33,44,34,52,86,25,77,41,17,66,96
clust_eq,srs,116,92,60,31,99,49,9,83,56,12,20,88,95,21,26,42,34
clust_eq,srs,117,61,24,28,93,30,72,23,65,52,90,17,47,16,56,69,3
clust_eq,srs,118,31,12,78,36,1,53,88,73,42,79,26,95,77,64,44,32
clust_eq,srs,119,38,3,55,12,94,60,51,37,96,63,66,1,91,82,9,21
clust_eq,srs,120,83,9,36,64,79,63,14,68,4,73,31,100,22,90,70,93
clust_eq,srs,121,99,50,55,48,14,71,35,80,31,43,4,68,12,97,17,93
clust_eq,srs,122,65,30,83,74,40,10,71,5,34,27,85,72,59,18,20,33
clust_eq,srs,123,78,85,35,27,49,13,10,82,45,34,7,8,6,43,3,22
clust_eq,srs,124,93,60,1,100,55,69,24,23,73,70,99,71,47,52,78,7
clust_eq,srs,125,52,1,39,31,76,55,50,30,13,98,22,87,29,90,75,34
clust_eq,srs,126,54,96,24,90,75,26,59,32,1,14,78,91,82,70,57,41
clust_eq,srs,127,48,98,25,99,67,76,39,18,60,34,43,21,20,58,86,27
clust_eq,srs,128,2,39,74,94,13,80,42,25,5,73,62,76,50,63,55,96
clust_eq,srs,129,35,14,57,15,28,68,86,37,17,6,72,65,78,32,47,100
clust_eq,srs,130,61,21,93,7,6,71,1,67,50,81,96,17,57,31,51,84
clust_eq,srs,131,87,68,30,24,57,40,93,59,45,37,85,25,4,94,89,71
clust_eq,srs,132,49,1,89,70,42,24,31,11,43,34,84,72,99,30,9,79
clust_eq,srs,133,83,27,89,24,50,31,59,3,30,32,91,54,45,77,37,41
clust_eq,srs,134,20,8,80,32,91,7,18,54,58,50,35,27,16,78,44,31
clust_eq,srs,135,36,1,34,25,4,31,53,14,61,32,83,84,66,92,33,10
clust_eq,srs,136,87,65,21,19,28,72,10,44,18,71,41,74,92,9,26,40
clust_eq,srs,137,54,21,68,83,70,50,46,19,15,20,99,43,62,64,28,39
clust_eq,srs,138,68,70,11,79,35,54,27,14,89,50,57,44,32,75,92,31
clust_eq,srs,139,70,67,5,80,59,26,91,32,74,33,100,85,57,87,3,1
clust_eq,srs,140,92,39,5,57,94,85,73,86,90,64,56,69,28,52,54,71
clust_eq,srs,141,8,92,25,2,45,61,99,53,91,57,78,39,86,48,69,75
clust_eq,srs,142,57,33,72,83,96,65,93,2,98,94,35,16,97,36,50,13
clust_eq,srs,143,68,99,31,44,52,70,53,76,71,55,91,10,57,81,4,77
clust_eq,srs,144,96,49,100,43,53,32,23,52,98,95,65,16,74,24,30,21
clust_eq,srs,145,65,100,70,89,52,30,53,15,8,96,86,36,67,82,46,45
clust_eq,srs,146,44,89,22,49,81,14,2,6,47,91,84,60,97,28,27,30
clust_eq,srs,147,46,25,51,91,80,34,99,40,56,79,70,50,29,96,8,78
clust_eq,srs,148,7,5,35,41,88,79,63,69,3,86,43,95,49,96,29,90
clust_eq,srs,149,14,32,12,35,21,54,68,57,58,97,46,76,62,45,16,29
clust_eq,srs,150,82,94,100,1,19,48,85,74,7,96,21,50,43,72,98,78
clust_eq,srs,151,85,86,70,51,61,62,21,91,4,48,58,18,53,33,98,39
clust_eq,srs,152,47,34,54,67,100,95,73,20,96,45,66,8,86,10,51,65
clust_eq,srs,153,70,86,65,7,35,74,62,71,76,47,79,82,33,45,98,29
clust_eq,srs,154,42,90,6,51,89,48,23,9,72,12,85,91,53,82,98,46
clust_eq,srs,155,86,73,2,57,38,8,99,94,71,59,87,77,76,56,24,20
clust_eq,srs,156,48,9,41,49,100,61,59,84,92,82,58,86,5,80,35,97
clust_eq,srs,157,54,100,42,85,31,95,55,15,22,7,78,66,1,32,16,99
clust_eq,srs,158,55,36,74,38,14,2,26,49,97,99,39,100,63,78,75,8
clust_eq,srs,159,86,95,30,82,74,3,36,56,51,38,14,76,33,15,49,10
clust_eq,srs,160,55,23,75,69,96,8,53,22,44,41,32,19,12,87,33,46
clust_eq,srs,161,59,69,77,60,50,14,39,97,4,45,12,92,35,79,19,86
clust_eq,srs,162,3,19,54,10,80,86,98,35,11,7,63,93,30,94,62,88
clust_eq,srs,163,64,66,8,19,18,54,22,79,41,34,60,28,45,68,92,3
clust_eq,srs,164,29,48,67,63,4,46,13,73,87,76,88,8,65,59,91,44
clust_eq,srs,165,99,39,45,14,53,46,49,75,81,96,13,51,2,9,64,67
clust_eq,srs,166,93,35,91,41,52,73,98,12,11,24,92,96,26,65,16,90
clust_eq,srs,167,9,1,69,53,55,86,40,7,2,27,31,96,5,50,24,36
clust_eq,srs,168,99,72,45,31,28,36,93,11,30,56,65,42,1,97,25,100
clust_eq,srs,169,19,24,62,99,31,81,4,61,87,30,86,68,16,69,65,33
clust_eq,srs,170,82,86,50,80,84,63,81,43,15,35,46,87,73,27,65,52
clust_eq,srs,171,10,49,22,64,3,80,7,58,54,81,63,59,61,94,98,44
clust_eq,srs,172,76,87,14,53,33,90,63,75,5,20,34,74,45,95,44,21
clust_eq,srs,173,46,56,12,97,25,41,96,43,92,93,18,75,81,61,62,80
clust_eq,srs,174,70,64,52,34,99,6,20,32,36,17,67,75,27,18,97,51
clust_eq,srs,175,46,97,3,1,44,33,19,28,48,56,52,67,87,83,21,62
clust_eq,srs,176,50,14,35,90,33,56,62,84,80,55,53,87,11,88,51,47
clust_eq,srs,177,64,54,65,45,53,55,58,79,41,8,60,33,87,85,70,38
clust_eq,srs,178,58,89,53,42,87,59,94,75,73,72,10,24,28,64,93,30
clust_eq,srs,179,58,25,88,2,42,35,22,41,54,52,5,81,26,64,59,94
clust_eq,srs,180,9,43,2,94,79,59,90,4,74,85,25,30,84,65,53,77
clust_eq,srs,181,19,20,22,76,97,17,43,13,91,2,40,56,87,11,77,41
clust_eq,srs,182,31,43,80,55,26,99,66,59,25,28,38,77,20,39,71,22
clust_eq,srs,183,13,81,63,96,74,23,14,37,98,62,2,34,99,8,50,49
clust_eq,srs,184,91,23,77,54,42,72,40,53,14,83,22,89,33,39,10,85
clust_eq,srs,185,32,66,15,83,45,77,50,39,30,98,68,84,37,69,53,92
clust_eq,srs,186,46,34,41,82,86,65,43,6,62,23,64,71,27,44,58,87
clust_eq,srs,187,63,92,55,88,29,20,19,98,7,31,40,57,84,33,71,76
clust_eq,srs,188,19,31,64,22,41,6,62,93,84,42,56,7,16,50,28,8
clust_eq,srs,189,12,27,58,59,40,2,29,35,16,69,99,86,94,61,26,52
clust_eq,srs,190,94,2,75,48,53,24,52,98,59,87,12,19,36,46,23,93
clust_eq,srs,191,70,78,2,28,37,56,76,87,40,98,44,5,95,63,24,27
clust_eq,srs,192,9,26,66,54,13,52,36,91,55,70,83,19,10,71,1,63
clust_eq,srs,193,45,85,55,78,23,4,29,52,51,32,22,19,76,36,72,3
clust_eq,srs,194,58,37,61,15,78,56,39,69,10,73,74,44,28,99,63,5
clust_eq,srs,195,42,15,92,91,79,100,60,14,38,61,1,44,87,10,43,49
clust_eq,srs,196,70,59,12,100,40,43,17,5,30,33,20,94,53,61,39,98
clust_eq,srs,197,15,39,97,46,74,41,22,10,73,82,57,81,32,89,76,26
clust_eq,srs,198,67,91,66,41,83,71,47,50,98,16,43,26,30,15,78,70
clust_eq,srs,199,61,38,66,10,37,78,95,55,19,23,93,65,64,35,31,71
clust_eq,srs,200,2,17,72,95,97,35,5,22,19,68,60,69,3,46,96,45
clust_eq,srs,201,20,8,17,19,23,93,21,95,73,94,32,14,50,71,9,35
clust_eq,srs,202,21,64,48,68,95,83,100,99,92,29,36,20,11,59,28,89
clust_eq,srs,203,26,97,62,13,1,51,41,29,60,44,81,84,7,5,100,16
clust_eq,srs,204,59,89,66,10,39,21,97,30,48,67,17,58,38,31,34,83
clust_eq,srs,205,58,14,66,96,57,74,41,51,99,34,5,69,37,79,92,61
clust_eq,srs,206,94,96,50,8,22,78,42,31,46,5,49,91,77,18,60,100
clust_eq,srs,207,98,57,62,58,66,68,73,25,79,1,21,86,44,36,89,83
clust_eq,srs,208,42,1,83,90,16,98,58,80,88,22,74,96,23,47,34,60
clust_eq,srs,209,47,67,94,95,84,97,61,10,13,58,80,2,79,70,44,46
clust_eq,srs,210,5,91,85,92,86,19,13,31,53,83,90,11,17,72,54,28
clust_eq,srs,211,13,66,14,74,37,73,11,61,9,3,49,32,72,45,42,53
clust_eq,srs,212,6,73,39,37,24,76,7,32,27,18,93,21,42,79,38,53
clust_eq,srs,213,10,90,71,14,24,27,87,52,66,100,98,50,8,6,34,44
clust_eq,srs,214,11,77,21,38,87,31,68,32,22,43,72,66,36,81,53,52
clust_eq,srs,215,73,48,11,86,25,59,15,75,85,78,77,39,38,71,36,83
clust_eq,srs,216,26,86,34,36,10,57,64,74,25,46,73,50,99,92,69,67
clust_eq,srs,217,33,35,43,17,16,27,59,14,95,52,77,51,96,97,25,1
clust_eq,srs,218,27,3,84,98,14,55,46,12,100,70,61,16,48,25,13,39
clust_eq,srs,219,77,8,57,44,17,31,81,24,79,19,18,62,80,7,26,30
clust_eq,srs,220,3,25,37,100,94,76,9,60,34,7,14,45,13,79,67,57
clust_eq,srs,221,82,80,93,67,81,50,34,26,37,94,54,88,89,83,4,38
clust_eq,srs,222,35,32,62,80,44,83,75,43,12,41,97,10,6,67,81,13
clust_eq,srs,223,100,40,70,38,46,99,91,41,65,32,1,25,52,89,26,90
clust_eq,srs,224,15,84,50,79,75,99,24,1,5,78,35,65,63,82,52,59
clust_eq,srs,225,78,51,16,92,39,70,46,30,14,75,90,18,67,32,76,21
clust_eq,srs,226,67,19,6,37,74,92,72,50,10,81,52,43,48,100,23,70
clust_eq,srs,227,40,61,12,43,70,9,79,67,85,82,94,100,86,73,16,91
clust_eq,srs,228,67,52,89,3,100,61,93,38,15,72,83,99,56,11,71,77
clust_eq,srs,229,38,46,24,16,82,25,81,80,4,79,58,73,69,83,63,50
clust_eq,srs,230,5,99,48,28,35,84,29,24,18,49,88,39,40,65,60,71
clust_eq,srs,231,65,67,25,72,18,41,9,17,95,57,46,58,2,79,47,7
clust_eq,srs,232,14,63,15,22,32,11,36,24,90,2,40,42,46,73,64,80
clust_eq,srs,233,95,30,77,90,42,18,66,26,100,11,70,73,41,99,68,23
clust_eq,srs,234,89,31,53,24,60,3,4,48,13,74,36,68,73,80,11,43
clust_eq,srs,235,73,10,71,94,23,51,17,4,82,9,2,85,69,91,43,26
clust_eq,srs,236,63,58,41,24,18,34,20,79,16,40,66,28,44,71,60,76
clust_eq,srs,237,52,76,44,80,29,78,26,48,84,45,86,14,72,93,73,42
clust_eq,srs,238,28,23,100,20,14,93,80,79,63,26,52,3,84,54,59,69
clust_eq,srs,239,80,3,65,62,2,31,69,71,72,88,33,51,97,9,57,43
clust_eq,srs,240,68,35,34,36,98,66,37,96,78,51,32,49,54,56,10,27
clust_eq,srs,241,55,8,41,81,91,60,29,52,76,50,93,26,37,92,94,31
clust_eq,srs,242,70,33,26,59,99,15,87,47,79,82,95,16,78,5,66,45
clust_eq,srs,243,3,44,72,67,51,22,37,25,46,64,39,16,70,61,14,63
clust_eq,srs,244,37,17,3,19,27,89,47,98,69,43,64,44,56,50,7,2
clust_eq,srs,245,6,48,46,12,61,15,69,92,24,97,47,36,25,85,52,27
clust_eq,srs,246,73,39,99,28,16,32,72,71,6,25,51,38,29,60,92,37
clust_eq,srs,247,10,29,70,26,14,47,15,42,80,4,8,81,86,58,53,57
clust_eq,srs,248,47,63,36,90,5,84,11,64,13,65,89,27,26,18,70,40
clust_eq,srs,249,52,63,58,16,95,93,27,26,47,68,56,64,59,54,97,32
clust_eq,srs,250,90,20,60,97,65,2,5,49,45,18,24,88,53,37,27,78
clust_eq,srs,251,31,91,81,65,56,62,57,93,53,79,51,33,87,80,36,13
clust_eq,srs,252,27,55,26,47,67,86,22,36,79,44,71,88,97,10,93,62
clust_eq,srs,253,69,43,6,39,55,2,89,68,22,7,11,44,35,53,86,87
clust_eq,srs,254,80,77,83,61,65,71,78,81,30,42,91,22,79,48,41,33
clust_eq,srs,255,13,87,96,75,40,57,91,86,29,11,67,15,47,71,42,26
clust_eq,srs,256,68,33,73,94,24,71,85,2,39,41,6,88,91,27,97,59
clust_eq,srs,257,24,22,74,54,10,78,35,77,29,17,58,83,11,80,33,86
clust_eq,srs,258,14,51,98,55,44,4,94,11,85,34,24,22,48,88,1,59
clust_eq,srs,259,75,94,85,14,1,53,79,4,73,9,70,60,64,18,35,11
clust_eq,srs,260,19,95,54,20,56,11,61,82,35,90,21,39,66,12,28,52
clust_eq,srs,261,64,78,9,98,83,8,33,7,25,51,61,75,63,34,67,94
clust_eq,srs,262,9,53,51,27,4,48,80,40,94,17,15,5,12,65,59,3
clust_eq,srs,263,31,33,19,61,53,37,1,29,17,40,2,80,38,94,67,14
clust_eq,srs,264,97,18,26,17,100,3,76,2,7,19,28,32,33,47,86,72
clust_eq,srs,265,86,53,60,25,20,73,22,38,58,68,8,2,30,32,87,9
clust_eq,srs,266,1,93,43,29,27,35,5,8,19,84,89,10,73,51,52,28
clust_eq,srs,267,91,99,42,33,7,61,63,25,71,23,68,64,47,31,51,14
clust_eq,srs,268,52,99,14,48,1,34,27,73,67,79,68,80,7,98,32,94
clust_eq,srs,269,28,45,100,71,23,3,52,33,76,87,29,35,66,73,96,12
clust_eq,srs,270,19,63,30,99,98,85,59,75,61,27,31,54,66,35,25,39
clust_eq,srs,271,36,61,62,26,80,48,21,69,100,99,85,8,15,87,6,38
clust_eq,srs,272,21,47,94,7,11,2,22,98,92,17,66,90,54,37,18,58
clust_eq,srs,273,2,27,24,7,37,75,36,66,11,44,92,52,17,77,80,55
clust_eq,srs,274,45,19,74,48,30,51,10,99,64,66,40,86,1,68,13,27
clust_eq,srs,275,10,55,65,72,42,6,12,41,84,100,98,83,51,66,14,46
clust_eq,srs,276,8,59,91,70,67,47,77,42,17,29,4,23,72,40,49,69
clust_eq,srs,277,95,70,13,46,90,81,43,87,40,25,4,57,86,18,42,22
clust_eq,srs,278,99,11,25,36,5,66,14,4,89,30,82,65,51,42,76,97
clust_eq,srs,279,79,14,44,19,93,58,89,47,53,92,94,16,33,65,84,62
clust_eq,srs,280,24,77,58,6,18,42,38,52,48,87,20,33,37,80,21,69
clust_eq,srs,281,82,93,78,17,13,22,31,21,57,40,94,89,81,65,87,49
clust_eq,srs,282,96,68,6,25,44,17,38,98,15,90,89,37,95,32,82,91
clust_eq,srs,283,4,72,70,26,45,60,84,34,91,90,32,33,19,86,98,43
clust_eq,srs,284,67,99,75,10,3,79,45,34,57,12,93,8,18,26,46,21
clust_eq,srs,285,2,7,13,43,19,45,12,33,42,47,99,29,75,96,39,72
clust_eq,srs,286,15,57,93,84,65,47,40,92,16,37,73,59,33,72,62,53
clust_eq,srs,287,21,56,20,98,7,13,40,80,44,37,1,83,69,96,64,94
clust_eq,srs,288,53,30,41,83,8,54,91,45,46,32,87,5,35,25,93,69
clust_eq,srs,289,44,96,5,67,15,97,30,63,29,19,26,21,47,95,45,46
clust_eq,srs,290,11,22,47,23,58,8,12,61,7,53,24,27,85,38,94,80
clust_eq,srs,291,92,2,83,50,98,87,40,43,6,88,77,11,33,7,39,17
clust_eq,srs,292,48,82,95,100,77,91,18,15,26,52,24,76,51,17,59,62
clust_eq,srs,293,59,46,34,35,24,6,10,11,58,2,82,98,61,73,97,25
clust_eq,srs,294,29,1,97,42,49,23,65,51,66,96,37,52,89,71,62,30
clust_eq,srs,295,33,68,60,12,14,2,30,41,64,44,62,88,16,79,69,49
clust_eq,srs,296,84,6,34,2,96,90,56,13,63,57,19,1,71,73,65,44
clust_eq,srs,297,45,58,75,52,36,100,1,66,32,46,67,16,47,72,69,84
clust_eq,srs,298,62,52,77,32,44,10,13,73,25,45,8,2,14,16,5,7
clust_eq,srs,299,80,59,15,89,60,57,22,43,70,9,14,52,76,58,16,20
clust_eq,srs,300,22,3,46,62,21,13,73,52,49,84,80,43,88,57,90,55
clust_eq,srs,301,41,4,14,98,66,64,22,29,10,8,95,91,87,30,11,16
clust_eq,srs,302,61,55,18,12,23,40,21,9,78,1,83,89,68,56,50,3
clust_eq,srs,303,68,66,52,27,43,96,65,99,36,54,75,94,14,40,60,42
clust_eq,srs,304,86,22,58,59,80,25,66,47,83,61,1,77,13,34,99,23
clust_eq,srs,305,10,68,9,91,87,30,67,18,84,25,47,71,20,36,44,34
clust_eq,srs,306,17,78,58,83,16,47,99,25,14,5,65,60,86,63,56,70
clust_eq,srs,307,36,86,85,71,90,14,98,45,78,57,17,64,68,79,31,43
clust_eq,srs,308,28,94,9,52,25,19,45,100,67,33,62,35,1,18,40,15
clust_eq,srs,309,92,60,30,12,31,14,57,81,55,96,4,64,44,10,29,21
clust_eq,srs,310,34,59,40,76,96,28,54,71,27,95,62,33,51,23,29,73
clust_eq,srs,311,47,77,56,82,25,35,18,87,9,91,37,39,99,10,59,98
clust_eq,srs,312,63,46,41,29,83,32,93,1,36,61,99,54,8,26,48,73
clust_eq,srs,313,66,77,70,99,2,25,45,16,37,43,22,83,31,52,58,20
clust_eq,srs,314,12,47,22,35,16,25,20,65,99,2,71,15,70,52,30,55
clust_eq,srs,315,36,33,83,73,24,31,10,54,27,51,43,38,42,62,77,68
clust_eq,srs,316,25,93,91,3,52,95,83,7,19,64,88,66,89,24,5,40
clust_eq,srs,317,59,13,69,30,75,55,38,34,47,23,74,80,79,98,16,40
clust_eq,srs,318,17,98,1,62,9,35,52,49,78,29,93,53,38,3,96,42
clust_eq,srs,319,55,19,33,39,1,57,8,24,63,53,47,80,13,81,38,92
clust_eq,srs,320,71,29,58,45,40,18,13,95,37,74,87,10,65,23,81,92
clust_eq,srs,321,92,37,84,11,42,69,59,19,24,53,61,44,48,91,12,14
clust_eq,srs,322,40,35,10,100,65,70,33,83,53,69,77,30,67,24,29,38
clust_eq,srs,323,17,24,74,39,87,12,48,80,71,50,27,20,32,61,44,63
clust_eq,srs,324,33,11,7,9,22,14,98,56,69,78,42,59,18,57,49,32
clust_eq,srs,325,26,35,44,40,83,17,90,25,91,28,13,16,63,82,18,54
clust_eq,srs,326,38,64,90,96,100,40,52,97,84,16,26,22,17,21,79,6
clust_eq,srs,327,91,76,68,50,38,61,12,20,96,26,75,19,71,35,13,29
clust_eq,srs,328,91,17,6,39,2,100,12,59,47,20,57,29,32,11,92,55
clust_eq,srs,329,72,87,19,46,77,37,100,47,64,57,33,76,29,54,80,50
clust_eq,srs,330,61,41,2,100,49,69,21,40,68,94,10,81,5,66,4,32
clust_eq,srs,331,16,54,70,82,8,81,41,87,13,46,23,58,30,2,62,32
clust_eq,srs,332,68,3,22,82,71,20,11,64,57,98,53,88,91,10,80,60
clust_eq,srs,333,33,22,40,82,20,50,44,73,59,31,9,83,72,13,11,81
clust_eq,srs,334,26,88,5,93,38,52,48,69,61,53,81,47,98,70,79,74
clust_eq,srs,335,42,52,99,38,72,46,98,28,69,82,60,66,37,86,87,10
clust_eq,srs,336,13,1,22,19,69,23,94,68,48,76,27,79,35,99,28,41
clust_eq,srs,337,81,42,19,74,38,91,75,1,82,39,50,76,23,47,51,46
clust_eq,srs,338,73,43,34,63,95,84,91,85,90,93,97,81,12,6,2,30
clust_eq,srs,339,76,65,69,55,40,52,96,14,89,53,48,39,60,32,26,9
clust_eq,srs,340,24,65,41,44,97,69,98,43,88,35,45,60,61,54,55,3
clust_eq,srs,341,96,41,23,76,94,100,28,30,91,5,22,3,80,32,38,25
clust_eq,srs,342,48,6,30,37,96,32,49,79,70,3,58,29,91,73,69,57
clust_eq,srs,343,56,29,97,64,63,5,54,47,68,58,98,51,76,66,12,55
clust_eq,srs,344,14,7,36,23,8,35,64,100,19,84,44,11,90,69,97,34
clust_eq,srs,345,59,48,4,27,22,47,43,63,25,89,34,7,2,60,52,53
clust_eq,srs,346,39,1,72,80,10,18,7,95,25,77,100,56,29,53,82,11
clust_eq,srs,347,60,73,27,31,24,49,59,81,15,91,67,85,29,28,9,48
clust_eq,srs,348,39,93,78,71,18,69,33,9,27,82,67,61,60,90,64,32
clust_eq,srs,349,80,10,44,24,57,47,46,78,22,13,25,26,68,91,3,70
clust_eq,srs,350,2,19,97,74,34,75,80,28,48,23,41,60,65,26,62,30
clust_eq,srs,351,88,44,67,35,78,37,77,36,81,83,27,87,86,16,99,74
clust_eq,srs,352,15,95,64,36,33,87,61,57,39,19,9,50,45,66,89,77
clust_eq,srs,353,10,25,40,11,49,57,30,64,82,99,56,53,35,70,14,95
clust_eq,srs,354,100,81,16,60,93,99,71,35,76,45,21,75,47,11,63,5
clust_eq,srs,355,92,19,20,50,73,14,39,32,8,9,37,10,81,87,89,23
clust_eq,srs,356,62,31,39,15,53,87,17,56,55,74,23,61,40,85,96,33
clust_eq,srs,357,23,24,12,50,41,81,99,35,84,96,59,33,85,77,90,80
clust_eq,srs,358,74,13,73,67,17,44,88,76,100,37,57,98,52,16,9,71
clust_eq,srs,359,52,66,30,38,98,3,55,9,45,23,95,19,96,91,26,20
clust_eq,srs,360,91,92,82,61,95,55,47,81,39,52,77,3,21,15,50,11
clust_eq,srs,361,85,11,38,74,32,48,73,2,92,28,34,10,86,40,14,1
clust_eq,srs,362,83,88,72,77,74,20,76,86,58,54,70,11,60,15,10,8
clust_eq,srs,363,91,62,82,93,46,22,2,32,80,47,31,51,26,88,99,34
clust_eq,srs,364,61,100,24,9,91,84,25,48,29,47,37,94,51,49,13,92
clust_eq,srs,365,54,94,82,23,96,56,15,74,91,92,16,83,63,81,69,48
clust_eq,srs,366,69,60,90,31,3,18,81,47,98,53,8,57,52,33,94,41
clust_eq,srs,367,15,66,72,81,59,68,14,100,67,45,32,87,50,23,26,44
clust_eq,srs,368,97,79,70,26,86,5,10,17,71,89,59,75,49,48,6,36
clust_eq,srs,369,40,80,58,9,47,57,45,51,20,10,88,100,7,99,77,17
clust_eq,srs,370,87,98,4,48,21,99,8,59,9,22,1,53,86,23,75,73
clust_eq,srs,371,91,54,95,34,57,83,96,100,37,81,5,11,39,89,79,93
clust_eq,srs,372,8,15,56,35,16,3,24,47,33,31,10,14,11,44,94,17
clust_eq,srs,373,85,18,66,27,41,16,84,52,88,21,15,75,28,51,43,96
clust_eq,srs,374,95,48,54,46,34,32,31,66,30,6,100,90,23,97,96,52
clust_eq,srs,375,53,90,46,20,40,55,22,4,28,98,57,25,99,95,51,54
clust_eq,srs,376,55,100,99,52,12,10,78,11,83,30,60,58,76,49,74,59
clust_eq,srs,377,33,43,29,100,10,5,50,60,58,16,90,47,8,67,91,21
clust_eq,srs,378,73,72,7,44,6,10,66,86,53,96,93,78,85,22,90,56
clust_eq,srs,379,56,47,39,11,46,68,10,54,49,77,50,65,24,69,41,6
clust_eq,srs,380,67,82,22,92,94,23,59,97,6,42,37,5,69,91,87,21
clust_eq,srs,381,53,16,42,26,34,36,57,79,47,28,76,94,64,20,73,89
clust_eq,srs,382,77,6,39,54,73,19,45,17,33,86,98,92,93,83,23,50
clust_eq,srs,383,25,57,9,68,76,79,96,15,97,28,64,27,5,92,56,6
clust_eq,srs,384,91,7,85,36,15,90,3,99,73,6,53,89,11,82,28,10
clust_eq,srs,385,78,60,89,76,64,30,6,93,24,55,54,11,100,73,22,86
clust_eq,srs,386,75,5,39,35,15,60,24,16,54,13,86,69,28,20,63,57
clust_eq,srs,387,100,49,9,21,13,23,93,81,25,47,33,90,27,73,82,42
clust_eq,srs,388,82,73,22,93,53,70,11,89,14,85,40,96,54,45,7,10
clust_eq,srs,389,13,23,72,42,48,74,39,54,94,37,51,91,49,14,47,15
clust_eq,srs,390,9,2,94,15,37,4,3,77,39,62,25,40,32,38,80,75
clust_eq,srs,391,89,38,4,21,29,6,34,87,7,93,94,85,22,36,15,49
clust_eq,srs,392,65,91,38,81,18,43,9,79,37,22,52,8,29,28,67,76
clust_eq,srs,393,57,66,17,60,12,69,75,83,10,23,9,48,90,56,27,15
clust_eq,srs,394,3,55,14,19,28,88,50,34,18,16,86,51,68,53,64,95
clust_eq,srs,395,10,2,26,95,4,67,63,72,87,15,19,12,24,20,37,38
clust_eq,srs,396,30,73,54,86,34,10,15,9,81,77,95,37,76,67,71,4
clust_eq,srs,397,49,78,65,26,85,32,58,89,42,24,45,81,75,88,79,28
clust_eq,srs,398,69,8,28,14,84,48,91,100,86,38,62,53,47,89,93,80
clust_eq,srs,399,75,14,63,51,72,70,24,52,3,88,99,96,80,55,47,30
clust_eq,srs,400,86,30,1,8,82,38,44,83,60,74,89,19,40,36,3,70
clust_eq,srs,401,14,73,40,71,12,4,84,93,65,54,68,83,5,47,81,26
clust_eq,srs,402,3,17,73,48,50,15,53,93,83,100,56,5,77,79,19,25
clust_eq,srs,403,11,95,55,30,98,38,23,54,33,29,97,49,63,13,21,15
clust_eq,srs,404,14,5,59,26,76,96,2,31,33,83,97,39,90,1,75,81
clust_eq,srs,405,82,92,62,79,86,74,12,51,37,54,78,19,4,67,60,59
clust_eq,srs,406,60,71,29,91,61,15,48,27,87,54,100,99,58,5,3,56
clust_eq,srs,407,49,55,11,26,90,45,25,80,44,72,96,54,16,17,50,24
clust_eq,srs,408,44,79,20,57,18,16,74,23,85,40,94,48,6,17,86,38
clust_eq,srs,409,71,11,51,100,29,10,47,23,6,56,72,83,19,43,8,66
clust_eq,srs,410,22,70,17,100,48,81,98,87,93,88,1,24,25,57,37,83
clust_eq,srs,411,45,18,74,62,87,71,76,81,8,55,59,91,70,51,89,40
clust_eq,srs,412,71,93,70,8,56,57,32,75,33,77,81,35,43,27,39,84
clust_eq,srs,413,26,30,54,24,64,99,73,80,96,3,55,72,34,27,40,84
clust_eq,srs,414,84,34,65,95,73,54,93,43,63,60,8,66,67,99,64,36
clust_eq,srs,415,24,26,80,41,1,95,22,73,47,78,52,60,79,30,64,54
clust_eq,srs,416,9,25,83,58,92,45,77,59,29,47,70,32,51,73,6,54
clust_eq,srs,417,52,27,29,26,56,78,99,94,60,10,74,48,77,5,36,44
clust_eq,srs,418,72,57,63,47,99,60,96,85,11,45,66,41,81,24,50,40
clust_eq,srs,419,82,30,88,14,77,9,45,33,20,32,18,3,76,60,55,95
clust_eq,srs,420,24,92,70,39,81,51,57,40,98,61,31,96,48,59,83,21
clust_eq,srs,421,2,100,26,66,22,78,65,58,46,40,61,77,35,32,90,96
clust_eq,srs,422,60,24,44,52,45,39,70,90,97,9,81,7,49,63,87,94
clust_eq,srs,423,81,38,64,85,30,71,97,11,58,49,53,48,57,9,100,88
clust_eq,srs,424,91,31,61,71,29,89,46,20,5,77,11,44,93,79,68,43
clust_eq,srs,425,99,2,59,51,57,70,86,71,54,58,81,95,69,76,47,98
clust_eq,srs,426,74,85,65,33,7,94,46,56,82,72,11,16,39,22,6,51
clust_eq,srs,427,5,61,60,72,97,92,53,12,9,1,54,86,65,80,91,73
clust_eq,srs,428,53,8,73,32,7,67,44,31,25,28,88,68,95,98,75,63
clust_eq,srs,429,79,24,53,10,50,80,6,44,17,87,45,19,75,22,86,88
clust_eq,srs,430,68,91,10,44,20,81,86,97,39,83,70,100,36,19,14,11
clust_eq,srs,431,56,23,66,60,77,43,52,1,62,57,92,10,83,45,61,30
clust_eq,srs,432,27,26,5,17,25,76,29,7,69,47,63,16,55,93,67,72
clust_eq,srs,433,99,90,18,91,32,63,35,79,10,23,61,89,54,47,33,44
clust_eq,srs,434,60,19,95,25,75,76,99,82,13,81,15,71,98,47,66,43
clust_eq,srs,435,72,83,32,10,20,58,96,86,42,39,28,40,56,78,23,6
clust_eq,srs,436,71,94,98,68,79,56,58,69,18,27,47,19,50,78,24,22
clust_eq,srs,437,24,38,88,59,50,9,10,71,92,69,40,80,82,66,89,3
clust_eq,srs,438,31,68,42,11,25,4,82,21,47,54,6,14,60,27,76,16
clust_eq,srs,439,48,26,50,68,77,32,75,51,54,38,67,25,78,57,79,91
clust_eq,srs,440,80,81,29,14,72,19,35,46,28,66,55,44,77,84,78,82
clust_eq,srs,441,80,92,14,77,52,57,5,97,82,93,55,25,53,17,46,76
clust_eq,srs,442,26,40,80,17,60,39,88,100,4,85,61,38,50,2,92,16
clust_eq,srs,443,85,10,67,18,14,42,8,61,2,5,92,51,19,68,82,66
clust_eq,srs,444,90,77,44,31,89,94,36,92,67,69,80,27,73,47,16,54
clust_eq,srs,445,38,66,72,30,43,70,1,18,5,95,84,54,36,35,9,99
clust_eq,srs,446,57,77,7,26,86,8,97,61,81,65,6,27,83,73,22,56
clust_eq,srs,447,89,78,50,35,59,32,41,33,26,91,69,24,79,31,14,12
clust_eq,srs,448,61,13,44,67,12,79,51,77,21,57,10,58,17,91,26,78
clust_eq,srs,449,14,75,63,88,29,81,25,68,100,8,77,46,99,78,19,10
clust_eq,srs,450,13,74,48,35,88,73,38,90,63,45,14,34,81,68,47,21
clust_eq,srs,451,7,40,22,10,6,71,49,12,64,80,98,4,57,41,28,72
clust_eq,srs,452,56,90,42,21,19,17,84,69,82,87,16,46,66,88,18,74
clust_eq,srs,453,60,92,45,2,37,25,89,82,18,71,11,83,17,32,73,74
clust_eq,srs,454,58,73,5,87,53,43,37,66,61,11,64,13,95,48,82,80
clust_eq,srs,455,49,82,50,79,17,8,32,99,65,47,78,61,38,58,44,52
clust_eq,srs,456,24,82,97,95,63,3,69,2,13,32,33,96,94,76,26,75
clust_eq,srs,457,54,16,72,99,18,10,90,28,1,23,87,4,2,61,14,62
clust_eq,srs,458,70,82,65,6,84,78,59,67,95,44,87,81,61,48,93,47
clust_eq,srs,459,97,95,83,67,60,41,85,54,23,66,78,49,76,71,5,56
clust_eq,srs,460,59,72,9,40,34,35,74,18,76,39,37,62,97,84,80,82
clust_eq,srs,461,57,7,97,19,42,68,96,26,53,69,38,83,30,52,17,74
clust_eq,srs,462,26,84,44,65,53,27,67,52,21,45,94,17,79,66,35,63
clust_eq,srs,463,54,4,5,62,39,37,6,30,97,55,65,40,43,3,74,23
clust_eq,srs,464,13,76,22,63,37,94,85,79,18,60,84,80,20,82,14,97
clust_eq,srs,465,98,8,65,5,81,42,82,50,59,9,69,3,29,15,83,56
clust_eq,srs,466,33,6,18,37,81,59,44,52,21,40,97,76,53,54,20,45
clust_eq,srs,467,95,27,79,100,9,76,6,36,44,71,22,92,93,70,66,81
clust_eq,srs,468,68,81,31,27,37,7,1,28,8,14,64,33,5,18,59,87
clust_eq,srs,469,70,88,47,6,89,54,82,14,8,4,50,55,85,23,93,3
clust_eq,srs,470,59,76,69,44,90,10,33,62,5,78,9,8,24,55,71,31
clust_eq,srs,471,66,60,73,78,13,11,65,67,16,32,95,30,8,99,93,15
clust_eq,srs,472,72,37,43,59,13,28,92,66,86,85,26,49,3,36,56,81
clust_eq,srs,473,97,47,71,14,29,75,49,52,39,82,77,4,88,66,63,95
clust_eq,srs,474,98,31,65,82,6,14,93,51,62,75,99,28,56,64,3,41
clust_eq,srs,475,16,47,74,29,54,83,80,26,32,89,17,82,45,44,76,57
clust_eq,srs,476,21,38,64,28,45,27,61,52,7,12,77,53,83,22,66,65
clust_eq,srs,477,18,27,43,8,85,87,82,99,92,33,24,57,10,32,74,63
clust_eq,srs,478,62,63,61,18,86,7,59,14,34,38,67,20,95,21,32,44
clust_eq,srs,479,66,25,6,44,41,26,19,82,58,2,28,78,51,33,12,85
clust_eq,srs,480,39,26,84,43,28,34,89,71,65,72,37,31,36,83,12,32
clust_eq,srs,481,54,28,56,67,43,34,29,51,79,81,58,7,82,62,11,49
clust_eq,srs,482,80,43,1,22,20,98,81,82,14,36,48,15,60,66,96,31
clust_eq,srs,483,99,57,62,21,4,15,73,50,59,77,79,63,43,93,94,96
clust_eq,srs,484,86,16,44,5,56,66,98,37,68,80,20,73,23,94,97,76
clust_eq,srs,485,11,96,47,43,14,33,9,31,52,17,22,95,76,73,39,13
clust_eq,srs,486,17,20,97,28,48,71,9,80,6,78,34,1,22,15,14,39
clust_eq,srs,487,51,94,65,69,68,8,64,82,30,62,53,38,27,52,29,55
clust_eq,srs,488,61,75,99,89,100,44,38,65,13,66,70,80,98,46,12,63
clust_eq,srs,489,1,39,38,36,63,7,2,23,14,89,3,41,28,66,49,77
clust_eq,srs,490,18,41,38,32,87,66,11,8,4,90,36,54,82,47,69,14
clust_eq,srs,491,35,21,8,82,64,9,49,78,33,12,99,36,70,2,18,24
clust_eq,srs,492,69,82,23,60,35,52,91,29,66,44,65,32,92,63,88,74
clust_eq,srs,493,30,74,56,55,85,32,16,33,5,7,77,13,73,58,1,23
clust_eq,srs,494,90,33,2,68,80,43,77,60,86,67,48,36,56,91,64,83
clust_eq,srs,495,14,6,23,45,90,18,88,21,60,98,15,35,71,8,39,81
clust_eq,srs,496,39,98,92,16,12,18,57,91,65,100,46,6,7,93,64,8
clust_eq,srs,497,62,95,48,76,16,21,56,75,61,99,2,81,90,3,96,92
clust_eq,srs,498,73,5,80,67,17,62,53,4,44,54,87,83,71,70,7,55
clust_eq,srs,499,39,69,41,59,66,82,1,93,32,45,78,58,22,33,51,76
clust_eq,srs,500,85,27,76,19,50,83,80,39,5,9,94,47,67,88,30,62
clust_eq,srs,501,15,28,9,92,49,90,44,8,76,6,65,1,80,18,82,58
clust_eq,srs,502,85,23,92,39,40,55,48,72,2,5,42,44,28,52,61,10
clust_eq,srs,503,58,69,26,20,87,73,54,86,56,89,90,9,29,19,46,33
clust_eq,srs,504,72,40,73,87,97,8,7,43,57,60,28,11,34,82,10,49
clust_eq,srs,505,96,75,28,14,70,89,57,16,81,94,45,31,33,4,13,73
clust_eq,srs,506,66,1,55,10,48,80,51,34,75,17,39,94,2,44,36,29
clust_eq,srs,507,78,38,16,82,27,44,87,45,8,22,71,33,68,25,100,70
clust_eq,srs,508,87,23,66,7,16,24,52,8,48,84,21,95,35,43,92,88
clust_eq,srs,509,74,7,47,53,57,100,25,16,94,41,37,4,48,86,36,18
clust_eq,srs,510,47,51,59,54,44,12,40,25,92,87,93,49,81,73,21,19
clust_eq,srs,511,66,63,16,50,67,73,9,24,59,20,81,94,40,6,70,99
clust_eq,srs,512,68,100,12,80,4,10,44,76,29,14,71,81,57,54,25,52
clust_eq,srs,513,72,17,2,43,86,75,38,93,29,37,77,65,26,71,88,28
clust_eq,srs,514,9,15,28,50,49,21,87,14,10,65,63,74,91,84,59,98
clust_eq,srs,515,31,46,22,60,39,43,30,13,84,55,33,51,8,70,17,21
clust_eq,srs,516,87,45,74,46,55,63,20,4,27,51,78,94,100,77,99,5
clust_eq,srs,517,29,95,18,13,81,16,83,64,47,82,36,79,23,98,22,39
clust_eq,srs,518,30,50,61,71,70,84,95,29,55,52,94,64,26,57,44,82
clust_eq,srs,519,22,13,96,8,74,87,82,56,69,42,52,60,50,46,100,35
clust_eq,srs,520,85,18,26,60,17,35,89,79,50,32,62,82,70,22,55,39
clust_eq,srs,521,71,51,95,3,72,50,93,11,57,97,42,7,20,66,8,10
clust_eq,srs,522,30,59,18,60,1,95,75,29,98,51,4,17,7,49,24,65
clust_eq,srs,523,1,32,57,55,2,82,92,68,22,62,73,83,76,24,46,65
clust_eq,srs,524,4,15,5,41,39,47,78,16,36,21,27,94,6,89,55,19
clust_eq,srs,525,72,21,50,65,42,89,64,86,5,69,85,36,97,99,7,10
clust_eq,srs,526,31,79,24,11,71,93,98,76,23,6,20,62,69,75,46,7
clust_eq,srs,527,44,11,21,89,53,25,26,19,100,36,24,80,45,34,98,92
clust_eq,srs,528,85,32,91,3,6,17,86,50,49,87,97,36,73,33,96,23
clust_eq,srs,529,22,19,67,47,75,59,78,88,13,45,69,85,95,89,56,32
clust_eq,srs,530,82,37,10,69,40,98,62,33,81,5,74,71,54,60,58,70
clust_eq,srs,531,88,67,37,45,50,10,89,94,68,43,26,70,93,12,63,62
clust_eq,srs,532,88,14,61,99,66,18,72,80,81,55,58,69,4,73,92,78
clust_eq,srs,533,18,46,54,1,19,33,77,23,45,48,16,40,79,12,87,7
clust_eq,srs,534,35,99,26,95,30,84,1,14,54,45,12,20,25,44,24,62
clust_eq,srs,535,86,52,20,70,59,95,8,62,37,19,68,48,3,39,38,9
clust_eq,srs,536,12,83,95,53,26,19,86,57,14,11,85,22,43,64,28,10
clust_eq,srs,537,66,11,58,10,2,73,39,68,29,91,100,98,76,61,62,72
clust_eq,srs,538,51,17,92,71,50,56,19,87,52,98,64,68,14,91,33,49
clust_eq,srs,539,100,31,90,13,30,93,34,2,91,76,18,75,37,85,78,39
clust_eq,srs,540,16,79,52,9,69,3,66,19,53,61,87,82,68,22,77,94
clust_eq,srs,541,38,32,62,22,94,80,89,64,11,35,16,27,51,99,24,77
clust_eq,srs,542,10,51,61,69,100,80,23,73,53,92,37,2,60,8,44,83
clust_eq,srs,543,78,54,76,35,72,69,4,96,52,81,51,83,68,70,48,25
clust_eq,srs,544,28,44,24,58,56,6,68,7,80,33,29,47,94,54,62,49
clust_eq,srs,545,45,25,40,39,81,93,15,74,38,64,28,26,76,3,69,11
clust_eq,srs,546,99,12,47,66,42,95,69,16,50,52,29,33,14,15,8,3
clust_eq,srs,547,76,79,99,1,12,9,58,69,16,43,36,55,52,13,78,26
clust_eq,srs,548,60,80,24,55,29,35,84,68,95,78,73,42,16,82,7,34
clust_eq,srs,549,70,54,22,51,46,92,93,88,85,53,73,5,25,42,94,79
clust_eq,srs,550,100,22,7,23,45,1,88,72,68,41,93,75,97,19,92,31
clust_eq,srs,551,73,100,25,97,64,55,32,75,43,39,63,52,12,84,85,92
clust_eq,srs,552,40,80,79,32,65,22,11,89,49,56,87,95,34,97,52,81
clust_eq,srs,553,70,38,65,17,72,87,46,74,23,29,44,71,48,1,88,45
clust_eq,srs,554,85,60,47,83,49,20,22,38,76,23,7,66,12,16,69,55
clust_eq,srs,555,86,40,82,5,61,60,33,19,85,34,75,52,8,44,31,95
clust_eq,srs,556,67,55,13,26,100,37,73,92,35,44,7,46,27,30,88,76
clust_eq,srs,557,53,35,45,22,95,83,68,99,40,69,42,46,32,30,21,79
clust_eq,srs,558,45,60,61,77,13,72,37,65,82,44,43,12,3,78,79,46
clust_eq,srs,559,86,92,82,14,21,54,29,30,100,27,37,11,59,40,43,51
clust_eq,srs,560,18,44,79,25,30,86,91,8,74,23,52,45,58,84,87,31
clust_eq,srs,561,52,63,45,65,15,35,91,58,7,69,95,96,84,77,51,29
clust_eq,srs,562,100,9,67,20,95,52,92,39,99,36,90,82,31,29,77,27
clust_eq,srs,563,37,82,79,10,65,18,86,64,38,17,20,66,88,83,100,7
clust_eq,srs,564,72,50,70,38,48,19,52,47,45,30,40,90,94,73,76,5
clust_eq,srs,565,24,42,71,57,46,22,96,30,43,11,21,65,94,14,58,92
clust_eq,srs,566,85,7,78,37,19,24,67,48,76,41,29,39,13,12,17,49
clust_eq,srs,567,78,65,31,37,27,71,56,92,9,97,13,67,17,29,88,45
clust_eq,srs,568,76,71,15,81,92,75,56,11,50,90,94,27,48,52,33,88
clust_eq,srs,569,38,19,71,84,1,30,65,17,50,3,34,23,54,56,45,40
clust_eq,srs,570,1,77,8,93,95,96,23,28,52,68,22,40,88,92,42,4
clust_eq,srs,571,54,50,70,11,13,22,8,41,25,1,90,84,99,68,18,67
clust_eq,srs,572,7,57,79,78,98,16,49,72,23,28,11,3,5,45,65,58
clust_eq,srs,573,96,85,31,72,17,57,50,25,23,76,20,41,5,16,15,78
clust_eq,srs,574,22,66,28,68,25,46,34,84,73,35,7,45,65,56,13,80
clust_eq,srs,575,97,49,73,74,62,48,91,72,61,9,100,88,46,40,68,4
clust_eq,srs,576,66,15,62,46,56,99,47,86,38,60,9,98,28,25,74,83
clust_eq,srs,577,63,91,87,9,56,1,41,61,20,98,32,46,76,40,30,14
clust_eq,srs,578,75,43,15,63,89,12,94,67,74,72,65,92,91,86,13,51
clust_eq,srs,579,52,12,9,49,43,44,61,19,32,58,59,63,46,60,62,45
clust_eq,srs,580,25,67,5,80,66,74,62,63,68,1,79,71,92,100,8,31
clust_eq,srs,581,35,19,21,30,12,68,53,27,65,77,71,94,34,58,59,3
clust_eq,srs,582,3,82,4,36,88,49,76,20,18,65,29,94,74,83,19,95
clust_eq,srs,583,12,88,19,78,7,20,4,58,68,61,73,77,24,29,72,53
clust_eq,srs,584,61,7,65,18,75,8,89,60,85,86,47,53,76,46,35,33
clust_eq,srs,585,10,70,94,9,13,87,33,2,89,24,59,88,83,8,27,45
clust_eq,srs,586,38,41,30,68,64,50,3,28,81,90,42,88,62,80,4,55
clust_eq,srs,587,14,88,72,16,33,28,31,64,61,34,81,20,41,27,57,44
clust_eq,srs,588,48,44,65,69,29,8,75,94,3,9,55,84,42,81,34,25
clust_eq,srs,589,11,67,65,100,72,15,14,63,60,3,32,50,98,24,44,19
clust_eq,srs,590,64,27,11,59,97,57,87,26,33,52,45,85,12,84,21,82
clust_eq,srs,591,32,33,83,12,76,96,62,21,51,65,61,42,25,56,53,64
clust_eq,srs,592,34,77,75,44,65,23,12,50,19,4,61,7,82,63,3,8
clust_eq,srs,593,40,75,36,72,64,91,34,69,93,87,11,100,89,15,26,41
clust_eq,srs,594,68,26,30,83,93,75,47,52,77,19,79,55,80,20,27,7
clust_eq,srs,595,44,43,84,97,63,17,67,37,27,57,41,77,82,80,25,90
clust_eq,srs,596,62,17,52,28,77,1,3,54,94,29,53,86,85,96,65,11
clust_eq,srs,597,42,81,10,18,71,48,12,70,38,47,5,19,25,22,14,39
clust_eq,srs,598,28,10,49,3,45,83,5,100,17,15,64,93,73,14,38,66
clust_eq,srs,599,58,83,57,15,36,49,42,17,63,52,3,5,85,11,68,66
clust_eq,srs,600,36,65,19,4,81,74,98,90,51,16,85,76,23,41,63,42
clust_eq,srs,601,89,21,44,14,96,36,32,73,41,10,5,42,82,70,86,38
clust_eq,srs,602,48,30,22,89,40,24,1,72,85,97,81,54,8,49,88,10
clust_eq,srs,603,44,50,51,67,14,91,32,40,95,31,94,39,78,76,11,27
clust_eq,srs,604,67,66,26,90,42,78,72,22,35,71,55,20,79,80,57,65
clust_eq,srs,605,3,20,92,63,61,90,80,97,53,84,45,86,74,27,8,32
clust_eq,srs,606,8,10,40,53,22,99,32,38,74,93,50,62,15,39,98,96
clust_eq,srs,607,61,45,44,3,13,6,80,63,21,9,96,41,79,50,95,22
clust_eq,srs,608,16,28,69,91,98,70,81,99,1,27,26,15,18,71,60,59
clust_eq,srs,609,86,67,10,80,34,93,43,23,40,63,37,30,90,26,42,45
clust_eq,srs,610,84,25,53,68,99,93,18,29,41,49,1,95,17,77,32,47
clust_eq,srs,611,40,36,94,37,51,83,21,18,68,2,87,63,99,22,11,46
clust_eq,srs,612,91,47,12,76,41,95,19,17,5,70,3,75,2,98,59,53
clust_eq,srs,613,1,39,71,32,9,10,84,27,54,11,7,55,93,60,57,51
clust_eq,srs,614,61,62,22,76,92,26,58,25,77,39,56,84,66,4,14,60
clust_eq,srs,615,9,18,86,52,16,44,36,5,38,90,35,48,70,100,51,37
clust_eq,srs,616,65,14,61,85,8,56,44,35,90,42,78,81,16,18,83,30
clust_eq,srs,617,83,22,18,71,13,30,64,42,97,28,26,85,51,10,87,35
clust_eq,srs,618,70,82,65,94,58,62,86,45,54,49,42,38,33,4,51,17
clust_eq,srs,619,95,56,23,100,36,79,38,94,21,2,12,55,70,64,54,6
clust_eq,srs,620,65,33,64,59,55,1,9,83,26,96,21,56,16,12,27,76
clust_eq,srs,621,55,23,75,76,24,44,67,25,5,90,22,8,49,87,63,46
clust_eq,srs,622,62,55,87,10,60,47,51,1,3,18,39,85,27,22,97,20
clust_eq,srs,623,22,100,58,68,97,53,71,75,95,62,80,25,35,57,29,55
clust_eq,srs,624,41,26,18,88,7,25,83,68,74,45,4,33,19,54,32,22
clust_eq,srs,625,30,14,3,10,63,83,38,76,95,70,32,15,90,62,35,49
clust_eq,srs,626,89,55,91,34,43,27,41,54,82,88,24,67,70,7,90,25
clust_eq,srs,627,12,84,97,42,79,57,34,17,14,18,31,13,35,82,89,71
clust_eq,srs,628,68,91,96,89,35,80,46,29,75,86,56,61,47,11,32,2
clust_eq,srs,629,33,51,69,16,10,46,49,96,97,25,99,74,20,47,59,11
clust_eq,srs,630,73,39,43,2,63,36,92,81,94,65,52,27,4,79,40,76
clust_eq,srs,631,22,58,100,69,42,86,85,7,9,47,98,57,80,59,51,11
clust_eq,srs,632,72,94,82,73,39,68,25,20,2,89,23,26,24,48,74,50
clust_eq,srs,633,45,86,41,81,56,2,63,51,97,75,62,100,33,31,13,26
clust_eq,srs,634,74,96,41,78,39,81,29,22,11,31,34,5,48,27,57,54
clust_eq,srs,635,80,84,38,6,26,70,61,62,95,28,42,39,74,87,56,32
clust_eq,srs,636,63,87,18,25,86,82,11,43,77,69,56,64,52,53,19,62
clust_eq,srs,637,13,46,7,83,37,28,64,89,44,8,14,17,10,52,91,69
clust_eq,srs,638,36,61,11,84,82,76,59,23,1,63,37,91,52,99,60,28
clust_eq,srs,639,11,77,55,86,31,37,89,80,100,24,6,46,49,32,33,17
clust_eq,srs,640,77,88,11,38,66,35,28,67,3,95,75,49,65,86,96,17
clust_eq,srs,641,65,20,23,66,28,37,8,75,6,55,93,78,54,96,92,98
clust_eq,srs,642,56,81,74,19,54,3,80,78,65,36,45,99,90,87,79,20
clust_eq,srs,643,38,8,78,14,53,12,88,37,76,94,68,59,60,43,28,4
clust_eq,srs,644,69,17,85,97,11,1,77,57,14,73,46,12,37,89,36,55
clust_eq,srs,645,80,63,7,50,33,21,96,14,95,59,22,73,39,58,71,75
clust_eq,srs,646,13,32,55,9,36,17,48,37,78,89,33,59,61,19,41,25
clust_eq,srs,647,39,5,28,80,12,96,32,50,53,73,74,24,69,45,88,51
clust_eq,srs,648,5,73,27,11,62,39,87,20,63,69,33,67,77,28,64,61
clust_eq,srs,649,73,88,6,36,63,1,20,95,58,76,35,31,81,16,89,48
clust_eq,srs,650,42,53,20,57,65,87,91,98,84,79,41,58,77,61,50,13
clust_eq,srs,651,73,62,55,34,81,40,89,2,17,71,51,66,50,92,28,25
clust_eq,srs,652,68,16,1,95,91,78,38,7,57,65,45,73,17,67,37,87
clust_eq,srs,653,18,64,90,16,27,4,83,65,84,74,92,95,89,20,3,61
clust_eq,srs,654,80,17,25,31,74,65,55,37,61,46,69,12,64,99,81,73
clust_eq,srs,655,55,67,49,57,26,4,54,83,33,84,52,44,30,76,59,56
clust_eq,srs,656,62,96,76,89,38,36,22,27,3,1,84,87,16,10,55,42
clust_eq,srs,657,74,67,65,49,70,2,94,79,91,86,19,78,52,4,22,45
clust_eq,srs,658,48,16,31,39,54,36,53,56,42,32,29,98,2,5,37,57
clust_eq,srs,659,3,7,41,6,96,13,59,37,5,31,24,20,10,61,26,81
clust_eq,srs,660,19,46,75,59,79,39,28,21,60,18,25,68,9,100,17,58
clust_eq,srs,661,47,50,82,62,35,85,93,97,98,8,63,70,79,27,18,54
clust_eq,srs,662,19,70,34,43,46,24,69,17,44,14,31,98,63,82,28,55
clust_eq,srs,663,28,24,42,15,57,12,47,32,3,46,99,92,31,13,22,87
clust_eq,srs,664,69,79,84,44,39,60,86,82,14,31,75,58,40,62,33,98
clust_eq,srs,665,91,9,78,70,76,50,49,35,39,75,20,36,59,37,1,54
clust_eq,srs,666,27,5,83,42,77,87,49,76,13,46,90,18,88,61,23,58
clust_eq,srs,667,56,30,42,37,9,94,93,61,92,75,82,53,17,15,52,39
clust_eq,srs,668,47,70,36,30,31,94,41,97,100,40,2,8,39,25,50,14
clust_eq,srs,669,43,61,72,42,34,89,16,53,14,41,65,57,100,12,92,6
clust_eq,srs,670,24,18,87,13,28,5,95,99,97,66,85,34,84,70,64,67
clust_eq,srs,671,14,3,36,77,5,71,79,81,45,60,57,8,23,94,41,62
clust_eq,srs,672,72,82,17,11,85,61,38,77,57,21,34,75,79,35,51,99
clust_eq,srs,673,25,11,73,15,53,98,1,36,94,67,57,95,12,71,55,86
clust_eq,srs,674,90,56,42,91,6,29,57,95,39,27,13,12,17,21,4,98
clust_eq,srs,675,13,99,22,72,83,77,47,45,25,29,8,68,5,55,64,35
clust_eq,srs,676,98,25,100,36,6,94,68,76,17,92,22,9,97,78,79,83
clust_eq,srs,677,17,95,71,32,100,16,54,43,57,94,14,58,52,23,8,93
clust_eq,srs,678,67,34,13,11,96,2,49,45,36,12,99,81,72,1,43,93
clust_eq,srs,679,10,56,86,49,99,46,80,62,17,55,30,26,79,67,36,85
clust_eq,srs,680,65,8,32,99,22,96,48,49,93,6,11,18,24,40,19,51
clust_eq,srs,681,3,19,52,42,61,90,94,51,99,1,87,17,75,53,78,43
clust_eq,srs,682,2,44,14,67,32,75,87,89,60,5,95,92,34,37,3,22
clust_eq,srs,683,52,12,85,42,16,98,51,77,90,64,35,45,21,40,97,95
clust_eq,srs,684,94,53,64,44,14,38,80,62,82,49,32,22,19,74,40,87
clust_eq,srs,685,58,24,89,13,80,30,42,90,79,33,4,67,87,12,56,95
clust_eq,srs,686,28,53,19,100,71,11,97,61,88,66,12,83,42,95,99,39
clust_eq,srs,687,80,15,6,70,4,77,3,19,71,9,22,40,98,32,86,29
clust_eq,srs,688,16,64,63,69,95,35,62,11,41,4,40,77,88,18,33,70
clust_eq,srs,689,93,37,83,3,69,82,74,1,57,34,44,11,66,29,19,79
clust_eq,srs,690,93,97,88,7,96,39,44,24,79,63,74,53,66,32,48,19
clust_eq,srs,691,88,41,7,26,72,15,91,19,4,58,83,27,56,45,78,10
clust_eq,srs,692,89,69,94,23,71,78,48,45,33,41,4,86,22,65,34,12
clust_eq,srs,693,57,46,64,85,80,14,68,19,55,40,81,61,42,83,48,4
clust_eq,srs,694,13,4,19,91,65,64,3,39,66,93,81,2,31,74,85,32
clust_eq,srs,695,7,29,36,79,46,72,14,21,30,86,38,27,99,53,48,98
clust_eq,srs,696,86,54,73,63,28,94,26,21,33,25,9,98,5,97,75,32
clust_eq,srs,697,8,33,41,78,57,69,81,90,27,25,51,6,94,52,40,84
clust_eq,srs,698,100,87,35,97,47,6,94,30,39,69,37,33,70,64,27,42
clust_eq,srs,699,73,13,20,26,64,16,40,58,72,29,8,92,79,27,82,11
clust_eq,srs,700,6,87,28,14,57,8,92,39,85,5,22,31,23,56,72,48
clust_eq,srs,701,59,65,4,56,20,61,48,68,57,11,7,45,22,2,50,84
clust_eq,srs,702,14,86,19,41,4,8,36,94,83,58,68,28,9,5,57,87
clust_eq,srs,703,13,36,32,94,20,85,1,90,11,51,34,45,82,96,55,58
clust_eq,srs,704,3,55,82,67,35,88,12,51,91,2,53,38,30,36,58,32
clust_eq,srs,705,93,92,63,23,65,100,88,69,37,47,45,10,84,94,5,34
clust_eq,srs,706,70,68,62,9,42,82,22,41,18,49,23,25,75,3,74,7
clust_eq,srs,707,11,62,64,9,6,84,71,44,81,60,58,16,83,93,24,65
clust_eq,srs,708,56,42,9,76,61,46,77,44,12,6,32,92,64,95,73,58
clust_eq,srs,709,31,38,19,85,62,76,80,50,6,69,45,41,16,7,8,82
clust_eq,srs,710,96,36,37,66,45,56,69,83,9,100,73,76,35,25,20,52
clust_eq,srs,711,44,21,3,86,54,31,25,96,27,66,14,32,63,49,51,84
clust_eq,srs,712,39,87,99,55,40,24,95,41,86,15,27,26,80,65,25,60
clust_eq,srs,713,10,11,48,58,30,38,36,72,1,95,76,37,84,61,56,24
clust_eq,srs,714,59,52,62,44,22,24,26,1,37,30,63,43,65,77,21,93
clust_eq,srs,715,86,94,30,100,32,35,19,87,63,26,89,75,65,34,25,40
clust_eq,srs,716,12,7,86,88,96,36,34,56,25,91,54,29,92,80,97,87
clust_eq,srs,717,6,54,72,27,100,32,30,60,64,36,88,10,15,49,97,26
clust_eq,srs,718,10,28,87,15,8,63,68,29,5,77,46,45,50,76,59,85
clust_eq,srs,719,70,14,57,74,81,97,100,32,99,50,29,5,37,89,68,85
clust_eq,srs,720,41,10,90,35,58,71,100,16,4,32,56,80,42,5,25,85
clust_eq,srs,721,29,27,78,51,45,98,69,64,38,50,83,35,95,31,100,41
clust_eq,srs,722,64,41,79,82,93,50,84,37,12,47,38,96,23,58,40,31
clust_eq,srs,723,79,42,99,58,65,26,1,52,60,68,61,98,91,92,69,19
clust_eq,srs,724,98,32,57,46,20,33,17,12,91,80,83,28,19,10,26,71
clust_eq,srs,725,50,57,27,32,48,39,71,68,28,11,91,78,87,49,12,17
clust_eq,srs,726,54,49,5,85,38,62,15,68,24,32,7,42,88,40,59,25
clust_eq,srs,727,61,88,7,86,5,30,74,77,76,97,84,75,1,48,55,4
clust_eq,srs,728,58,35,23,3,12,63,22,27,66,74,18,79,13,82,25,17
clust_eq,srs,729,82,83,76,15,93,52,75,61,2,74,51,65,40,91,49,100
clust_eq,srs,730,23,2,94,66,80,52,25,21,64,75,19,1,42,16,40,34
clust_eq,srs,731,95,45,42,74,35,46,62,63,90,75,50,15,81,61,43,6
clust_eq,srs,732,27,21,66,60,58,59,91,33,92,54,76,5,46,51,67,78
clust_eq,srs,733,65,64,87,79,19,27,42,99,44,97,32,37,1,60,10,77
clust_eq,srs,734,88,71,47,63,8,80,20,62,42,26,6,16,78,77,69,76
clust_eq,srs,735,13,79,46,20,19,28,6,76,42,36,81,2,99,12,11,34
clust_eq,srs,736,42,99,26,18,69,19,47,21,54,85,83,4,82,7,23,63
clust_eq,srs,737,100,36,91,98,34,60,41,42,24,70,28,7,62,90,12,59
clust_eq,srs,738,51,71,55,44,38,2,35,88,85,77,8,74,89,93,46,59
clust_eq,srs,739,18,20,17,14,21,70,11,44,66,83,54,6,79,90,48,84
clust_eq,srs,740,56,4,69,16,30,13,35,68,40,50,33,32,92,42,95,84
clust_eq,srs,741,49,65,64,90,59,21,37,7,87,36,78,77,63,9,14,72
clust_eq,srs,742,19,70,76,3,18,99,54,32,13,51,56,47,74,17,75,41
clust_eq,srs,743,93,83,19,63,39,49,82,32,21,55,33,78,5,54,91,70
clust_eq,srs,744,25,47,55,20,9,77,33,16,14,99,48,100,15,43,4,86
clust_eq,srs,745,49,3,69,96,18,28,73,85,86,2,77,78,1,93,87,39
clust_eq,srs,746,66,43,42,30,74,97,63,33,7,56,2,61,79,60,4,100
clust_eq,srs,747,66,67,41,68,79,70,40,1,9,92,30,33,90,16,84,29
clust_eq,srs,748,23,100,43,73,41,56,48,25,78,16,85,26,10,9,98,54
clust_eq,srs,749,78,15,87,63,14,41,33,28,70,60,86,8,32,18,95,97
clust_eq,srs,750,76,52,63,40,82,21,64,28,34,54,14,35,90,43,15,59
clust_eq,srs,751,67,49,87,43,40,37,50,64,19,65,14,54,94,7,36,75
clust_eq,srs,752,68,75,13,99,44,72,64,41,10,7,91,90,71,81,55,5
clust_eq,srs,753,95,31,7,50,82,66,2,23,38,84,62,48,12,1,55,90
clust_eq,srs,754,5,4,61,80,92,7,55,100,47,93,79,60,16,72,43,66
clust_eq,srs,755,35,20,10,5,90,95,80,12,92,78,4,21,43,70,71,30
clust_eq,srs,756,81,16,48,3,79,85,11,77,43,4,69,1,82,25,98,67
clust_eq,srs,757,95,63,61,74,92,32,79,19,4,8,72,48,42,40,52,68
clust_eq,srs,758,63,23,55,4,72,25,35,31,49,60,71,97,92,87,3,47
clust_eq,srs,759,72,19,8,31,97,78,68,80,23,95,1,20,99,32,59,24
clust_eq,srs,760,34,75,49,12,48,98,13,41,45,26,17,79,95,62,8,4
clust_eq,srs,761,98,51,53,30,60,19,86,91,32,56,7,58,76,62,2,11
clust_eq,srs,762,94,90,55,46,97,17,95,32,39,78,83,1,9,57,8,10
clust_eq,srs,763,98,57,31,41,79,61,90,18,55,3,45,89,19,72,56,35
clust_eq,srs,764,19,12,70,92,18,86,36,96,45,22,53,23,46,10,73,40
clust_eq,srs,765,96,83,3,42,53,71,29,66,13,81,82,88,45,78,52,34
clust_eq,srs,766,90,29,1,89,61,18,100,22,50,77,45,3,65,53,83,71
clust_eq,srs,767,26,5,88,10,73,1,76,48,80,61,71,11,54,75,7,86
clust_eq,srs,768,29,67,5,64,56,71,83,27,10,59,6,66,88,73,98,74
clust_eq,srs,769,62,64,85,3,91,68,63,77,98,12,53,51,100,70,76,44
clust_eq,srs,770,10,51,78,99,9,3,53,66,14,89,68,54,97,27,100,38
clust_eq,srs,771,4,93,92,3,32,47,23,14,9,98,51,10,100,25,31,59
clust_eq,srs,772,42,53,55,95,58,93,6,29,30,99,62,67,47,65,49,20
clust_eq,srs,773,5,37,90,17,45,27,83,11,56,19,57,54,25,15,66,99
clust_eq,srs,774,95,65,50,12,38,16,70,34,52,40,53,80,27,8,84,66
clust_eq,srs,775,75,17,84,82,92,10,3,50,93,85,41,91,80,35,60,71
clust_eq,srs,776,31,63,48,60,39,30,100,97,21,32,42,29,25,22,8,76
clust_eq,srs,777,23,7,43,9,97,31,63,79,41,17,76,22,5,10,85,16
clust_eq,srs,778,28,61,60,22,2,37,75,1,89,92,51,96,21,72,90,85
clust_eq,srs,779,64,87,36,39,85,99,50,72,9,98,51,80,43,6,37,96
clust_eq,srs,780,11,36,58,27,92,65,72,37,43,30,8,95,54,66,93,33
clust_eq,srs,781,52,81,86,88,84,70,47,65,27,50,13,7,83,96,16,26
clust_eq,srs,782,43,92,26,24,54,85,22,80,86,87,4,58,75,63,88,47
clust_eq,srs,783,54,43,55,96,33,9,77,19,59,14,62,98,35,79,15,63
clust_eq,srs,784,57,96,14,68,63,21,6,74,95,100,38,76,53,12,56,39
clust_eq,srs,785,27,64,38,89,42,61,18,75,52,11,7,41,94,12,13,19
clust_eq,srs,786,92,40,91,95,36,22,75,97,82,87,20,52,69,65,28,86
clust_eq,srs,787,5,59,55,39,89,63,10,4,80,27,64,93,31,82,46,13
clust_eq,srs,788,7,10,70,83,60,96,45,40,36,23,13,47,28,16,52,38
clust_eq,srs,789,75,73,44,46,62,20,49,29,92,10,13,85,30,64,78,34
clust_eq,srs,790,48,14,58,46,41,37,19,28,49,40,26,89,74,82,21,92
clust_eq,srs,791,6,31,9,41,65,74,84,56,32,78,45,3,36,10,27,47
clust_eq,srs,792,4,88,21,53,48,100,41,61,82,40,68,95,69,70,29,71
clust_eq,srs,793,22,14,24,80,82,89,94,57,10,71,61,85,44,79,34,96
clust_eq,srs,794,37,81,86,22,12,19,29,39,47,99,25,40,95,91,5,57
clust_eq,srs,795,79,3,35,61,24,57,9,70,10,31,29,44,71,2,27,80
clust_eq,srs,796,64,55,32,53,28,76,74,5,56,85,24,7,87,6,52,25
clust_eq,srs,797,59,11,81,89,100,60,67,48,6,8,87,61,30,86,18,33
clust_eq,srs,798,89,61,82,91,2,18,100,10,59,70,68,67,28,53,80,93
clust_eq,srs,799,20,40,5,83,57,16,71,4,54,9,36,51,26,47,82,95
clust_eq,srs,800,92,53,70,55,27,42,79,37,14,78,8,43,50,1,16,15
clust_eq,srs,801,6,50,93,88,65,28,78,4,1,98,45,64,27,42,44,84
clust_eq,srs,802,18,32,87,1,6,64,42,62,8,81,89,70,49,71,66,56
clust_eq,srs,803,32,55,98,49,25,43,18,93,81,38,2,91,77,29,39,87
clust_eq,srs,804,98,51,8,44,80,11,22,81,57,19,17,74,50,20,72,2
clust_eq,srs,805,83,11,10,15,68,63,58,13,45,50,77,24,18,73,3,31
clust_eq,srs,806,42,84,50,88,63,65,81,43,92,9,93,64,19,69,25,73
clust_eq,srs,807,21,71,67,86,48,10,5,79,72,95,69,34,30,44,31,58
clust_eq,srs,808,75,97,33,48,85,49,69,45,24,93,70,82,40,35,46,72
clust_eq,srs,809,84,53,78,79,43,65,26,94,86,77,47,9,87,27,74,19
clust_eq,srs,810,20,69,44,74,50,97,22,45,92,98,52,6,12,90,17,43
clust_eq,srs,811,41,68,77,92,60,45,99,14,88,84,25,80,90,4,22,83
clust_eq,srs,812,76,41,72,70,87,58,15,5,36,11,22,86,25,51,85,13
clust_eq,srs,813,58,25,27,28,46,18,100,90,73,40,42,31,41,4,24,29
clust_eq,srs,814,55,10,6,40,98,85,49,80,99,11,33,20,43,87,32,41
clust_eq,srs,815,36,31,29,2,42,16,41,73,93,25,84,87,82,67,69,65
clust_eq,srs,816,88,39,46,8,43,23,4,94,22,73,72,3,80,100,5,54
clust_eq,srs,817,27,42,5,55,20,62,46,12,24,78,29,17,8,40,72,48
clust_eq,srs,818,42,84,100,57,49,32,51,19,21,25,4,62,31,15,80,10
clust_eq,srs,819,61,60,64,5,91,31,82,89,17,1,39,78,59,16,26,44
clust_eq,srs,820,31,55,73,57,61,44,30,6,95,54,18,27,53,94,69,79
clust_eq,srs,821,11,94,25,23,37,16,42,76,4,95,28,45,13,91,15,21
clust_eq,srs,822,11,44,50,54,17,67,13,77,23,73,36,1,95,26,100,66
clust_eq,srs,823,7,14,88,48,58,18,64,93,9,5,61,79,22,6,73,84
clust_eq,srs,824,90,68,23,16,86,51,93,28,98,41,80,96,8,20,58,29
clust_eq,srs,825,38,73,86,25,84,4,14,99,59,7,35,20,74,94,32,91
clust_eq,srs,826,39,77,78,82,93,60,28,96,71,55,58,57,6,85,67,41
clust_eq,srs,827,17,6,8,88,28,45,31,12,63,21,85,74,15,73,67,27
clust_eq,srs,828,37,1,53,24,76,35,51,33,23,80,10,21,57,34,87,16
clust_eq,srs,829,42,89,41,37,14,99,21,50,40,82,31,3,57,91,95,46
clust_eq,srs,830,7,31,75,68,79,21,52,65,44,97,74,3,27,9,71,32
clust_eq,srs,831,36,13,47,42,19,82,52,93,66,10,17,48,8,14,20,67
clust_eq,srs,832,1,80,91,43,21,49,66,69,85,99,34,11,33,71,83,88
clust_eq,srs,833,51,26,18,33,59,47,68,27,19,82,98,2,4,3,63,7
clust_eq,srs,834,80,71,90,58,21,34,20,81,74,69,32,42,25,100,35,88
clust_eq,srs,835,29,8,87,97,59,34,90,80,68,77,41,45,92,2,91,76
clust_eq,srs,836,34,60,53,74,68,42,87,11,30,16,48,63,81,61,84,55
clust_eq,srs,837,23,98,57,37,42,97,58,95,28,59,100,78,89,18,85,16
clust_eq,srs,838,37,51,98,11,8,32,9,53,63,43,48,24,17,89,52,54
clust_eq,srs,839,57,23,80,53,99,18,68,96,78,15,17,30,59,74,32,22
clust_eq,srs,840,74,25,16,84,81,59,35,52,56,23,33,93,15,86,54,60
clust_eq,srs,841,54,74,77,65,20,50,57,38,3,29,42,91,40,71,72,83
clust_eq,srs,842,45,33,84,20,92,36,2,88,99,87,32,90,91,4,69,70
clust_eq,srs,843,41,45,47,9,2,33,94,50,68,5,98,66,95,52,67,15
clust_eq,srs,844,12,32,74,23,61,4,2,99,72,91,24,10,50,60,79,100
clust_eq,srs,845,60,94,57,47,70,52,82,12,51,65,31,42,55,18,41,48
clust_eq,srs,846,80,9,8,64,47,36,10,56,77,32,78,17,88,21,37,44
clust_eq,srs,847,99,22,60,25,44,92,16,89,69,21,63,28,32,11,62,40
clust_eq,srs,848,72,52,86,83,77,19,50,66,39,44,70,49,28,9,25,89
clust_eq,srs,849,61,98,58,20,2,32,56,88,29,22,94,31,19,42,34,28
clust_eq,srs,850,61,49,94,81,67,9,33,77,83,3,30,52,8,93,40,42
clust_eq,srs,851,87,71,11,18,32,90,31,38,92,10,70,3,19,23,73,8
clust_eq,srs,852,58,69,6,15,43,97,8,28,79,75,33,95,53,98,90,83
clust_eq,srs,853,41,85,81,68,84,18,38,46,52,90,95,20,93,73,23,4
clust_eq,srs,854,6,22,11,41,59,38,19,45,10,69,84,24,8,67,2,21
clust_eq,srs,855,77,39,25,36,92,66,95,28,37,32,13,33,84,53,69,44
clust_eq,srs,856,58,30,64,84,26,87,28,1,31,32,80,36,51,35,4,53
clust_eq,srs,857,93,42,61,59,24,52,64,7,26,60,53,80,12,91,86,32
clust_eq,srs,858,88,57,96,27,99,24,1,14,60,50,61,22,83,53,26,15
clust_eq,srs,859,68,18,97,77,94,63,89,67,5,17,16,30,75,56,37,4
clust_eq,srs,860,28,86,38,21,59,60,62,13,15,48,99,82,16,33,61,57
clust_eq,srs,861,100,69,77,80,34,64,87,46,11,13,6,43,68,76,9,86
clust_eq,srs,862,92,1,95,37,19,77,24,91,74,61,93,63,81,27,99,56
clust_eq,srs,863,82,7,98,93,1,25,61,44,95,70,84,89,26,15,21,51
clust_eq,srs,864,25,86,66,16,67,18,61,43,95,99,79,8,74,92,45,68
clust_eq,srs,865,45,70,35,63,53,59,33,87,21,4,36,42,46,81,31,40
clust_eq,srs,866,54,62,74,1,93,90,25,11,59,3,99,67,97,84,88,82
clust_eq,srs,867,10,49,44,96,52,86,58,85,45,4,65,43,33,89,5,98
clust_eq,srs,868,86,57,24,9,23,88,94,74,4,68,79,40,41,98,48,63
clust_eq,srs,869,30,17,42,33,27,40,12,85,79,73,36,28,64,54,74,20
clust_eq,srs,870,44,54,49,97,33,51,11,84,81,22,18,50,40,83,68,71
clust_eq,srs,871,28,91,1,42,78,90,9,73,41,75,26,47,93,85,37,13
clust_eq,srs,872,82,19,49,65,6,4,26,85,100,90,62,96,61,35,91,13
clust_eq,srs,873,71,53,1,99,17,52,22,41,96,73,38,47,29,78,15,35
clust_eq,srs,874,1,86,41,94,81,6,14,3,17,11,52,57,58,69,95,91
clust_eq,srs,875,3,73,21,66,43,56,61,85,95,53,16,75,88,97,29,52
clust_eq,srs,876,47,67,42,26,71,28,52,68,37,62,65,48,93,46,29,33
clust_eq,srs,877,60,44,25,93,38,77,69,17,16,99,20,62,92,21,47,15
clust_eq,srs,878,88,56,14,36,65,42,34,6,69,16,90,8,27,35,87,3
clust_eq,srs,879,69,23,89,25,9,55,63,70,24,16,26,35,14,41,34,65
clust_eq,srs,880,77,83,96,92,37,61,15,39,33,4,84,64,97,48,28,6
clust_eq,srs,881,80,32,65,5,62,57,4,79,77,46,60,39,21,89,88,18
clust_eq,srs,882,70,74,57,6,41,95,32,5,49,28,63,78,52,36,14,51
clust_eq,srs,883,21,33,47,59,83,97,54,95,56,62,30,80,19,24,11,14
clust_eq,srs,884,29,2,82,27,46,3,73,33,22,58,57,69,44,70,17,89
clust_eq,srs,885,94,57,48,34,67,79,10,86,29,6,17,61,66,16,74,51
clust_eq,srs,886,22,8,33,83,44,32,42,15,29,69,40,57,2,77,49,21
clust_eq,srs,887,74,71,17,39,26,70,98,82,54,12,59,18,22,66,41,10
clust_eq,srs,888,44,25,15,45,41,19,14,73,27,3,56,31,53,87,33,37
clust_eq,srs,889,37,14,9,68,71,40,48,34,18,13,66,33,78,6,88,4
clust_eq,srs,890,77,96,47,50,57,79,94,66,41,69,67,6,20,5,33,62
clust_eq,srs,891,97,18,82,10,90,56,51,7,44,24,42,91,60,84,4,9
clust_eq,srs,892,81,46,47,37,21,59,96,92,1,88,14,66,84,51,95,27
clust_eq,srs,893,48,95,24,80,92,75,25,74,64,30,22,55,81,99,8,10
clust_eq,srs,894,57,62,32,82,23,33,12,42,39,73,84,49,81,38,15,8
clust_eq,srs,895,5,50,26,38,14,86,82,48,59,88,49,64,58,65,89,2
clust_eq,srs,896,2,100,55,28,40,20,67,58,87,8,77,54,35,6,93,30
clust_eq,srs,897,69,45,93,26,30,60,90,1,47,67,56,64,15,33,80,44
clust_eq,srs,898,77,45,25,74,76,91,15,48,29,27,20,58,85,83,37,59
clust_eq,srs,899,83,32,85,13,50,62,22,20,18,69,31,7,42,46,17,64
clust_eq,srs,900,60,12,19,89,73,88,75,82,43,48,97,83,74,79,2,9
clust_eq,srs,901,24,67,50,42,12,51,100,29,78,74,77,17,7,8,13,34
clust_eq,srs,902,18,32,53,12,70,78,45,37,5,71,33,98,99,44,82,36
clust_eq,srs,903,54,52,96,37,40,84,99,28,74,36,59,15,9,97,48,46
clust_eq,srs,904,6,21,37,18,91,39,54,64,76,13,15,79,48,87,27,78
clust_eq,srs,905,5,86,54,57,12,20,68,55,62,90,96,89,72,42,9,91
clust_eq,srs,906,51,12,94,95,81,29,41,82,84,71,6,65,42,47,39,7
clust_eq,srs,907,67,56,88,5,49,25,47,62,43,36,45,61,27,51,22,54
clust_eq,srs,908,50,42,31,8,57,71,13,23,79,76,11,69,88,33,7,96
clust_eq,srs,909,5,63,10,74,94,47,61,37,51,52,57,4,21,25,23,85
clust_eq,srs,910,30,42,49,91,54,35,65,61,81,94,43,77,26,59,69,57
clust_eq,srs,911,45,37,27,36,80,12,9,73,20,13,95,75,7,76,11,67
clust_eq,srs,912,70,80,43,37,25,39,62,4,44,94,32,27,23,76,73,11
clust_eq,srs,913,65,99,51,5,82,21,18,36,53,17,43,62,88,6,78,75
clust_eq,srs,914,86,72,13,41,64,79,91,12,63,43,6,4,71,19,47,82
clust_eq,srs,915,29,52,89,96,80,68,66,36,91,17,19,49,1,73,18,46
clust_eq,srs,916,100,40,86,19,8,23,85,95,69,64,81,65,57,35,96,63
clust_eq,srs,917,70,92,67,95,30,99,56,41,24,83,6,4,32,11,3,9
clust_eq,srs,918,33,5,41,50,96,59,100,14,66,67,24,45,87,83,61,30
clust_eq,srs,919,84,4,49,78,3,22,74,5,52,42,57,68,95,13,40,81
clust_eq,srs,920,20,34,96,61,75,9,23,93,27,85,37,45,38,58,18,49
clust_eq,srs,921,80,10,14,67,26,100,3,60,31,21,44,35,40,93,70,13
clust_eq,srs,922,22,65,85,40,83,68,29,31,2,30,37,59,66,57,91,20
clust_eq,srs,923,25,44,20,30,77,55,67,95,3,12,100,50,72,60,22,51
clust_eq,srs,924,96,88,29,30,71,67,72,22,28,63,99,42,85,35,46,83
clust_eq,srs,925,1,15,16,57,69,9,74,27,44,80,87,38,31,75,97,11
clust_eq,srs,926,34,42,87,76,77,96,25,29,13,49,2,78,53,94,44,39
clust_eq,srs,927,23,32,89,78,6,26,44,63,94,48,85,43,10,90,53,73
clust_eq,srs,928,19,81,18,49,78,11,9,10,53,39,61,27,63,36,64,13
clust_eq,srs,929,77,94,45,70,60,22,26,5,68,25,65,39,56,63,95,48
clust_eq,srs,930,32,83,1,41,98,50,48,68,33,61,29,39,46,52,45,38
clust_eq,srs,931,39,40,9,29,20,79,59,70,72,23,86,58,84,98,10,28
clust_eq,srs,932,78,77,48,31,74,30,4,86,99,21,83,68,51,10,54,98
clust_eq,srs,933,89,40,87,6,31,67,65,50,51,79,74,71,62,55,20,4
clust_eq,srs,934,86,45,44,5,75,77,87,30,6,22,50,89,14,35,47,91
clust_eq,srs,935,21,83,10,75,41,39,78,9,8,51,48,35,92,20,11,79
clust_eq,srs,936,70,68,59,27,51,22,89,31,79,34,12,11,42,44,33,30
clust_eq,srs,937,10,43,81,55,3,58,98,9,7,59,2,21,46,82,64,16
clust_eq,srs,938,20,88,69,25,42,1,66,51,16,58,7,100,67,31,49,44
clust_eq,srs,939,29,12,42,14,7,45,98,57,83,21,34,70,38,92,67,62
clust_eq,srs,940,53,75,97,16,62,65,24,70,46,42,80,35,39,3,13,25
clust_eq,srs,941,98,7,15,53,61,75,37,48,65,24,64,71,2,1,30,27
clust_eq,srs,942,96,83,32,49,25,52,3,82,39,85,47,40,24,90,48,100
clust_eq,srs,943,91,84,16,68,96,78,60,36,29,38,19,41,52,87,15,94
clust_eq,srs,944,16,79,20,54,48,97,42,45,6,4,18,15,38,35,36,96
clust_eq,srs,945,31,67,9,95,77,5,18,84,83,23,38,76,10,40,53,28
clust_eq,srs,946,1,54,61,24,10,17,36,86,75,42,3,23,79,9,57,29
clust_eq,srs,947,100,20,6,66,61,76,53,4,30,44,88,28,35,12,2,42
clust_eq,srs,948,9,85,7,65,100,4,42,97,80,16,76,64,35,57,34,81
clust_eq,srs,949,88,30,75,52,84,12,86,58,47,94,81,89,87,83,93,43
clust_eq,srs,950,23,75,57,24,92,36,4,48,99,46,34,73,87,14,80,77
clust_eq,srs,951,65,35,94,6,91,45,12,84,26,31,54,95,55,47,73,29
clust_eq,srs,952,97,41,21,66,5,37,9,7,69,61,50,43,24,58,83,36
clust_eq,srs,953,36,85,89,18,70,79,5,44,26,34,54,22,6,73,94,31
clust_eq,srs,954,79,82,19,54,47,70,41,81,6,51,31,71,36,53,15,59
clust_eq,srs,955,34,14,33,38,72,84,27,80,56,20,61,98,74,28,50,8
clust_eq,srs,956,21,34,51,33,71,98,7,83,12,49,9,72,85,37,40,31
clust_eq,srs,957,89,57,41,58,97,59,52,94,37,64,63,48,91,13,51,25
clust_eq,srs,958,47,11,66,53,95,90,72,17,12,10,68,2,31,81,26,87
clust_eq,srs,959,21,25,20,71,45,6,51,10,81,66,39,4,96,26,77,67
clust_eq,srs,960,75,44,2,7,53,38,61,37,25,58,63,93,4,67,3,12
clust_eq,srs,961,79,86,24,96,39,30,87,95,98,18,19,73,91,81,55,17
clust_eq,srs,962,52,16,72,21,4,14,48,25,8,53,79,51,70,23,49,94
clust_eq,srs,963,48,27,40,19,16,33,53,44,61,15,93,90,100,21,66,34
clust_eq,srs,964,46,26,58,72,69,61,39,52,5,51,81,43,36,77,80,78
clust_eq,srs,965,33,59,30,54,63,58,95,78,76,42,79,52,15,62,96,3
clust_eq,srs,966,56,4,64,96,97,47,42,77,82,67,88,84,65,93,7,57
clust_eq,srs,967,13,1,23,24,69,48,70,99,51,34,12,61,45,38,81,33
clust_eq,srs,968,86,28,63,9,23,19,2,69,85,27,32,81,47,31,67,8
clust_eq,srs,969,76,29,84,11,46,51,65,6,79,10,68,12,99,73,40,18
clust_eq,srs,970,15,61,54,73,52,30,8,32,37,26,3,66,55,29,16,21
clust_eq,srs,971,32,3,1,43,79,90,64,53,56,76,40,30,42,47,13,55
clust_eq,srs,972,20,7,11,1,37,43,93,21,55,94,59,24,38,79,62,92
clust_eq,srs,973,72,93,73,88,58,4,25,99,41,60,90,84,51,91,76,40
clust_eq,srs,974,9,52,39,83,16,91,97,81,21,31,49,43,50,58,71,22
clust_eq,srs,975,89,56,79,67,20,88,26,37,8,50,10,30,61,78,64,1
clust_eq,srs,976,69,35,24,82,9,62,16,2,90,91,58,60,66,27,93,4
clust_eq,srs,977,94,36,22,91,49,85,58,33,23,18,12,69,79,9,47,63
clust_eq,srs,978,62,67,50,73,86,7,30,13,95,100,5,96,9,6,94,1
clust_eq,srs,979,66,50,5,73,65,100,11,18,79,1,88,75,84,35,77,63
clust_eq,srs,980,98,44,87,52,26,60,50,57,42,66,91,92,27,46,80,86
clust_eq,srs,981,26,75,82,71,21,14,20,59,83,23,95,34,1,10,30,47
clust_eq,srs,982,100,65,25,56,53,57,97,38,6,82,21,45,42,59,58,20
clust_eq,srs,983,83,37,29,41,94,28,52,64,5,85,84,77,42,44,47,74
clust_eq,srs,984,52,54,27,70,30,25,10,51,82,17,100,58,89,68,88,46
clust_eq,srs,985,91,39,48,78,43,63,44,51,98,14,100,75,81,87,82,70
clust_eq,srs,986,48,93,25,15,36,73,97,87,68,17,58,91,82,6,38,39
clust_eq,srs,987,32,4,1,61,78,36,6,34,37,60,18,55,80,42,71,93
clust_eq,srs,988,59,46,43,6,36,97,68,9,49,26,20,57,99,60,84,10
clust_eq,srs,989,31,53,75,84,70,66,93,21,72,11,46,82,68,76,8,99
clust_eq,srs,990,93,38,20,25,67,97,34,26,11,54,59,60,21,19,36,57
clust_eq,srs,991,69,17,63,28,13,72,24,6,10,8,83,23,92,38,71,54
clust_eq,srs,992,74,80,98,36,44,31,83,90,43,2,99,54,59,9,75,67
clust_eq,srs,993,66,69,28,56,72,90,2,29,46,31,38,86,18,21,3,73
clust_eq,srs,994,16,18,73,85,65,40,96,42,52,45,11,24,22,41,32,19
clust_eq,srs,995,61,40,77,22,96,51,20,49,47,53,92,69,58,6,78,70
clust_eq,srs,996,78,38,43,13,88,27,67,14,91,98,71,30,82,40,84,68
clust_eq,srs,997,55,48,98,15,66,91,3,13,68,2,28,92,26,6,73,50
clust_eq,srs,998,65,98,93,100,75,25,79,19,61,7,94,32,69,95,38,55
clust_eq,srs,999,60,59,93,96,74,85,65,89,20,23,80,88,2,16,92,46
clust_eq,srs,1000,45,4,26,5,57,97,84,39,6,74,78,17,69,67,53,16
clust_eq,srs,1001,65,90,97,84,37,2,96,5,71,39,45,16,74,73,26,78
clust_eq,srs,1002,81,77,2,45,67,73,7,13,57,40,63,56,29,75,95,46
clust_eq,srs,1003,71,22,12,53,89,75,26,31,45,94,33,83,13,32,56,70
clust_eq,srs,1004,68,51,22,2,55,72,5,62,26,31,79,73,98,13,32,92
clust_eq,srs,1005,76,54,42,95,45,56,38,9,10,31,80,61,27,51,53,100
clust_eq,srs,1006,53,47,65,8,100,78,42,36,30,44,31,66,20,92,9,16
clust_eq,srs,1007,56,31,6,4,88,34,16,3,33,48,60,64,46,22,41,98
clust_eq,srs,1008,40,97,2,84,80,18,62,65,36,41,96,90,94,76,54,61
clust_eq,srs,1009,84,16,75,37,64,66,94,21,82,35,3,9,91,10,83,19
clust_eq,srs,1010,17,8,82,42,65,30,23,46,68,19,91,57,74,97,33,96
clust_eq,srs,1011,97,74,32,28,20,49,83,43,29,47,46,73,70,53,13,78
clust_eq,srs,1012,19,75,16,86,66,50,31,11,1,40,76,8,22,92,71,59
clust_eq,srs,1013,69,29,21,26,37,98,25,14,89,70,67,5,55,85,27,80
clust_eq,srs,1014,22,43,9,72,78,28,4,8,20,51,99,80,60,29,68,7
clust_eq,srs,1015,8,31,50,33,40,35,26,98,84,25,56,77,80,5,14,28
clust_eq,srs,1016,3,31,76,15,39,70,45,69,98,24,34,37,81,43,30,75
clust_eq,srs,1017,33,14,91,98,97,30,3,7,20,38,4,52,84,12,17,28
clust_eq,srs,1018,11,86,87,69,46,45,92,7,77,50,67,42,64,30,3,66
clust_eq,srs,1019,66,23,57,15,40,49,8,84,76,9,91,28,12,54,25,13
clust_eq,srs,1020,28,2,17,48,63,64,73,15,50,94,4,27,49,44,23,80
clust_eq,srs,1021,4,69,35,46,8,96,38,72,34,20,51,52,23,17,44,66
clust_eq,srs,1022,37,89,62,18,19,49,85,75,97,93,54,71,86,38,23,17
clust_eq,srs,1023,73,79,87,4,95,33,14,13,96,84,80,77,59,26,8,12
clust_eq,srs,1024,42,51,99,53,93,9,38,17,86,30,5,92,32,96,84,47
clust_eq,srs,1025,12,67,4,82,28,48,57,42,77,84,37,69,88,61,27,19
clust_eq,srs,1026,68,40,42,63,51,32,86,80,56,59,45,25,17,47,77,89
clust_eq,srs,1027,23,73,92,55,30,39,18,67,45,71,76,77,46,7,86,48
clust_eq,srs,1028,81,39,50,70,98,24,63,12,55,11,43,36,52,80,45,91
clust_eq,srs,1029,87,88,68,66,22,25,30,97,9,89,1,69,80,38,41,82
clust_eq,srs,1030,85,63,97,77,65,70,99,34,29,31,50,90,79,91,47,78
clust_eq,srs,1031,57,56,46,49,76,31,27,91,50,33,40,82,11,1,64,25
clust_eq,srs,1032,3,74,36,37,6,91,67,17,10,56,69,84,79,8,32,60
clust_eq,srs,1033,3,53,56,89,51,79,68,45,75,69,98,16,41,5,35,58
clust_eq,srs,1034,54,46,52,71,24,66,90,59,29,94,6,64,30,80,40,1
clust_eq,srs,1035,72,61,94,64,96,1,18,5,15,58,63,62,88,85,3,41
clust_eq,srs,1036,81,4,76,18,14,41,99,30,47,66,77,39,32,26,83,15
clust_eq,srs,1037,61,32,16,80,93,59,95,54,37,94,79,89,18,33,96,86
clust_eq,srs,1038,28,75,8,31,43,16,41,47,95,30,80,4,65,25,26,24
clust_eq,srs,1039,55,86,30,38,92,14,8,73,88,77,69,79,100,90,25,41
clust_eq,srs,1040,44,14,70,98,83,30,60,84,23,85,28,95,5,49,77,62
clust_eq,srs,1041,71,92,96,63,79,43,13,77,46,94,62,11,17,15,69,37
clust_eq,srs,1042,29,71,37,17,34,50,6,90,28,82,99,33,100,79,97,63
clust_eq,srs,1043,29,56,67,24,86,76,91,47,36,78,100,55,44,46,65,83
clust_eq,srs,1044,84,74,85,19,61,67,49,87,32,21,52,90,53,55,6,96
clust_eq,srs,1045,6,73,2,31,43,27,62,45,86,8,12,38,58,26,91,61
clust_eq,srs,1046,97,7,96,74,33,66,40,23,38,22,80,83,6,84,82,16
clust_eq,srs,1047,17,99,49,85,82,4,73,21,16,30,20,23,100,10,33,90
clust_eq,srs,1048,29,28,11,63,69,56,79,48,75,80,31,51,71,74,8,30
clust_eq,srs,1049,95,44,99,82,83,71,96,78,56,85,84,87,26,91,62,22
clust_eq,srs,1050,25,99,1,100,29,12,14,66,69,67,54,72,53,81,48,75
clust_eq,srs,1051,100,42,85,8,89,96,6,84,63,36,76,39,35,45,48,75
clust_eq,srs,1052,49,13,46,31,65,5,57,17,80,75,51,27,96,77,24,89
clust_eq,srs,1053,67,82,58,23,9,46,49,32,80,12,72,68,34,2,94,78
clust_eq,srs,1054,87,59,78,10,81,90,8,94,95,47,2,50,82,76,27,63
clust_eq,srs,1055,19,11,20,98,29,92,96,78,91,9,62,90,35,10,87,26
clust_eq,srs,1056,83,44,31,60,35,62,41,66,79,72,97,40,4,37,2,70
clust_eq,srs,1057,27,75,76,13,18,2,56,73,94,93,28,60,97,10,81,38
clust_eq,srs,1058,12,31,65,18,99,45,25,74,75,89,93,6,80,34,42,90
clust_eq,srs,1059,27,97,59,57,4,41,12,99,20,25,29,62,8,76,54,65
clust_eq,srs,1060,53,6,61,5,79,37,40,32,70,99,75,17,46,71,20,96
clust_eq,srs,1061,71,43,51,73,39,84,46,89,23,74,19,40,37,34,97,58
clust_eq,srs,1062,24,83,33,95,13,54,75,82,53,50,1,84,17,86,80,35
clust_eq,srs,1063,87,96,36,66,48,10,25,2,16,64,34,51,68,30,22,8
clust_eq,srs,1064,3,88,91,92,70,62,41,30,27,36,83,23,53,63,76,100
clust_eq,srs,1065,45,19,50,51,4,7,89,31,2,64,21,84,62,91,61,88
clust_eq,srs,1066,76,19,9,12,88,24,2,29,85,4,3,25,95,1,42,50
clust_eq,srs,1067,24,34,4,85,53,35,94,11,81,63,60,65,8,70,97,66
clust_eq,srs,1068,88,54,91,38,37,22,28,5,36,23,47,68,92,66,61,52
clust_eq,srs,1069,84,31,32,64,3,36,28,73,37,12,72,21,81,23,78,62
clust_eq,srs,1070,23,5,46,71,83,56,100,51,11,3,77,80,78,21,45,81
clust_eq,srs,1071,87,2,92,35,60,39,72,95,25,70,46,66,40,77,15,82
clust_eq,srs,1072,26,96,40,95,39,74,25,36,100,45,4,17,53,54,55,56
clust_eq,srs,1073,66,37,76,92,79,39,48,9,86,59,97,56,63,11,26,61
clust_eq,srs,1074,15,47,36,40,78,51,26,71,61,88,91,73,12,18,43,48
clust_eq,srs,1075,91,47,89,30,76,33,46,63,8,15,6,67,1,96,75,17
clust_eq,srs,1076,6,2,79,86,29,36,35,28,100,8,95,33,57,88,75,43
clust_eq,srs,1077,55,4,11,21,5,44,72,24,35,65,48,99,28,8,1,47
clust_eq,srs,1078,79,9,76,61,94,3,4,30,18,85,69,65,64,43,51,78
clust_eq,srs,1079,19,80,4,21,40,83,62,10,44,63,45,88,29,53,69,89
clust_eq,srs,1080,66,99,60,73,97,11,32,6,77,1,53,81,69,41,89,71
clust_eq,srs,1081,96,82,57,32,83,4,89,16,28,64,95,40,12,58,62,80
clust_eq,srs,1082,49,86,4,44,67,50,87,6,63,47,73,94,80,16,69,42
clust_eq,srs,1083,79,15,75,37,89,82,98,99,39,36,31,54,57,72,77,28
clust_eq,srs,1084,69,13,16,73,37,92,85,83,68,55,3,76,84,78,9,56
clust_eq,srs,1085,90,17,29,100,32,25,58,55,59,51,36,27,69,60,33,92
clust_eq,srs,1086,31,15,95,19,97,43,91,27,20,42,86,2,63,41,25,16
clust_eq,srs,1087,18,57,59,3,26,4,90,94,91,69,64,12,10,36,83,30
clust_eq,srs,1088,69,41,27,92,79,91,86,17,82,50,62,36,53,5,42,16
clust_eq,srs,1089,86,11,70,64,19,7,78,18,9,12,23,73,99,40,20,95
clust_eq,srs,1090,19,53,64,16,89,76,80,1,11,68,74,71,69,40,14,25
clust_eq,srs,1091,30,40,76,64,37,4,10,44,50,47,81,31,32,45,36,84
clust_eq,srs,1092,13,40,71,90,54,69,93,68,25,52,38,43,49,21,6,98
clust_eq,srs,1093,30,17,22,97,35,15,11,79,2,6,82,45,65,85,40,73
clust_eq,srs,1094,69,54,18,96,32,43,51,24,55,50,82,2,88,95,6,83
clust_eq,srs,1095,48,77,68,31,50,87,82,26,70,5,73,91,9,10,1,88
clust_eq,srs,1096,16,39,20,71,34,12,62,95,25,1,60,69,85,72,42,87
clust_eq,srs,1097,41,97,9,21,37,36,28,62,90,5,2,14,86,10,69,22
clust_eq,srs,1098,87,11,28,6,8,50,93,97,36,61,83,10,13,70,71,67
clust_eq,srs,1099,14,46,51,38,79,55,76,20,83,85,62,11,32,47,17,89
clust_eq,srs,1100,11,75,87,33,14,12,73,49,74,90,89,29,32,65,16,38
clust_eq,srs,1101,37,77,4,43,48,47,38,1,52,2,26,12,73,33,87,96
clust_eq,srs,1102,19,65,64,8,74,79,100,52,3,49,75,55,13,36,6,96
clust_eq,srs,1103,61,7,31,5,89,60,86,11,91,22,70,51,6,35,94,98
clust_eq,srs,1104,82,89,79,92,67,56,8,97,20,48,23,87,66,71,90,25
clust_eq,srs,1105,27,82,58,71,31,79,70,63,99,36,96,7,95,97,44,12
clust_eq,srs,1106,66,59,85,17,49,48,69,45,99,97,54,64,25,98,28,91
clust_eq,srs,1107,44,17,64,41,31,79,54,23,11,60,53,91,80,10,76,13
clust_eq,srs,1108,34,70,19,5,35,40,93,30,88,8,64,51,61,36,78,66
clust_eq,srs,1109,45,6,19,10,12,3,66,53,82,57,4,99,94,55,14,91
clust_eq,srs,1110,88,3,25,60,7,73,58,35,31,17,62,18,6,77,27,61
clust_eq,srs,1111,65,63,23,15,33,47,89,18,13,59,55,5,98,61,45,36
clust_eq,srs,1112,89,61,74,56,30,33,42,28,81,12,43,83,54,11,10,46
clust_eq,srs,1113,52,91,95,34,82,48,70,83,59,15,50,28,63,94,39,71
clust_eq,srs,1114,53,60,49,5,75,27,18,43,78,87,25,74,45,72,30,76
clust_eq,srs,1115,57,96,24,18,56,8,99,71,12,51,83,52,23,14,84,43
clust_eq,srs,1116,87,42,20,73,21,53,90,68,18,59,49,29,28,16,37,9
clust_eq,srs,1117,44,38,90,85,65,18,84,98,5,66,86,23,51,28,13,92
clust_eq,srs,1118,69,36,88,96,12,65,31,94,91,84,64,32,40,85,23,59
clust_eq,srs,1119,19,100,88,29,66,45,64,70,95,12,53,94,38,52,83,87
clust_eq,srs,1120,76,51,99,74,22,87,66,20,8,68,92,25,83,27,61,82
clust_eq,srs,1121,8,92,71,82,98,28,59,78,36,97,45,69,31,42,25,87
clust_eq,srs,1122,21,71,44,35,89,51,56,42,1,43,78,69,100,99,76,82
clust_eq,srs,1123,36,83,73,44,17,75,22,76,41,61,21,46,88,77,71,55
clust_eq,srs,1124,85,35,3,93,91,30,29,65,10,6,25,74,98,72,11,38
clust_eq,srs,1125,6,67,36,73,29,70,4,32,18,74,87,43,26,1,84,8
clust_eq,srs,1126,17,27,69,86,63,21,88,96,8,51,71,47,95,80,53,65
clust_eq,srs,1127,31,74,76,11,66,43,96,87,42,57,46,41,5,90,10,88
clust_eq,srs,1128,94,7,95,66,4,50,34,91,57,80,5,52,42,16,53,15
clust_eq,srs,1129,76,83,14,41,18,70,93,8,60,84,51,92,29,79,22,31
clust_eq,srs,1130,76,89,70,1,44,56,97,15,37,59,91,43,67,14,61,40
clust_eq,srs,1131,16,32,73,23,76,89,87,3,21,84,77,75,62,17,94,37
clust_eq,srs,1132,6,88,19,35,84,53,20,46,42,14,25,21,17,57,87,86
clust_eq,srs,1133,18,3,47,16,98,99,24,73,100,45,49,5,68,29,86,15
clust_eq,srs,1134,3,93,47,88,64,82,66,59,28,40,81,37,43,86,14,99
clust_eq,srs,1135,27,87,58,24,21,45,18,83,71,13,38,64,3,40,29,35
clust_eq,srs,1136,19,64,15,81,77,55,4,23,66,31,79,48,88,38,67,45
clust_eq,srs,1137,100,3,86,44,56,13,97,74,35,71,45,91,93,14,15,82
clust_eq,srs,1138,15,96,98,63,84,52,7,30,82,51,27,73,90,78,67,36
clust_eq,srs,1139,93,19,12,24,23,38,3,21,37,92,9,1,41,75,44,80
clust_eq,srs,1140,93,86,13,3,94,33,62,46,67,81,85,30,32,19,27,45
clust_eq,srs,1141,80,90,88,97,86,95,32,81,78,23,62,69,76,54,77,50
clust_eq,srs,1142,52,33,25,4,58,32,42,84,12,37,31,73,55,57,6,28
clust_eq,srs,1143,23,14,5,84,93,63,43,86,66,8,83,49,80,25,17,96
clust_eq,srs,1144,92,6,88,96,73,11,99,78,84,86,4,53,49,27,55,42
clust_eq,srs,1145,87,49,73,9,44,64,76,97,69,47,36,20,3,25,90,13
clust_eq,srs,1146,8,90,30,31,5,13,7,52,33,39,67,27,79,3,14,86
clust_eq,srs,1147,46,9,73,19,15,5,23,81,49,76,56,14,43,95,70,25
clust_eq,srs,1148,37,94,18,69,76,26,66,99,58,44,13,21,31,93,42,57
clust_eq,srs,1149,49,70,24,27,51,50,61,95,1,69,79,65,90,44,16,82
clust_eq,srs,1150,47,100,75,25,76,71,88,58,97,79,54,1,20,85,14,99
clust_eq,srs,1151,1,53,96,36,85,42,51,76,3,15,33,71,52,67,20,22
clust_eq,srs,1152,89,53,96,92,60,2,94,68,14,6,9,1,46,23,90,33
clust_eq,srs,1153,55,5,1,73,52,64,99,92,34,59,35,42,38,54,95,21
clust_eq,srs,1154,64,9,71,90,53,8,20,13,33,52,67,75,57,11,54,92
clust_eq,srs,1155,10,68,42,39,30,67,18,84,61,44,37,27,17,65,52,24
clust_eq,srs,1156,87,63,89,57,44,52,24,33,73,74,70,82,71,59,56,53
clust_eq,srs,1157,19,67,49,38,22,3,90,12,56,78,71,36,93,37,43,96
clust_eq,srs,1158,76,97,87,52,77,41,32,20,19,7,56,69,95,33,93,21
clust_eq,srs,1159,59,27,88,56,14,1,18,4,100,32,42,41,95,33,87,7
clust_eq,srs,1160,21,39,14,90,68,32,4,36,7,72,100,47,62,41,27,79
clust_eq,srs,1161,87,16,5,48,50,74,1,36,86,93,42,96,35,76,58,6
clust_eq,srs,1162,93,29,18,75,41,20,34,43,66,26,85,55,21,9,57,28
clust_eq,srs,1163,95,96,43,53,92,63,89,98,8,22,2,48,82,42,40,47
clust_eq,srs,1164,7,92,87,74,24,94,54,1,30,26,2,95,85,55,6,35
clust_eq,srs,1165,72,98,97,54,89,74,90,20,68,65,28,36,17,88,25,78
clust_eq,srs,1166,53,24,56,64,27,29,95,77,96,34,88,93,98,28,42,19
clust_eq,srs,1167,24,59,77,70,87,67,75,61,93,79,30,40,82,60,57,69
clust_eq,srs,1168,53,43,86,18,74,38,84,20,16,76,47,66,8,71,12,5
clust_eq,srs,1169,83,84,12,53,81,36,58,5,60,33,93,38,37,4,89,2
clust_eq,srs,1170,48,63,69,32,65,36,71,37,97,44,19,14,50,93,9,78
clust_eq,srs,1171,13,21,66,83,35,94,2,90,3,72,76,63,56,89,80,57
clust_eq,srs,1172,8,88,45,43,52,28,21,78,33,71,20,16,6,40,46,61
clust_eq,srs,1173,13,24,81,20,3,35,76,73,33,54,31,36,15,80,34,59
clust_eq,srs,1174,17,30,91,89,79,3,20,61,15,57,27,32,5,58,41,24
clust_eq,srs,1175,60,78,20,11,70,44,75,31,8,99,1,27,33,41,69,87
clust_eq,srs,1176,54,90,37,59,85,68,77,5,49,50,62,36,88,24,28,27
clust_eq,srs,1177,40,42,44,90,95,39,62,76,68,37,10,14,4,43,70,92
clust_eq,srs,1178,69,13,28,44,100,23,65,94,43,99,73,81,97,48,49,96
clust_eq,srs,1179,28,4,91,62,70,95,31,72,56,98,48,49,47,19,67,61
clust_eq,srs,1180,79,94,45,28,9,96,93,84,46,76,88,11,53,25,4,13
clust_eq,srs,1181,48,45,11,29,26,33,65,32,43,82,6,88,87,90,47,28
clust_eq,srs,1182,100,56,27,92,43,85,58,4,48,46,2,23,94,82,69,68
clust_eq,srs,1183,2,57,41,80,92,44,24,34,17,89,28,86,91,99,81,58
clust_eq,srs,1184,44,58,50,64,14,38,53,24,36,46,100,59,19,41,9,89
clust_eq,srs,1185,96,98,16,31,21,83,53,41,92,54,58,43,94,50,93,89
clust_eq,srs,1186,74,52,61,19,11,66,31,92,28,98,48,20,24,55,34,4
clust_eq,srs,1187,57,49,86,67,63,84,19,78,39,94,6,56,85,30,5,34
clust_eq,srs,1188,72,12,66,40,87,23,28,42,100,80,9,53,95,21,46,68
clust_eq,srs,1189,82,85,59,57,33,13,65,23,62,34,93,39,35,40,41,95
clust_eq,srs,1190,43,67,33,87,7,80,72,83,61,50,14,85,11,56,54,39
clust_eq,srs,1191,86,54,31,53,98,25,28,11,66,2,21,26,19,42,48,57
clust_eq,srs,1192,38,96,10,90,4,33,57,59,77,8,97,43,2,100,41,98
clust_eq,srs,1193,25,35,80,36,69,52,42,88,43,76,74,4,64,10,19,68
clust_eq,srs,1194,37,92,81,87,58,6,25,50,67,9,98,53,31,54,1,91
clust_eq,srs,1195,38,25,40,13,79,4,23,92,75,19,76,63,50,54,85,52
clust_eq,srs,1196,40,77,26,78,95,42,76,61,1,35,68,41,71,64,86,37
clust_eq,srs,1197,89,58,91,76,42,21,25,9,1,81,100,43,88,51,37,35
clust_eq,srs,1198,31,96,14,85,45,95,6,76,77,24,46,16,22,82,38,73
clust_eq,srs,1199,92,53,31,70,11,96,97,2,54,49,41,37,5,21,18,26
clust_eq,srs,1200,53,93,23,43,19,87,24,41,31,48,1,54,68,2,6,75
clust_eq,srs,1201,99,90,86,82,8,69,87,14,51,54,30,12,25,55,53,36
clust_eq,srs,1202,90,7,100,69,71,74,27,80,63,73,16,45,37,39,18,31
clust_eq,srs,1203,59,86,66,64,44,67,48,20,29,33,27,42,25,36,11,32
clust_eq,srs,1204,7,68,78,47,79,83,42,50,55,37,49,11,26,80,19,21
clust_eq,srs,1205,85,94,46,73,37,51,77,32,93,23,10,4,75,27,16,8
clust_eq,srs,1206,2,76,49,37,90,54,6,4,5,39,36,41,18,29,86,71
clust_eq,srs,1207,34,49,48,69,40,10,71,29,97,11,81,93,19,63,2,67
clust_eq,srs,1208,82,6,54,52,65,59,27,40,2,41,37,9,15,83,48,49
clust_eq,srs,1209,40,26,58,35,69,81,33,14,84,76,36,3,100,22,49,91
clust_eq,srs,1210,82,32,20,95,80,84,12,15,90,42,35,18,50,11,76,53
clust_eq,srs,1211,7,42,41,1,15,68,14,71,38,94,45,26,4,10,56,96
clust_eq,srs,1212,4,91,57,42,32,86,1,9,47,71,26,74,68,2,73,62
clust_eq,srs,1213,98,56,49,34,45,25,95,53,8,69,77,84,64,72,100,71
clust_eq,srs,1214,99,51,89,27,28,52,25,74,17,92,39,87,84,19,15,36
clust_eq,srs,1215,26,2,48,72,7,91,15,84,69,65,17,20,16,9,1,35
clust_eq,srs,1216,29,61,10,39,26,53,15,46,5,88,66,94,83,87,19,56
clust_eq,srs,1217,78,97,35,86,65,44,7,69,57,70,31,61,56,62,4,17
clust_eq,srs,1218,9,5,94,46,100,20,16,92,34,99,66,85,1,52,87,61
clust_eq,srs,1219,96,63,24,17,72,36,84,3,79,59,37,25,51,55,7,32
clust_eq,srs,1220,54,68,92,28,67,34,2,18,81,41,88,100,84,71,19,46
clust_eq,srs,1221,98,26,57,74,17,32,55,9,67,69,63,80,1,2,37,31
clust_eq,srs,1222,95,48,66,24,16,36,21,14,88,100,41,34,79,77,81,87
clust_eq,srs,1223,48,75,5,38,39,8,61,58,62,50,40,7,64,78,24,56
clust_eq,srs,1224,59,82,58,28,80,29,2,84,42,39,86,56,4,92,78,23
clust_eq,srs,1225,93,12,43,6,22,86,82,26,85,53,21,72,79,17,34,71
clust_eq,srs,1226,13,97,22,81,25,48,65,64,61,85,93,56,14,9,27,73
clust_eq,srs,1227,96,23,8,80,17,85,26,20,32,21,89,42,35,44,49,31
clust_eq,srs,1228,66,95,61,33,57,31,89,32,22,3,98,97,38,90,91,5
clust_eq,srs,1229,9,87,98,89,26,95,32,61,96,71,49,85,78,80,11,55
clust_eq,srs,1230,76,21,52,41,59,2,78,20,30,87,71,15,14,33,35,43
clust_eq,srs,1231,15,67,50,22,10,87,63,36,70,51,58,3,33,65,72,45
clust_eq,srs,1232,7,59,89,22,81,28,36,21,96,15,44,32,62,47,73,94
clust_eq,srs,1233,90,44,46,60,71,24,62,7,57,52,27,21,23,31,54,78
clust_eq,srs,1234,55,4,75,76,43,11,80,10,65,53,58,84,93,16,41,87
clust_eq,srs,1235,16,65,6,98,29,1,9,63,64,36,23,61,4,74,11,21
clust_eq,srs,1236,41,99,97,46,55,83,42,50,60,54,1,84,72,77,24,18
clust_eq,srs,1237,80,70,23,83,96,4,55,9,22,15,39,36,97,94,88,47
clust_eq,srs,1238,29,86,41,1,50,61,14,92,84,94,77,35,58,20,48,22
clust_eq,srs,1239,49,71,10,26,9,58,4,81,76,74,70,83,39,51,48,45
clust_eq,srs,1240,13,31,91,14,80,10,60,51,89,64,20,33,79,66,95,67
clust_eq,srs,1241,88,8,80,62,27,76,49,73,35,39,68,9,82,60,70,66
clust_eq,srs,1242,22,30,62,92,90,73,29,50,47,9,41,76,48,21,96,26
clust_eq,srs,1243,54,4,8,92,99,87,45,74,9,30,62,47,81,21,58,22
clust_eq,srs,1244,43,13,47,48,91,31,73,95,27,42,57,85,11,37,16,86
clust_eq,srs,1245,77,37,74,9,27,98,81,54,32,86,40,57,97,80,71,16
clust_eq,srs,1246,5,21,53,80,93,14,86,56,13,36,78,57,99,30,76,34
clust_eq,srs,1247,58,74,70,82,65,52,26,60,59,76,37,41,4,36,35,73
clust_eq,srs,1248,67,84,81,93,65,46,43,52,42,85,60,79,56,87,53,82
clust_eq,srs,1249,24,10,86,37,18,55,64,73,75,4,66,41,83,28,5,78
clust_eq,srs,1250,27,87,34,49,61,12,19,40,63,72,16,32,83,62,44,8
clust_eq,srs,1251,52,93,7,56,98,14,84,70,99,26,27,80,11,67,94,95
clust_eq,srs,1252,19,45,77,49,85,26,96,16,57,88,44,28,42,27,95,46
clust_eq,srs,1253,60,3,70,65,77,37,95,85,21,62,30,66,18,48,68,83
clust_eq,srs,1254,74,33,75,11,4,55,24,13,97,94,35,91,71,8,57,26
clust_eq,srs,1255,14,47,82,15,83,45,86,54,2,73,84,97,98,38,56,21
clust_eq,srs,1256,89,64,18,73,82,9,67,29,80,98,68,75,13,12,79,42
clust_eq,srs,1257,7,3,75,61,78,10,51,55,47,96,15,11,77,83,12,52
clust_eq,srs,1258,75,8,59,36,83,1,37,39,90,17,24,16,76,48,28,38
clust_eq,srs,1259,94,39,72,79,26,45,19,60,37,89,68,95,76,43,33,36
clust_eq,srs,1260,80,1,8,56,70,68,57,69,4,21,5,66,37,99,51,94
clust_eq,srs,1261,8,23,88,12,72,58,28,48,50,75,17,19,14,92,76,18
clust_eq,srs,1262,7,12,40,87,93,52,27,48,39,25,100,92,14,66,61,21
clust_eq,srs,1263,62,36,77,90,33,67,23,24,17,41,18,89,21,30,94,86
clust_eq,srs,1264,20,63,78,7,91,31,74,90,87,23,84,68,82,32,75,29
clust_eq,srs,1265,18,3,55,59,91,25,68,87,86,50,96,5,13,58,61,83
clust_eq,srs,1266,100,35,76,41,69,21,60,82,32,58,85,70,47,57,18,16
clust_eq,srs,1267,62,80,92,41,76,59,93,50,17,12,37,84,23,57,46,48
clust_eq,srs,1268,89,14,85,37,92,24,6,26,67,76,1,47,28,74,20,71
clust_eq,srs,1269,74,79,81,36,61,66,96,41,24,83,56,98,78,45,13,35
clust_eq,srs,1270,41,31,11,49,98,71,61,7,2,84,54,60,1,40,9,65
clust_eq,srs,1271,63,17,92,74,39,24,100,70,78,8,53,18,47,55,88,29
clust_eq,srs,1272,33,99,62,45,2,83,85,14,77,72,16,70,15,86,17,11
clust_eq,srs,1273,68,41,93,60,2,83,47,28,45,23,87,71,96,92,15,53
clust_eq,srs,1274,94,18,85,17,41,19,66,11,36,4,95,24,57,84,3,1
clust_eq,srs,1275,25,99,32,46,70,48,83,11,53,71,34,43,82,57,22,8
clust_eq,srs,1276,7,98,46,96,29,31,72,55,4,21,64,36,9,2,82,47
clust_eq,srs,1277,34,69,93,82,10,15,81,65,4,55,67,80,27,50,52,28
clust_eq,srs,1278,28,20,25,58,8,75,37,22,79,97,88,61,47,54,49,74
clust_eq,srs,1279,61,87,29,20,66,70,40,75,19,13,18,94,97,56,49,45
clust_eq,srs,1280,81,76,8,44,18,75,46,20,72,71,45,92,79,19,88,49
clust_eq,srs,1281,5,78,100,75,26,68,57,6,40,18,61,65,50,66,14,32
clust_eq,srs,1282,11,43,30,18,35,53,44,25,59,94,20,74,13,14,68,32
clust_eq,srs,1283,48,25,23,9,88,97,39,51,46,20,93,74,71,6,16,58
clust_eq,srs,1284,89,59,60,37,48,82,95,84,16,20,12,46,65,90,28,100
clust_eq,srs,1285,13,46,51,25,34,10,55,88,7,22,69,91,63,14,47,49
clust_eq,srs,1286,67,86,36,35,77,64,95,99,78,15,31,2,51,24,29,52
clust_eq,srs,1287,18,7,66,95,59,100,81,76,52,62,97,65,61,16,73,98
clust_eq,srs,1288,89,96,25,82,92,33,62,41,40,99,87,12,47,86,65,72
clust_eq,srs,1289,78,4,98,97,74,84,5,46,70,39,29,69,23,54,59,50
clust_eq,srs,1290,63,92,91,43,73,48,69,100,25,19,21,93,56,66,4,3
clust_eq,srs,1291,36,14,48,2,40,96,76,6,18,91,31,42,26,77,58,50
clust_eq,srs,1292,82,90,21,44,4,89,88,35,100,8,11,47,96,81,13,86
clust_eq,srs,1293,61,91,50,58,9,6,74,56,14,66,37,3,84,79,28,60
clust_eq,srs,1294,42,21,36,88,71,41,68,8,83,90,64,38,59,9,5,29
clust_eq,srs,1295,12,64,3,15,30,56,92,77,73,44,27,51,31,6,66,11
clust_eq,srs,1296,43,4,1,16,17,58,33,74,83,11,34,93,18,41,50,49
clust_eq,srs,1297,31,47,76,18,5,100,63,16,64,66,81,30,98,1,57,53
clust_eq,srs,1298,68,64,82,53,20,14,97,45,37,66,83,4,89,70,10,99
clust_eq,srs,1299,93,59,57,74,82,99,44,37,32,79,9,10,7,77,72,83
clust_eq,srs,1300,26,93,71,89,58,100,24,64,52,51,87,83,2,19,30,44
clust_eq,srs,1301,38,14,24,26,4,31,65,66,33,62,81,53,77,72,13,40
clust_eq,srs,1302,58,83,90,42,3,26,19,9,4,97,34,33,98,59,13,30
clust_eq,srs,1303,52,84,10,2,36,100,7,6,92,72,61,43,30,89,14,69
clust_eq,srs,1304,71,3,22,40,4,16,64,15,79,66,43,25,98,38,49,91
clust_eq,srs,1305,6,31,36,39,86,92,28,84,18,50,23,17,27,47,64,61
clust_eq,srs,1306,100,69,50,42,17,25,4,18,20,55,23,5,85,51,40,89
clust_eq,srs,1307,74,80,60,84,4,1,93,17,47,59,50,56,40,91,69,35
clust_eq,srs,1308,15,66,13,84,55,89,41,31,88,11,25,1,46,19,61,14
clust_eq,srs,1309,37,34,53,24,82,29,92,75,3,36,58,8,50,80,72,7
clust_eq,srs,1310,15,18,77,21,90,46,13,98,97,19,65,12,7,29,10,92
clust_eq,srs,1311,73,17,15,52,31,50,48,14,69,96,51,10,89,87,71,27
clust_eq,srs,1312,8,21,50,17,18,58,86,40,76,19,87,48,39,9,12,24
clust_eq,srs,1313,66,77,89,95,57,98,75,96,61,12,49,92,3,78,88,51
clust_eq,srs,1314,37,18,97,67,41,20,78,70,55,90,65,13,83,16,84,71
clust_eq,srs,1315,13,18,24,76,95,57,97,31,32,77,93,38,34,29,40,41
clust_eq,srs,1316,57,18,43,64,9,66,91,1,24,92,40,79,35,88,10,6
clust_eq,srs,1317,2,44,90,37,23,67,6,99,64,1,17,33,57,29,41,100
clust_eq,srs,1318,72,44,88,40,34,16,94,43,83,54,11,48,50,70,14,21
clust_eq,srs,1319,81,36,19,4,1,65,42,77,71,30,61,6,62,73,29,72
clust_eq,srs,1320,20,77,13,64,52,71,92,45,7,14,91,87,46,33,38,61
clust_eq,srs,1321,57,53,62,25,17,99,67,2,58,21,91,50,87,79,45,74
clust_eq,srs,1322,59,96,92,17,40,3,91,8,84,80,35,26,49,22,10,82
clust_eq,srs,1323,90,85,56,17,70,8,62,30,55,13,100,29,60,83,82,3
clust_eq,srs,1324,44,94,98,51,41,42,75,66,24,86,23,80,78,84,59,30
clust_eq,srs,1325,81,9,13,6,62,40,98,71,56,19,55,10,34,31,8,95
clust_eq,srs,1326,83,86,11,8,69,25,39,71,38,72,82,97,47,90,9,64
clust_eq,srs,1327,25,1,61,59,87,45,81,62,38,15,86,46,77,90,95,74
clust_eq,srs,1328,55,21,59,69,92,62,50,8,10,78,18,91,64,14,44,61
clust_eq,srs,1329,44,86,66,45,33,77,54,48,5,7,67,40,61,59,29,26
clust_eq,srs,1330,85,14,34,49,86,45,91,16,97,2,7,29,42,54,40,19
clust_eq,srs,1331,41,58,89,92,59,98,32,46,29,15,82,16,67,12,66,18
clust_eq,srs,1332,66,81,3,50,10,38,89,29,62,13,20,51,47,35,52,24
clust_eq,srs,1333,2,79,13,29,71,67,12,5,64,84,30,59,63,85,49,99
clust_eq,srs,1334,51,66,17,64,65,95,1,29,55,77,56,69,67,63,100,97
clust_eq,srs,1335,89,25,58,40,60,79,80,94,30,24,29,82,55,45,68,86
clust_eq,srs,1336,60,20,26,17,32,87,94,62,74,65,100,92,88,28,14,76
clust_eq,srs,1337,38,50,9,75,83,63,58,35,81,54,40,6,12,48,61,8
clust_eq,srs,1338,31,29,16,56,37,53,1,76,88,39,23,67,69,86,42,71
clust_eq,srs,1339,26,81,87,29,95,1,45,15,32,83,97,55,27,16,52,37
clust_eq,srs,1340,70,83,91,80,13,65,22,6,4,97,92,86,53,84,11,27
clust_eq,srs,1341,89,97,27,32,59,61,75,85,98,29,65,12,72,2,84,71
clust_eq,srs,1342,3,66,67,87,1,14,68,82,55,30,44,96,98,23,77,80
clust_eq,srs,1343,85,48,12,59,9,24,14,30,25,53,93,66,89,62,35,11
clust_eq,srs,1344,29,44,81,12,39,68,55,71,70,95,94,5,53,96,87,36
clust_eq,srs,1345,20,93,6,23,38,32,62,95,78,76,91,30,42,36,14,18
clust_eq,srs,1346,23,52,88,9,86,28,29,73,46,57,50,64,51,24,13,80
clust_eq,srs,1347,18,60,98,3,89,77,86,94,56,32,87,48,36,58,33,20
clust_eq,srs,1348,3,27,96,49,41,70,50,42,47,64,15,74,56,99,72,45
clust_eq,srs,1349,27,41,56,40,29,18,97,12,52,76,14,91,61,10,100,58
clust_eq,srs,1350,18,40,15,79,4,31,37,93,91,10,43,5,68,57,86,55
clust_eq,srs,1351,47,42,34,90,43,37,28,22,2,53,23,36,16,57,17,77
clust_eq,srs,1352,49,25,83,43,85,51,58,69,97,99,9,89,90,20,39,34
clust_eq,srs,1353,45,75,58,11,41,18,92,53,42,85,10,90,100,7,68,91
clust_eq,srs,1354,3,39,98,11,53,7,47,18,44,23,65,1,5,50,68,26
clust_eq,srs,1355,44,75,80,89,22,60,46,78,58,72,53,15,98,25,51,64
clust_eq,srs,1356,19,53,79,73,89,11,52,45,87,14,34,94,43,46,25,83
clust_eq,srs,1357,85,1,75,63,29,20,2,9,78,97,15,89,41,19,83,88
clust_eq,srs,1358,71,47,5,51,18,57,16,91,13,33,25,82,1,40,3,68
clust_eq,srs,1359,5,14,21,60,70,45,27,77,26,57,56,90,87,31,59,11
clust_eq,srs,1360,69,17,16,96,86,27,88,84,58,4,87,79,6,91,7,62
clust_eq,srs,1361,57,58,59,81,12,11,94,21,15,71,27,24,29,53,90,41
clust_eq,srs,1362,30,95,57,35,27,20,97,19,2,23,9,41,74,44,96,25
clust_eq,srs,1363,71,19,34,39,24,15,23,11,77,85,50,6,43,45,96,92
clust_eq,srs,1364,65,80,26,72,48,68,34,31,54,91,13,46,4,18,89,12
clust_eq,srs,1365,50,89,85,52,21,60,77,72,31,95,82,91,51,19,90,44
clust_eq,srs,1366,5,44,79,37,84,82,22,35,51,83,20,70,46,54,87,33
clust_eq,srs,1367,24,50,14,43,75,10,63,41,64,85,13,74,18,9,68,99
clust_eq,srs,1368,41,58,64,86,13,46,6,51,35,55,11,82,2,34,28,79
clust_eq,srs,1369,70,92,22,90,46,82,23,13,5,53,78,15,55,68,96,34
clust_eq,srs,1370,92,56,84,43,28,42,74,51,25,12,75,9,73,3,24,63
clust_eq,srs,1371,33,62,31,44,60,51,4,94,9,20,64,78,71,100,87,84
clust_eq,srs,1372,57,92,5,80,3,82,79,81,43,95,50,90,67,41,74,1
clust_eq,srs,1373,74,69,68,34,70,66,28,6,3,54,20,45,92,78,11,38
clust_eq,srs,1374,77,62,35,15,61,88,86,2,81,12,97,13,75,21,4,23
clust_eq,srs,1375,62,32,65,7,69,92,25,33,3,13,98,42,74,94,23,20
clust_eq,srs,1376,97,53,31,78,92,18,48,33,42,17,57,37,43,2,29,70
clust_eq,srs,1377,30,94,40,1,21,62,58,49,20,34,11,50,15,90,98,12
clust_eq,srs,1378,95,41,93,66,73,5,21,4,10,94,8,54,35,63,46,47
clust_eq,srs,1379,70,71,74,72,31,15,99,44,2,41,67,91,48,57,8,85
clust_eq,srs,1380,60,9,61,8,58,36,44,5,37,55,25,98,24,26,20,46
clust_eq,srs,1381,76,57,68,28,41,29,23,3,83,38,54,61,7,78,19,69
clust_eq,srs,1382,29,73,94,96,82,37,56,68,21,64,25,33,13,80,44,6
clust_eq,srs,1383,21,16,94,19,59,42,20,45,78,2,23,75,64,48,26,40
clust_eq,srs,1384,76,98,95,94,39,13,49,33,24,68,73,41,56,53,85,71
clust_eq,srs,1385,50,8,67,90,23,26,60,9,100,86,44,34,4,5,51,45
clust_eq,srs,1386,65,88,19,16,27,91,64,66,80,12,96,23,93,100,98,37
clust_eq,srs,1387,76,94,15,98,97,86,89,23,73,6,12,4,64,44,10,51
clust_eq,srs,1388,49,31,14,9,92,16,4,64,52,28,87,55,24,43,93,1
clust_eq,srs,1389,18,14,33,99,24,29,71,50,69,21,67,100,90,87,74,88
clust_eq,srs,1390,30,8,27,86,70,38,92,24,17,80,95,85,25,88,56,4
clust_eq,srs,1391,68,46,55,82,27,75,95,11,14,16,57,10,81,6,80,94
clust_eq,srs,1392,92,67,7,85,94,78,68,3,44,5,61,60,52,4,33,76
clust_eq,srs,1393,97,59,34,98,33,9,76,23,74,22,27,53,47,70,61,85
clust_eq,srs,1394,24,88,8,97,26,94,18,62,13,55,5,45,36,49,98,95
clust_eq,srs,1395,50,47,6,97,87,52,44,31,82,78,36,37,48,60,54,91
clust_eq,srs,1396,63,20,79,42,72,96,98,41,48,91,39,23,26,44,35,8
clust_eq,srs,1397,79,15,54,85,49,74,94,32,69,86,35,11,27,18,90,76
clust_eq,srs,1398,53,96,25,66,20,72,14,69,24,15,47,13,31,4,56,16
clust_eq,srs,1399,12,64,51,69,70,65,3,56,92,72,87,9,66,38,46,61
clust_eq,srs,1400,93,28,3,89,69,81,75,84,90,99,6,39,33,13,16,12
clust_eq,srs,1401,18,28,48,68,47,84,14,29,53,10,67,77,71,55,2,26
clust_eq,srs,1402,80,98,22,75,41,92,20,49,40,45,33,29,71,62,30,48
clust_eq,srs,1403,31,1,68,76,44,3,55,35,4,47,94,72,29,5,17,73
clust_eq,srs,1404,21,26,88,81,10,98,61,39,12,58,11,49,80,42,93,23
clust_eq,srs,1405,10,13,73,66,3,59,96,58,30,69,8,76,60,9,14,16
clust_eq,srs,1406,85,58,90,25,66,35,23,24,99,70,15,8,73,83,9,12
clust_eq,srs,1407,35,62,19,75,15,76,22,12,88,83,18,17,54,72,66,68
clust_eq,srs,1408,41,12,51,32,16,93,68,9,11,62,37,50,74,72,1,48
clust_eq,srs,1409,31,50,44,47,74,53,76,83,80,52,18,63,6,42,77,32
clust_eq,srs,1410,11,80,36,8,53,55,17,15,79,83,14,99,75,51,86,41
clust_eq,srs,1411,28,6,21,34,43,60,89,37,13,52,30,63,5,19,3,50
clust_eq,srs,1412,95,33,86,82,42,59,60,19,7,72,50,56,76,64,29,43
clust_eq,srs,1413,3,16,67,98,40,1,72,50,32,97,18,41,7,29,95,57
clust_eq,srs,1414,97,20,9,43,84,4,56,13,83,7,30,75,5,100,64,87
clust_eq,srs,1415,84,2,6,74,80,34,41,15,98,23,39,70,64,85,90,82
clust_eq,srs,1416,71,12,36,94,54,73,6,70,44,39,34,99,45,52,56,47
clust_eq,srs,1417,48,76,11,72,81,26,70,58,10,75,30,4,54,79,99,32
clust_eq,srs,1418,18,96,87,63,41,93,79,11,14,90,58,21,16,50,32,31
clust_eq,srs,1419,62,66,77,60,67,100,10,81,88,84,35,59,73,22,91,47
clust_eq,srs,1420,23,30,97,37,90,33,12,11,98,78,87,100,35,25,67,3
clust_eq,srs,1421,87,80,18,63,39,92,53,46,24,57,14,6,94,76,36,8
clust_eq,srs,1422,73,78,91,70,72,38,41,46,82,5,69,9,100,19,3,10
clust_eq,srs,1423,66,53,85,83,57,92,47,29,60,33,14,28,100,1,65,12
clust_eq,srs,1424,89,100,29,30,36,4,47,67,85,92,38,56,52,91,77,23
clust_eq,srs,1425,10,94,59,85,1,74,100,91,95,44,70,34,14,35,89,33
clust_eq,srs,1426,15,56,49,78,95,36,87,10,94,88,33,84,18,35,62,39
clust_eq,srs,1427,77,100,69,80,78,68,14,7,24,23,99,58,88,27,39,63
clust_eq,srs,1428,14,60,43,55,40,91,31,45,73,90,26,95,48,4,10,47
clust_eq,srs,1429,8,80,30,53,73,1,97,16,59,12,60,40,43,93,99,28
clust_eq,srs,1430,30,99,83,79,18,6,94,13,3,52,2,40,80,91,70,25
clust_eq,srs,1431,17,22,48,16,29,60,5,83,14,18,72,49,6,27,65,15
clust_eq,srs,1432,79,19,65,87,9,47,63,69,86,61,35,93,27,98,25,16
clust_eq,srs,1433,95,91,18,49,89,97,46,10,70,32,30,16,54,81,83,11
clust_eq,srs,1434,98,41,77,72,13,51,81,27,20,84,65,52,47,49,11,38
clust_eq,srs,1435,31,17,95,56,81,2,74,5,94,71,63,20,83,1,29,46
clust_eq,srs,1436,2,47,69,52,65,77,20,95,96,38,60,76,75,98,32,85
clust_eq,srs,1437,45,22,80,4,9,92,41,61,58,31,72,88,62,42,56,97
clust_eq,srs,1438,76,70,74,86,96,45,80,43,36,78,9,67,93,2,27,15
clust_eq,srs,1439,20,69,14,83,24,79,47,40,88,77,34,49,6,4,89,59
clust_eq,srs,1440,80,99,37,79,54,30,61,43,82,88,31,91,7,22,34,53
clust_eq,srs,1441,32,60,29,54,91,17,45,10,88,72,39,25,64,75,58,65
clust_eq,srs,1442,58,15,90,44,51,86,46,57,65,22,67,40,25,8,38,2
clust_eq,srs,1443,96,76,24,37,93,7,42,88,68,28,58,17,65,43,19,6
clust_eq,srs,1444,79,40,59,5,27,87,36,47,60,96,67,93,49,98,32,34
clust_eq,srs,1445,86,95,41,9,16,98,7,14,60,87,73,72,22,68,85,38
clust_eq,srs,1446,91,33,18,81,29,5,74,90,83,72,36,28,20,55,60,39
clust_eq,srs,1447,85,1,32,17,83,24,20,53,44,77,49,69,31,48,4,93
clust_eq,srs,1448,40,96,49,69,95,92,87,90,5,74,55,20,89,8,46,31
clust_eq,srs,1449,32,36,99,61,30,68,78,85,7,29,22,44,14,25,9,59
clust_eq,srs,1450,71,28,77,52,61,29,1,83,89,92,30,96,22,97,21,15
clust_eq,srs,1451,4,77,52,46,25,64,40,97,79,39,24,43,57,91,17,14
clust_eq,srs,1452,79,89,63,72,81,74,19,29,92,13,17,87,46,21,77,1
clust_eq,srs,1453,1,80,25,33,87,31,9,32,43,73,100,2,68,15,17,46
clust_eq,srs,1454,24,41,19,3,84,51,65,26,53,54,63,67,77,96,43,61
clust_eq,srs,1455,55,85,25,45,28,51,26,88,20,54,67,9,37,79,8,53
clust_eq,srs,1456,7,57,35,80,52,99,71,12,92,24,55,59,30,36,40,72
clust_eq,srs,1457,12,57,29,50,2,83,31,54,63,35,10,20,44,45,94,15
clust_eq,srs,1458,47,13,26,58,5,9,86,61,14,74,35,98,8,73,64,36
clust_eq,srs,1459,92,96,98,64,87,88,94,23,12,35,56,32,31,3,89,81
clust_eq,srs,1460,20,69,79,56,55,65,44,93,61,77,73,43,49,85,45,76
clust_eq,srs,1461,38,10,23,26,54,84,69,13,98,100,70,51,60,39,87,14
clust_eq,srs,1462,71,97,27,1,51,23,92,53,26,18,35,100,57,15,90,75
clust_eq,srs,1463,87,82,8,33,76,45,60,17,77,92,15,98,71,23,50,46
clust_eq,srs,1464,31,25,77,46,90,12,19,30,89,99,69,57,80,86,14,6
clust_eq,srs,1465,3,26,30,67,37,4,54,15,72,32,60,59,93,56,47,89
clust_eq,srs,1466,91,51,24,86,31,74,89,21,70,62,72,45,49,40,71,39
clust_eq,srs,1467,30,32,13,82,55,37,69,86,40,64,51,85,98,3,38,5
clust_eq,srs,1468,20,83,30,85,3,68,8,67,78,43,29,2,65,50,4,5
clust_eq,srs,1469,49,22,15,84,78,14,35,33,4,38,3,100,80,32,39,23
clust_eq,srs,1470,75,98,56,51,23,99,59,8,71,26,52,18,57,50,70,84
clust_eq,srs,1471,56,70,51,2,42,74,78,28,66,88,65,82,71,96,53,99
clust_eq,srs,1472,60,93,2,57,86,85,17,42,14,7,26,10,97,75,49,40
clust_eq,srs,1473,87,76,74,42,92,22,3,72,93,6,21,78,54,16,44,48
clust_eq,srs,1474,91,96,8,97,31,76,36,9,5,53,69,83,72,50,14,6
clust_eq,srs,1475,91,41,11,88,33,81,83,29,15,3,69,92,70,21,27,98
clust_eq,srs,1476,100,17,62,19,65,42,39,83,25,90,72,81,71,52,21,73
clust_eq,srs,1477,21,35,8,81,49,93,84,82,59,72,68,60,88,86,90,33
clust_eq,srs,1478,35,58,7,88,46,65,100,90,84,64,44,80,45,54,81,22
clust_eq,srs,1479,38,59,98,34,65,90,84,52,87,11,41,36,12,19,95,86
clust_eq,srs,1480,6,61,55,76,47,77,97,93,56,92,54,48,68,27,60,91
clust_eq,srs,1481,67,94,9,70,8,40,17,52,57,81,62,25,13,83,59,1
clust_eq,srs,1482,35,72,82,46,63,95,53,61,47,21,44,52,51,67,6,81
clust_eq,srs,1483,68,73,93,60,48,63,95,20,58,97,83,35,10,46,96,100
clust_eq,srs,1484,6,69,53,25,7,5,27,70,14,47,64,100,8,28,89,9
clust_eq,srs,1485,61,9,32,98,97,28,77,8,14,80,10,7,90,57,75,41
clust_eq,srs,1486,41,35,49,20,63,33,4,98,68,84,93,7,69,37,10,73
clust_eq,srs,1487,86,70,38,95,30,83,50,74,3,16,99,69,75,10,61,15
clust_eq,srs,1488,69,48,32,29,51,31,49,82,91,35,86,100,1,52,73,28
clust_eq,srs,1489,28,29,68,48,14,20,89,96,2,66,22,71,73,90,95,27
clust_eq,srs,1490,66,33,59,62,39,36,34,1,78,53,67,92,32,46,85,80
clust_eq,srs,1491,59,29,34,28,97,11,12,8,54,38,31,84,85,60,2,52
clust_eq,srs,1492,88,28,42,44,52,35,83,4,39,29,80,26,25,31,57,14
clust_eq,srs,1493,22,29,71,86,11,5,56,4,66,43,8,46,50,93,96,81
clust_eq,srs,1494,11,85,97,71,9,18,57,13,51,76,15,84,12,34,39,91
clust_eq,srs,1495,49,54,77,4,38,41,10,46,18,44,55,91,48,37,98,94
clust_eq,srs,1496,88,54,75,100,64,27,66,53,29,95,12,77,58,67,16,32
clust_eq,srs,1497,29,80,71,32,86,99,64,18,85,38,84,63,66,59,6,62
clust_eq,srs,1498,56,51,85,39,7,16,53,72,81,29,9,10,6,59,91,69
clust_eq,srs,1499,20,19,61,14,95,92,1,64,77,67,40,82,71,83,6,84
clust_eq,srs,1500,27,98,36,1,46,54,9,75,60,57,6,74,12,100,28,91
clust_eq,srs,1501,72,56,29,63,43,34,5,89,100,68,24,32,60,69,53,84
clust_eq,srs,1502,42,36,49,24,17,16,39,94,12,11,58,71,90,41,28,44
clust_eq,srs,1503,30,26,76,70,63,85,69,6,64,67,1,82,90,44,46,86
clust_eq,srs,1504,43,51,46,53,54,13,60,9,34,30,72,12,25,20,73,83
clust_eq,srs,1505,77,84,13,68,9,54,76,67,46,66,23,19,63,93,17,30
clust_eq,srs,1506,18,48,52,25,100,56,53,57,37,8,42,55,45,93,32,85
clust_eq,srs,1507,96,7,12,79,2,3,89,46,82,49,94,92,58,97,48,36
clust_eq,srs,1508,43,90,98,62,94,68,60,7,4,70,76,88,34,31,80,5
clust_eq,srs,1509,96,19,55,49,79,18,28,8,91,20,40,27,7,71,76,72
clust_eq,srs,1510,56,35,44,34,84,17,60,99,27,31,55,15,48,88,14,85
clust_eq,srs,1511,41,27,46,42,40,28,22,2,52,97,21,33,79,17,70,73
clust_eq,srs,1512,3,70,4,27,44,83,16,47,85,20,26,86,25,62,79,28
clust_eq,srs,1513,45,64,11,34,96,24,57,74,75,33,38,47,100,81,91,77
clust_eq,srs,1514,36,77,21,83,50,68,27,20,98,70,35,34,56,31,2,6
clust_eq,srs,1515,37,76,82,15,71,47,40,38,64,3,21,72,36,79,88,80
clust_eq,srs,1516,27,47,63,2,71,100,24,44,76,98,54,35,75,69,87,53
clust_eq,srs,1517,91,10,42,35,45,12,18,46,32,56,6,44,28,68,3,100
clust_eq,srs,1518,100,51,63,59,37,47,73,57,67,29,95,27,10,6,34,83
clust_eq,srs,1519,100,55,23,46,40,91,39,65,31,29,47,8,2,45,11,1
clust_eq,srs,1520,56,58,90,49,23,19,70,44,2,27,35,55,13,25,67,81
clust_eq,srs,1521,98,49,82,1,92,21,17,90,45,22,48,94,100,30,47,16
clust_eq,srs,1522,17,48,67,11,88,54,31,33,41,70,99,38,40,1,2,97
clust_eq,srs,1523,7,14,85,77,67,2,9,80,3,44,34,95,12,20,42,62
clust_eq,srs,1524,48,80,90,37,59,87,92,35,58,68,18,17,19,82,83,85
clust_eq,srs,1525,42,99,69,19,26,9,23,78,33,35,14,45,60,52,91,38
clust_eq,srs,1526,53,2,90,80,31,17,42,14,97,87,22,76,5,29,66,77
clust_eq,srs,1527,16,13,90,97,8,88,61,75,84,4,85,60,55,89,5,40
clust_eq,srs,1528,12,74,44,15,100,9,92,70,83,43,76,16,33,41,36,39
clust_eq,srs,1529,36,84,30,55,28,9,77,8,37,94,68,42,87,19,60,83
clust_eq,srs,1530,75,77,43,42,44,14,76,23,93,7,32,61,60,29,65,50
clust_eq,srs,1531,34,64,66,44,73,41,17,86,81,23,22,8,59,65,62,12
clust_eq,srs,1532,26,50,75,65,16,93,40,9,15,57,38,49,94,45,12,67
clust_eq,srs,1533,7,15,18,44,25,37,27,68,50,12,1,66,39,21,5,13
clust_eq,srs,1534,74,98,31,34,44,90,84,33,36,17,38,66,28,4,10,5
clust_eq,srs,1535,42,41,85,2,9,33,22,90,23,4,82,35,98,12,36,64
clust_eq,srs,1536,39,62,53,3,40,95,60,65,57,24,47,72,55,38,90,42
clust_eq,srs,1537,53,61,93,42,41,56,87,2,16,34,84,73,55,39,49,1
clust_eq,srs,1538,5,38,28,13,45,55,39,33,92,36,29,56,11,51,27,21
clust_eq,srs,1539,60,95,30,91,68,19,72,90,99,4,63,89,66,2,81,7
clust_eq,srs,1540,66,42,63,84,10,37,100,60,20,73,17,27,50,14,21,6
clust_eq,srs,1541,26,3,33,17,49,76,65,38,24,88,19,46,32,29,31,37
clust_eq,srs,1542,45,59,15,22,65,100,91,56,23,25,66,71,77,16,75,80
clust_eq,srs,1543,24,85,97,31,90,46,56,72,45,67,9,94,63,26,71,35
clust_eq,srs,1544,55,7,41,61,49,2,90,27,40,46,95,70,80,69,12,97
clust_eq,srs,1545,81,1,19,10,94,21,53,65,13,14,38,7,50,84,4,74
clust_eq,srs,1546,63,69,14,32,96,60,26,21,31,59,53,29,78,11,82,72
clust_eq,srs,1547,32,93,54,88,4,85,35,69,89,87,10,3,79,21,56,91
clust_eq,srs,1548,9,72,77,30,28,78,20,73,88,31,18,54,49,57,2,8
clust_eq,srs,1549,67,64,25,24,40,83,70,35,79,77,15,54,41,62,57,47
clust_eq,srs,1550,34,63,23,71,17,68,28,18,70,20,3,99,94,22,40,43
clust_eq,srs,1551,57,96,49,36,86,6,32,41,55,9,47,80,25,15,51,14
clust_eq,srs,1552,49,55,15,3,93,77,10,28,27,13,59,65,40,50,37,95
clust_eq,srs,1553,74,3,7,18,49,60,92,22,11,55,21,86,6,63,76,36
clust_eq,srs,1554,7,39,49,3,71,62,42,55,48,98,68,19,85,35,60,4
clust_eq,srs,1555,12,66,35,28,95,92,2,62,1,21,75,4,81,7,9,67
clust_eq,srs,1556,19,2,21,42,92,30,51,71,74,69,59,86,46,12,78,23
clust_eq,srs,1557,82,23,81,90,28,32,74,49,36,22,19,17,57,65,4,11
clust_eq,srs,1558,20,50,65,59,51,30,64,90,13,61,60,84,88,70,45,96
clust_eq,srs,1559,90,100,1,38,2,58,71,12,39,31,94,98,47,30,91,97
clust_eq,srs,1560,34,90,37,21,49,63,80,4,71,17,3,55,97,60,79,36
clust_eq,srs,1561,58,61,72,69,53,29,76,36,7,71,41,34,45,49,22,12
clust_eq,srs,1562,14,55,49,73,57,96,19,5,58,65,1,71,17,28,8,32
clust_eq,srs,1563,98,7,42,32,36,50,41,61,13,58,22,63,46,24,53,51
clust_eq,srs,1564,35,1,87,94,16,44,27,19,40,100,14,59,12,95,3,51
clust_eq,srs,1565,92,74,80,8,87,83,60,69,44,85,88,100,61,43,68,28
clust_eq,srs,1566,97,62,80,19,87,42,70,38,84,100,23,83,76,71,34,6
clust_eq,srs,1567,19,7,30,53,72,69,97,4,11,2,22,58,73,24,12,16
clust_eq,srs,1568,78,75,27,56,52,57,67,87,8,18,54,74,69,68,6,85
clust_eq,srs,1569,35,75,33,91,51,90,25,63,100,62,93,83,70,72,19,40
clust_eq,srs,1570,78,66,67,5,6,93,7,23,27,41,52,16,80,90,35,56
clust_eq,srs,1571,1,96,89,21,95,25,76,88,35,83,16,23,29,15,19,7
clust_eq,srs,1572,95,83,77,48,31,23,64,76,44,11,94,81,43,58,27,63
clust_eq,srs,1573,39,17,41,53,86,59,97,19,18,3,20,31,49,8,52,96
clust_eq,srs,1574,30,28,49,61,11,95,93,32,39,24,6,18,10,63,62,46
clust_eq,srs,1575,58,25,40,41,44,99,23,70,75,77,22,60,68,91,10,73
clust_eq,srs,1576,98,84,60,21,77,71,6,81,52,76,59,57,91,34,10,82
clust_eq,srs,1577,42,24,21,81,93,47,3,45,35,40,12,20,13,14,98,33
clust_eq,srs,1578,51,97,99,42,69,18,98,91,80,47,8,7,21,27,13,45
clust_eq,srs,1579,60,93,17,59,74,43,75,71,49,33,61,98,47,78,45,16
clust_eq,srs,1580,58,26,23,53,37,57,24,95,96,29,52,86,9,60,17,72
clust_eq,srs,1581,14,34,61,65,96,67,71,81,30,17,69,43,42,57,68,93
clust_eq,srs,1582,28,96,95,13,85,89,48,66,55,5,16,35,81,84,33,90
clust_eq,srs,1583,91,78,58,77,54,38,27,34,96,31,48,14,7,12,21,33
clust_eq,srs,1584,40,22,94,37,90,100,54,98,57,25,29,39,69,46,91,88
clust_eq,srs,1585,10,3,18,13,27,43,15,92,55,5,46,23,71,20,88,7
clust_eq,srs,1586,54,35,23,73,20,83,85,68,94,91,81,57,30,18,4,44
clust_eq,srs,1587,23,36,100,10,4,12,9,5,52,38,94,39,68,16,24,51
clust_eq,srs,1588,65,44,4,87,85,73,9,17,47,78,72,61,27,59,45,69
clust_eq,srs,1589,94,68,16,1,19,39,52,89,45,91,66,40,82,95,100,92
clust_eq,srs,1590,17,71,15,19,91,32,66,87,69,75,96,65,45,21,48,70
clust_eq,srs,1591,89,82,50,91,42,66,22,9,5,48,55,77,93,63,59,65
clust_eq,srs,1592,60,65,86,39,29,20,44,76,19,72,2,22,63,32,83,16
clust_eq,srs,1593,85,40,27,19,65,53,86,71,73,77,41,58,89,69,21,70
clust_eq,srs,1594,17,43,80,86,34,36,82,7,40,32,99,11,50,73,39,26
clust_eq,srs,1595,70,80,21,2,56,83,82,79,36,17,65,5,95,69,72,42
clust_eq,srs,1596,30,27,100,47,44,89,51,37,76,5,78,21,95,79,48,85
clust_eq,srs,1597,62,74,1,7,82,50,49,41,4,3,100,19,61,75,95,17
clust_eq,srs,1598,66,69,76,56,54,3,22,71,61,12,8,89,39,31,95,17
clust_eq,srs,1599,47,21,5,33,70,81,89,52,32,61,76,91,9,58,96,65
clust_eq,srs,1600,51,75,72,10,40,61,53,11,3,82,48,65,86,59,84,69
clust_eq,srs,1601,86,7,76,11,9,4,98,61,44,18,24,56,41,32,40,62
clust_eq,srs,1602,7,64,48,36,79,5,16,67,35,53,88,49,51,82,43,74
clust_eq,srs,1603,8,95,50,12,4,41,27,10,23,88,76,73,9,59,72,2
clust_eq,srs,1604,82,66,99,34,73,85,54,11,52,61,39,53,15,72,3,4
clust_eq,srs,1605,98,32,22,64,66,54,8,13,74,75,55,30,11,19,96,10
clust_eq,srs,1606,56,23,26,92,94,85,97,99,53,8,25,11,6,90,28,30
clust_eq,srs,1607,69,93,47,39,75,50,55,42,84,95,16,35,65,7,89,52
clust_eq,srs,1608,73,42,74,40,30,56,65,89,20,71,44,86,3,34,27,54
clust_eq,srs,1609,21,60,38,53,85,9,18,66,54,95,30,14,15,26,51,55
clust_eq,srs,1610,66,79,15,44,75,97,100,16,52,58,7,21,93,96,24,53
clust_eq,srs,1611,40,30,28,51,33,25,41,8,14,93,55,35,37,34,72,18
clust_eq,srs,1612,22,28,70,84,92,30,72,13,65,78,94,46,29,33,59,79
clust_eq,srs,1613,73,52,30,60,80,67,20,79,95,54,37,14,90,81,42,10
clust_eq,srs,1614,17,8,6,63,68,56,18,93,59,9,44,75,34,79,2,40
clust_eq,srs,1615,15,39,94,43,28,42,16,23,25,69,95,30,9,11,78,26
clust_eq,srs,1616,62,2,68,88,20,90,54,40,58,46,43,7,98,39,99,28
clust_eq,srs,1617,62,12,57,97,43,34,21,84,26,33,56,46,1,45,16,4
clust_eq,srs,1618,63,19,62,33,5,61,74,81,25,75,57,7,18,42,99,83
clust_eq,srs,1619,98,23,89,18,42,2,49,28,38,84,31,15,14,47,20,27
clust_eq,srs,1620,39,95,40,38,27,66,59,20,51,73,69,85,99,10,30,28
clust_eq,srs,1621,24,28,41,27,18,22,23,84,8,86,96,91,58,83,65,89
clust_eq,srs,1622,38,77,35,5,100,29,88,56,57,23,96,21,31,28,60,47
clust_eq,srs,1623,69,46,77,11,52,98,55,44,74,40,86,80,97,67,31,20
clust_eq,srs,1624,69,7,33,93,1,9,84,51,62,30,47,6,37,57,71,59
clust_eq,srs,1625,25,33,30,96,49,24,63,20,50,52,9,13,36,53,2,4
clust_eq,srs,1626,27,1,91,99,10,82,94,84,59,69,28,8,12,60,18,71
clust_eq,srs,1627,29,44,75,59,50,9,91,11,83,65,64,51,17,6,58,43
clust_eq,srs,1628,70,37,11,79,17,78,4,33,41,54,15,100,49,76,24,71
clust_eq,srs,1629,82,35,59,73,2,12,17,58,6,51,36,91,29,78,34,38
clust_eq,srs,1630,37,95,53,16,84,59,76,56,5,72,15,30,58,8,70,22
clust_eq,srs,1631,86,56,83,26,81,40,35,38,6,23,39,92,59,42,75,68
clust_eq,srs,1632,31,35,36,73,5,3,13,28,21,85,50,77,59,91,99,25
clust_eq,srs,1633,15,99,8,77,34,73,32,1,26,41,62,44,24,88,17,69
clust_eq,srs,1634,48,87,3,30,77,26,42,15,41,65,94,83,52,91,69,67
clust_eq,srs,1635,72,36,25,11,37,73,49,79,69,42,80,47,96,38,46,76
clust_eq,srs,1636,69,57,48,36,52,45,80,37,32,85,50,71,10,83,21,28
clust_eq,srs,1637,28,78,92,9,17,27,15,86,62,52,2,77,98,95,29,36
clust_eq,srs,1638,79,50,100,76,52,6,85,40,42,9,49,63,47,60,98,93
clust_eq,srs,1639,6,38,59,17,88,30,33,84,60,68,61,55,45,76,40,4
clust_eq,srs,1640,56,88,22,64,57,94,27,24,18,45,98,72,39,73,84,23
clust_eq,srs,1641,92,75,28,81,95,14,31,2,47,59,97,29,88,21,35,16
clust_eq,srs,1642,81,96,92,21,7,88,19,86,66,70,94,59,78,36,46,41
clust_eq,srs,1643,18,92,5,97,64,38,46,55,80,50,39,49,86,52,74,59
clust_eq,srs,1644,58,17,21,15,5,50,81,100,78,12,98,95,88,4,55,38
clust_eq,srs,1645,94,29,6,78,40,19,69,47,79,88,27,98,17,55,92,3
clust_eq,srs,1646,86,64,60,13,50,94,56,51,49,77,85,99,63,59,24,79
clust_eq,srs,1647,44,92,5,84,6,66,58,29,67,72,24,18,79,96,93,61
clust_eq,srs,1648,25,60,31,75,73,71,69,100,27,34,84,20,76,30,79,3
clust_eq,srs,1649,25,31,29,89,86,19,61,59,38,53,78,65,68,42,9,57
clust_eq,srs,1650,56,100,88,74,34,69,67,45,53,65,21,84,86,82,6,68
clust_eq,srs,1651,79,60,45,18,22,84,10,65,97,66,46,76,73,44,96,12
clust_eq,srs,1652,96,80,44,98,90,83,43,84,38,31,78,95,77,9,22,68
clust_eq,srs,1653,29,61,82,14,67,33,42,16,83,92,49,50,77,58,21,57
clust_eq,srs,1654,17,4,10,7,40,69,27,50,75,15,1,66,55,22,78,30
clust_eq,srs,1655,74,88,76,66,15,75,44,20,16,27,52,99,90,79,57,22
clust_eq,srs,1656,10,3,79,18,60,90,5,14,68,74,29,11,84,21,20,49
clust_eq,srs,1657,46,80,26,62,94,66,23,54,92,30,15,59,38,99,33,12
clust_eq,srs,1658,10,24,14,71,79,20,69,53,49,73,50,45,30,90,66,62
clust_eq,srs,1659,32,11,50,55,58,48,28,44,26,2,53,49,56,43,52,14
clust_eq,srs,1660,70,69,67,82,46,48,14,81,53,15,88,28,41,79,85,71
clust_eq,srs,1661,44,27,53,74,30,6,20,93,42,62,41,47,16,66,84,60
clust_eq,srs,1662,19,12,68,98,4,80,75,31,29,82,86,34,70,49,60,51
clust_eq,srs,1663,96,79,58,15,99,43,80,1,32,21,10,4,18,3,56,25
clust_eq,srs,1664,56,41,15,10,54,22,51,9,4,48,84,69,73,21,100,55
clust_eq,srs,1665,21,31,49,48,9,57,29,73,18,77,11,76,33,56,27,2
clust_eq,srs,1666,33,5,100,76,41,9,32,2,14,12,25,71,19,50,40,85
clust_eq,srs,1667,79,43,98,65,26,30,39,52,86,78,14,47,40,6,38,100
clust_eq,srs,1668,2,19,95,50,20,94,6,26,55,84,41,66,74,56,100,58
clust_eq,srs,1669,37,72,18,33,60,64,22,93,13,51,46,69,74,45,14,41
clust_eq,srs,1670,76,96,26,49,89,71,45,86,54,87,53,42,24,88,6,98
clust_eq,srs,1671,100,26,79,18,48,56,62,59,6,88,93,70,68,1,37,40
clust_eq,srs,1672,42,59,7,35,8,100,64,67,30,76,93,98,70,40,61,26
clust_eq,srs,1673,25,36,35,13,72,2,69,78,9,95,40,26,49,17,74,24
clust_eq,srs,1674,65,16,10,58,32,50,25,14,4,84,83,5,17,85,94,3
clust_eq,srs,1675,50,53,38,94,97,99,44,5,67,73,78,41,55,13,57,64
clust_eq,srs,1676,84,74,21,12,81,38,46,72,19,97,13,27,45,9,60,79
clust_eq,srs,1677,12,23,54,66,36,55,29,64,14,5,70,59,84,3,97,62
clust_eq,srs,1678,15,25,99,6,75,18,79,98,37,58,49,81,88,35,66,54
clust_eq,srs,1679,95,29,80,97,85,6,88,53,1,84,43,92,58,89,69,19
clust_eq,srs,1680,35,55,33,90,60,100,13,29,96,23,21,15,54,93,79,24
clust_eq,srs,1681,41,95,48,2,39,28,42,75,21,23,99,18,11,19,4,79
clust_eq,srs,1682,80,59,88,33,8,18,13,30,99,27,2,43,17,50,34,19
clust_eq,srs,1683,95,42,21,32,69,78,45,64,6,3,84,79,56,1,47,29
clust_eq,srs,1684,22,10,79,39,72,25,33,40,56,54,13,86,74,87,78,43
clust_eq,srs,1685,64,68,17,76,34,52,32,75,30,4,48,81,43,62,13,26
clust_eq,srs,1686,61,71,18,38,83,55,48,52,47,65,25,96,63,24,54,11
clust_eq,srs,1687,85,6,28,10,42,57,31,12,64,91,50,70,25,51,76,89
clust_eq,srs,1688,92,76,96,19,68,20,75,42,13,18,66,64,98,32,86,60
clust_eq,srs,1689,92,85,95,51,19,87,35,34,7,1,4,44,71,57,52,16
clust_eq,srs,1690,36,9,100,25,74,87,41,20,40,53,13,8,48,88,11,18
clust_eq,srs,1691,72,84,6,94,53,61,57,78,82,90,15,55,17,96,75,98
clust_eq,srs,1692,19,44,85,49,72,61,65,88,75,81,95,38,10,24,43,35
clust_eq,srs,1693,54,31,55,45,100,6,50,61,23,64,11,68,70,17,81,27
clust_eq,srs,1694,68,31,21,15,67,88,50,8,5,1,63,77,93,97,18,73
clust_eq,srs,1695,38,24,17,48,6,23,70,32,14,49,71,22,87,7,84,73
clust_eq,srs,1696,100,44,13,12,77,91,2,16,70,3,42,40,88,80,90,73
clust_eq,srs,1697,100,85,73,50,91,76,14,75,7,29,47,26,13,94,36,18
clust_eq,srs,1698,46,20,27,8,96,3,16,51,94,98,12,29,77,44,54,66
clust_eq,srs,1699,72,61,31,32,12,43,44,78,2,55,63,23,86,68,97,77
clust_eq,srs,1700,63,68,90,98,70,9,15,54,23,3,34,18,1,86,39,58
clust_eq,srs,1701,77,64,41,43,28,47,100,16,10,60,19,40,34,83,14,94
clust_eq,srs,1702,91,81,13,79,68,9,10,52,96,24,80,93,30,75,62,16
clust_eq,srs,1703,24,15,38,21,5,7,90,59,45,16,43,76,99,2,54,58
clust_eq,srs,1704,29,46,52,71,9,78,88,14,84,44,72,99,42,79,83,77
clust_eq,srs,1705,57,37,82,49,1,18,55,25,15,32,98,11,93,48,61,58
clust_eq,srs,1706,52,71,82,78,87,16,96,72,2,74,5,83,44,34,60,22
clust_eq,srs,1707,15,65,43,25,58,69,60,49,90,10,76,14,75,9,72,54
clust_eq,srs,1708,21,59,90,6,63,1,9,98,65,79,84,61,67,82,57,76
clust_eq,srs,1709,63,64,83,20,49,55,52,80,16,94,39,93,82,48,75,66
clust_eq,srs,1710,48,26,40,73,6,72,85,51,3,95,83,2,47,63,7,23
clust_eq,srs,1711,47,59,28,40,61,42,94,51,35,72,16,41,80,14,87,90
clust_eq,srs,1712,12,74,15,61,85,35,19,42,16,86,62,100,49,34,91,65
clust_eq,srs,1713,10,93,79,89,26,9,74,99,15,7,32,23,76,100,70,6
clust_eq,srs,1714,39,71,23,77,18,75,76,7,33,25,9,32,60,38,45,63
clust_eq,srs,1715,35,39,85,20,30,7,13,4,37,2,54,16,70,17,88,77
clust_eq,srs,1716,45,17,21,70,42,73,66,25,90,98,64,58,30,62,72,43
clust_eq,srs,1717,69,89,50,98,87,95,11,9,53,72,82,29,36,71,8,54
clust_eq,srs,1718,21,61,3,95,37,55,83,50,45,85,15,82,57,34,62,46
clust_eq,srs,1719,42,15,34,91,26,6,65,4,72,69,80,32,49,23,100,84
clust_eq,srs,1720,37,49,87,1,38,26,51,88,84,20,7,62,83,44,5,75
clust_eq,srs,1721,66,63,93,44,69,42,72,90,22,49,43,76,7,11,31,84
clust_eq,srs,1722,11,75,62,77,50,56,73,96,9,65,100,41,51,68,60,46
clust_eq,srs,1723,16,86,21,62,2,42,95,28,64,84,30,15,9,98,93,67
clust_eq,srs,1724,16,33,65,56,79,44,58,86,45,11,75,61,89,8,59,46
clust_eq,srs,1725,94,79,48,65,14,36,97,62,84,37,3,7,60,83,11,96
clust_eq,srs,1726,73,75,77,51,55,25,9,98,96,71,33,39,1,16,23,6
clust_eq,srs,1727,88,37,1,5,54,89,93,96,38,22,72,33,28,45,61,65
clust_eq,srs,1728,86,41,70,31,34,46,14,19,40,47,75,26,100,55,27,49
clust_eq,srs,1729,1,35,92,85,81,32,91,30,54,55,42,95,38,90,78,10
clust_eq,srs,1730,42,57,92,54,93,80,77,27,3,46,85,6,15,60,11,7
clust_eq,srs,1731,73,96,20,27,92,37,15,84,53,12,34,7,80,72,22,77
clust_eq,srs,1732,40,23,32,34,60,78,73,66,83,2,79,67,5,97,31,65
clust_eq,srs,1733,76,47,20,85,78,68,86,22,10,34,80,43,21,70,38,58
clust_eq,srs,1734,78,57,67,32,99,25,12,29,1,63,72,82,86,39,73,50
clust_eq,srs,1735,27,55,10,53,11,92,33,86,15,81,24,30,70,44,65,77
clust_eq,srs,1736,45,23,13,38,10,86,67,56,15,20,27,47,44,24,58,30
clust_eq,srs,1737,49,74,61,71,48,26,50,84,75,76,53,31,69,15,79,55
clust_eq,srs,1738,20,21,18,35,79,77,87,85,15,52,32,55,46,1,58,26
clust_eq,srs,1739,85,81,86,100,31,72,99,42,3,78,36,12,26,64,77,75
clust_eq,srs,1740,98,53,51,62,23,37,13,100,68,30,38,54,45,57,66,15
clust_eq,srs,1741,68,8,69,77,66,30,87,89,50,2,86,5,45,84,21,1
clust_eq,srs,1742,6,76,77,47,58,97,91,14,85,9,52,20,87,40,71,57
clust_eq,srs,1743,21,32,63,97,96,90,92,79,9,6,25,22,58,52,16,41
clust_eq,srs,1744,64,4,72,51,29,6,73,57,70,56,99,88,25,85,19,37
clust_eq,srs,1745,8,53,100,56,47,55,37,22,11,9,59,72,80,7,32,73
clust_eq,srs,1746,65,49,46,88,67,81,11,100,35,30,87,39,15,97,55,73
clust_eq,srs,1747,99,96,31,75,2,57,78,62,85,53,38,41,18,76,91,34
clust_eq,srs,1748,15,30,91,37,73,25,45,35,66,44,82,48,47,42,13,52
clust_eq,srs,1749,16,62,8,81,52,60,66,51,18,93,98,64,74,12,7,89
clust_eq,srs,1750,93,17,58,29,92,7,72,63,81,35,87,48,68,44,85,46
clust_eq,srs,1751,46,1,44,10,27,59,66,69,72,74,79,93,18,71,33,48
clust_eq,srs,1752,42,99,48,52,4,96,79,9,21,2,98,27,23,73,6,85
clust_eq,srs,1753,44,18,94,15,17,75,30,74,100,97,7,33,22,47,93,67
clust_eq,srs,1754,72,5,42,21,22,1,11,88,61,95,87,51,91,48,4,14
clust_eq,srs,1755,51,47,53,3,19,43,22,76,52,16,36,67,8,14,21,73
clust_eq,srs,1756,13,5,72,42,36,28,34,84,73,50,51,60,58,71,66,62
clust_eq,srs,1757,99,44,30,88,60,94,92,72,46,51,97,55,48,96,49,80
clust_eq,srs,1758,67,27,9,66,58,59,52,8,82,37,71,34,96,97,76,48
clust_eq,srs,1759,78,29,32,50,42,9,71,62,77,49,45,66,11,68,7,81
clust_eq,srs,1760,74,94,92,9,37,57,86,85,59,44,65,40,68,16,55,61
clust_eq,srs,1761,72,93,22,73,59,61,60,6,4,25,99,45,17,81,65,70
clust_eq,srs,1762,65,28,50,47,93,2,27,3,19,97,80,14,95,24,86,88
clust_eq,srs,1763,34,75,78,5,67,24,11,28,37,51,100,46,4,56,60,3
clust_eq,srs,1764,83,18,3,49,84,27,69,21,58,62,31,93,81,73,60,14
clust_eq,srs,1765,32,18,9,73,98,42,52,34,56,24,79,54,12,84,82,61
clust_eq,srs,1766,44,8,75,26,70,36,52,94,88,79,21,7,95,89,87,24
clust_eq,srs,1767,10,2,47,11,99,98,22,16,24,97,65,51,58,57,66,95
clust_eq,srs,1768,90,89,94,22,45,60,53,95,19,63,8,70,43,93,26,65
clust_eq,srs,1769,28,3,65,58,23,88,77,91,12,19,78,13,82,94,72,92
clust_eq,srs,1770,86,71,35,96,3,90,53,16,47,81,78,8,77,59,65,54
clust_eq,srs,1771,49,28,20,96,54,45,26,15,91,32,51,70,36,66,16,71
clust_eq,srs,1772,1,78,21,25,3,44,43,54,59,81,18,15,42,24,86,33
clust_eq,srs,1773,51,76,37,27,54,75,20,92,25,85,28,42,71,15,81,44
clust_eq,srs,1774,60,10,38,96,29,87,21,20,73,22,31,74,14,35,86,66
clust_eq,srs,1775,79,25,67,69,99,8,68,100,6,64,11,29,17,26,19,93
clust_eq,srs,1776,61,39,98,27,66,84,38,35,67,70,94,3,65,56,82,47
clust_eq,srs,1777,33,78,57,38,27,94,24,75,28,26,50,54,70,6,83,58
clust_eq,srs,1778,20,7,47,22,61,89,55,82,73,77,6,21,91,29,50,34
clust_eq,srs,1779,38,33,9,77,55,4,67,76,84,8,30,16,100,68,29,40
clust_eq,srs,1780,89,99,27,60,71,50,44,29,35,25,21,8,52,72,84,65
clust_eq,srs,1781,64,46,91,42,74,8,49,79,71,58,10,11,96,60,29,14
clust_eq,srs,1782,90,62,89,94,59,4,71,12,1,18,97,47,25,39,88,16
clust_eq,srs,1783,12,38,41,67,64,5,11,52,73,28,43,70,56,78,81,84
clust_eq,srs,1784,11,97,93,91,76,100,23,77,25,73,15,32,60,51,6,79
clust_eq,srs,1785,17,25,19,20,42,46,95,55,86,44,37,61,62,97,10,11
clust_eq,srs,1786,40,62,1,91,92,67,68,60,57,13,63,37,26,32,11,97
clust_eq,srs,1787,67,58,35,66,80,26,91,46,32,24,83,73,45,77,25,4
clust_eq,srs,1788,20,53,70,3,50,16,13,15,6,23,36,86,45,91,52,51
clust_eq,srs,1789,88,81,17,59,67,64,57,31,8,28,100,93,38,3,65,35
clust_eq,srs,1790,21,28,11,94,18,69,1,53,56,51,85,50,2,95,76,100
clust_eq,srs,1791,90,29,67,92,82,51,19,5,84,98,11,24,81,2,100,35
clust_eq,srs,1792,39,94,88,73,79,86,44,51,16,49,14,82,58,1,31,68
clust_eq,srs,1793,12,59,49,31,95,89,73,60,51,62,50,5,100,3,44,57
clust_eq,srs,1794,26,98,52,4,79,27,84,95,54,2,72,44,92,23,88,41
clust_eq,srs,1795,46,6,28,87,13,61,7,83,71,64,9,69,78,86,22,95
clust_eq,srs,1796,22,10,43,86,34,58,6,93,29,88,98,67,7,11,91,64
clust_eq,srs,1797,31,26,36,83,54,16,50,72,3,42,75,62,68,67,91,93
clust_eq,srs,1798,46,58,29,79,31,74,90,84,42,28,78,59,55,70,68,72
clust_eq,srs,1799,14,32,2,93,51,73,90,85,64,59,66,33,42,29,79,43
clust_eq,srs,1800,47,35,6,24,53,70,63,46,83,23,1,42,55,14,5,9
clust_eq,srs,1801,54,61,68,2,74,34,76,53,18,30,90,70,95,96,69,66
clust_eq,srs,1802,74,7,52,31,94,26,38,66,28,62,80,43,56,58,6,82
clust_eq,srs,1803,36,71,78,2,34,29,17,48,33,21,69,74,44,67,70,58
clust_eq,srs,1804,86,76,35,26,94,48,56,96,87,11,72,80,44,5,20,7
clust_eq,srs,1805,29,69,56,83,22,15,10,99,11,67,55,68,25,41,28,39
clust_eq,srs,1806,47,96,39,92,4,50,59,10,46,83,7,15,3,31,28,12
clust_eq,srs,1807,60,95,62,31,29,25,51,5,32,37,28,39,4,54,100,42
clust_eq,srs,1808,68,55,16,34,67,77,1,96,44,39,87,31,85,10,11,48
clust_eq,srs,1809,81,85,76,100,95,16,32,41,50,86,69,42,2,79,65,57
clust_eq,srs,1810,62,98,9,25,21,48,39,34,17,10,46,92,32,73,33,83
clust_eq,srs,1811,21,9,59,68,93,40,39,22,4,76,60,17,7,15,84,28
clust_eq,srs,1812,66,11,36,85,48,72,78,49,94,63,75,45,80,9,71,5
clust_eq,srs,1813,84,63,60,61,81,4,97,30,32,56,20,23,51,40,83,29
clust_eq,srs,1814,82,12,76,84,31,88,57,75,100,18,72,49,16,42,61,93
clust_eq,srs,1815,24,18,74,56,30,12,35,14,89,82,59,52,88,15,54,68
clust_eq,srs,1816,32,74,14,53,49,44,94,27,15,63,79,5,38,90,99,50
clust_eq,srs,1817,80,7,78,18,39,13,25,63,33,45,65,10,71,52,37,70
clust_eq,srs,1818,56,84,94,16,74,27,65,26,57,85,64,14,100,53,77,23
clust_eq,srs,1819,96,88,56,17,31,70,2,99,39,25,100,78,16,13,41,40
clust_eq,srs,1820,31,57,47,83,76,71,59,54,63,72,51,37,56,34,66,16
clust_eq,srs,1821,40,48,27,81,97,67,64,86,30,83,84,85,51,75,99,53
clust_eq,srs,1822,23,50,67,4,47,22,28,89,19,83,33,36,62,41,6,42
clust_eq,srs,1823,61,85,49,58,17,81,53,11,82,71,55,28,36,59,74,35
clust_eq,srs,1824,42,41,37,86,3,24,13,89,95,79,58,14,44,19,49,52
clust_eq,srs,1825,43,67,91,77,42,47,95,92,81,65,26,40,79,22,64,66
clust_eq,srs,1826,97,11,24,68,71,28,96,38,100,54,5,84,13,31,78,70
clust_eq,srs,1827,57,19,87,4,17,12,61,43,24,99,9,7,59,70,53,34
clust_eq,srs,1828,44,16,85,20,67,18,46,13,30,36,64,4,59,94,51,68
clust_eq,srs,1829,22,70,44,31,76,89,23,75,11,67,14,68,78,10,29,9
clust_eq,srs,1830,51,73,29,37,48,42,96,15,54,24,61,33,78,84,65,34
clust_eq,srs,1831,14,3,99,26,75,77,21,10,60,85,25,20,24,46,6,36
clust_eq,srs,1832,35,72,23,40,50,25,41,28,42,86,78,39,44,85,1,98
clust_eq,srs,1833,8,60,37,1,40,19,86,70,75,71,27,59,16,39,7,52
clust_eq,srs,1834,65,68,54,5,97,4,81,37,89,14,10,78,2,61,13,93
clust_eq,srs,1835,7,21,70,52,14,17,57,94,93,37,51,36,58,23,75,76
clust_eq,srs,1836,92,10,34,77,76,18,94,22,91,86,85,54,100,7,84,52
clust_eq,srs,1837,76,89,71,46,67,7,62,36,68,43,90,70,34,78,82,17
clust_eq,srs,1838,81,92,2,53,16,68,47,25,54,87,67,84,14,59,48,23
clust_eq,srs,1839,51,39,38,5,77,65,46,76,66,59,89,96,4,20,93,14
clust_eq,srs,1840,37,74,20,75,46,3,91,38,7,81,48,53,43,49,65,57
clust_eq,srs,1841,49,56,67,65,76,37,99,29,15,1,93,14,88,27,60,52
clust_eq,srs,1842,35,49,12,99,31,94,24,34,96,45,19,57,83,91,7,10
clust_eq,srs,1843,85,24,59,3,7,34,61,11,37,9,13,93,52,84,62,58
clust_eq,srs,1844,93,100,9,26,56,82,6,48,40,34,12,57,90,85,45,28
clust_eq,srs,1845,98,64,21,73,44,96,74,24,50,34,37,38,46,26,90,63
clust_eq,srs,1846,4,32,27,80,60,79,2,91,39,68,6,30,59,38,1,95
clust_eq,srs,1847,71,79,35,74,27,3,87,51,2,22,8,19,7,77,23,92
clust_eq,srs,1848,38,4,64,83,92,36,75,35,62,27,90,67,76,24,30,88
clust_eq,srs,1849,50,28,12,14,21,57,58,3,30,61,68,69,41,63,13,87
clust_eq,srs,1850,49,60,29,68,62,86,45,70,88,99,6,50,76,37,73,51
clust_eq,srs,1851,5,29,59,83,32,35,79,36,50,53,7,77,88,26,60,92
clust_eq,srs,1852,88,46,37,83,61,77,23,64,58,68,21,67,24,66,41,48
clust_eq,srs,1853,67,44,43,58,78,40,86,79,34,87,21,66,25,88,70,49
clust_eq,srs,1854,8,88,79,31,71,51,24,2,39,52,59,75,85,86,9,96
clust_eq,srs,1855,36,85,79,57,10,97,75,99,91,49,25,67,34,63,3,17
clust_eq,srs,1856,40,20,65,51,21,23,28,84,16,34,33,6,50,95,42,44
clust_eq,srs,1857,70,74,63,60,62,14,40,49,80,65,9,8,85,18,28,73
clust_eq,srs,1858,50,22,3,97,33,38,4,18,42,80,29,85,74,40,26,87
clust_eq,srs,1859,8,28,83,29,35,32,11,21,57,40,2,79,6,42,41,19
clust_eq,srs,1860,50,68,77,21,33,18,11,61,39,65,52,1,91,32,24,25
clust_eq,srs,1861,44,47,14,18,97,22,28,93,66,96,40,12,8,95,7,3
clust_eq,srs,1862,47,36,24,35,41,40,96,6,62,30,54,16,72,77,99,64
clust_eq,srs,1863,21,55,41,53,18,92,19,79,76,37,52,8,9,74,46,39
clust_eq,srs,1864,49,39,15,98,84,51,66,87,90,48,68,46,67,41,19,71
clust_eq,srs,1865,10,82,55,67,30,38,65,23,19,31,92,62,91,35,87,18
clust_eq,srs,1866,3,10,34,44,15,9,29,45,69,25,21,48,20,77,84,72
clust_eq,srs,1867,23,15,51,10,2,71,18,86,35,16,4,28,14,22,74,44
clust_eq,srs,1868,70,54,71,92,43,36,30,4,1,65,34,100,3,38,81,29
clust_eq,srs,1869,33,95,32,91,51,66,27,12,21,76,31,70,11,79,41,71
clust_eq,srs,1870,66,100,42,10,11,54,99,31,25,81,60,62,32,58,83,64
clust_eq,srs,1871,7,93,20,79,41,10,87,24,68,49,72,44,90,51,92,65
clust_eq,srs,1872,30,27,28,63,53,45,36,15,17,21,38,19,84,24,10,44
clust_eq,srs,1873,72,97,35,54,42,21,30,24,50,80,78,92,96,66,65,12
clust_eq,srs,1874,11,78,45,57,63,69,79,47,30,1,50,52,76,39,17,28
clust_eq,srs,1875,85,64,13,16,77,63,40,48,37,93,8,66,5,75,39,32
clust_eq,srs,1876,69,59,68,22,9,88,96,30,93,46,75,66,26,97,98,47
clust_eq,srs,1877,39,64,1,80,47,52,32,35,91,88,17,49,29,40,20,36
clust_eq,srs,1878,71,95,73,83,76,91,25,57,90,3,78,1,43,94,58,69
clust_eq,srs,1879,11,57,30,31,66,75,59,72,20,4,43,36,88,40,38,85
clust_eq,srs,1880,25,93,77,100,66,28,32,35,71,47,62,6,45,12,46,5
clust_eq,srs,1881,26,33,69,8,49,20,52,87,86,39,24,11,22,70,41,48
clust_eq,srs,1882,62,20,29,81,26,17,56,51,59,14,35,46,49,30,92,24
clust_eq,srs,1883,39,16,94,52,34,84,20,76,72,13,71,41,33,15,62,19
clust_eq,srs,1884,87,24,26,93,16,49,44,46,99,89,86,79,64,25,100,36
clust_eq,srs,1885,41,90,75,18,60,8,50,91,38,26,81,70,46,21,12,73
clust_eq,srs,1886,32,43,34,92,33,71,68,15,7,45,57,37,5,11,23,39
clust_eq,srs,1887,41,4,57,73,3,67,27,40,92,85,95,45,7,54,28,35
clust_eq,srs,1888,35,56,67,62,87,39,42,92,100,55,8,88,14,82,69,54
clust_eq,srs,1889,3,30,81,26,71,6,65,57,49,90,18,24,32,100,76,79
clust_eq,srs,1890,40,76,39,98,42,65,29,46,67,88,17,85,59,18,84,41
clust_eq,srs,1891,64,25,88,28,98,89,97,78,40,63,66,15,9,10,33,82
clust_eq,srs,1892,90,23,20,16,59,99,43,32,52,78,47,4,98,63,85,42
clust_eq,srs,1893,54,69,64,87,73,19,82,14,26,17,16,4,80,24,81,100
clust_eq,srs,1894,66,98,32,30,54,94,6,15,72,49,61,52,35,39,87,77
clust_eq,srs,1895,100,89,50,12,43,67,5,39,95,51,49,74,48,60,22,20
clust_eq,srs,1896,17,38,99,16,1,29,84,30,79,12,5,96,56,90,32,11
clust_eq,srs,1897,58,52,1,76,37,33,92,19,14,12,32,79,28,15,41,8
clust_eq,srs,1898,54,65,6,72,4,79,42,61,60,82,94,89,46,23,56,57
clust_eq,srs,1899,46,83,64,9,69,12,14,51,1,3,50,80,37,29,38,72
clust_eq,srs,1900,31,1,48,57,5,94,59,75,74,90,45,83,54,98,24,53
clust_eq,srs,1901,54,56,14,82,42,87,17,12,99,86,1,90,10,48,23,55
clust_eq,srs,1902,58,51,17,14,79,35,32,5,78,15,18,67,64,31,46,88
clust_eq,srs,1903,12,44,45,96,88,73,34,92,89,69,40,49,21,54,75,31
clust_eq,srs,1904,92,16,12,46,34,61,82,37,70,87,96,14,47,83,36,53
clust_eq,srs,1905,50,49,48,77,70,60,29,46,21,11,62,42,20,19,66,57
clust_eq,srs,1906,38,93,36,71,33,17,21,18,67,62,57,39,70,35,25,11
clust_eq,srs,1907,73,24,40,45,96,69,26,42,74,36,59,1,25,19,2,21
clust_eq,srs,1908,64,78,71,69,96,24,40,59,45,62,55,88,11,15,89,36
clust_eq,srs,1909,85,91,28,63,76,94,65,18,90,23,83,98,67,32,27,24
clust_eq,srs,1910,48,43,32,54,31,98,12,25,9,97,14,62,84,6,16,77
clust_eq,srs,1911,96,59,42,74,52,79,61,72,18,7,40,91,75,98,24,86
clust_eq,srs,1912,21,28,14,30,59,8,83,62,64,10,68,35,31,39,93,89
clust_eq,srs,1913,89,32,35,29,18,4,9,91,64,61,81,43,8,26,11,94
clust_eq,srs,1914,95,7,68,89,100,18,92,99,8,34,49,2,17,6,54,52
clust_eq,srs,1915,35,89,76,20,93,45,39,41,8,81,53,55,64,36,33,37
clust_eq,srs,1916,93,32,11,60,1,55,63,20,100,49,28,73,74,46,18,30
clust_eq,srs,1917,92,66,51,15,78,100,44,87,91,88,84,14,5,30,7,68
clust_eq,srs,1918,31,40,11,16,80,8,86,96,53,70,42,94,46,65,59,47
clust_eq,srs,1919,76,16,99,63,23,51,33,100,36,62,29,96,40,54,13,50
clust_eq,srs,1920,66,21,13,24,83,47,71,75,80,30,74,97,31,18,57,81
clust_eq,srs,1921,81,55,71,48,52,54,65,13,32,11,24,25,56,10,63,93
clust_eq,srs,1922,38,79,28,61,44,95,31,34,65,7,88,49,20,43,2,75
clust_eq,srs,1923,4,30,1,14,62,70,92,55,24,2,28,72,65,74,91,15
clust_eq,srs,1924,66,70,65,22,23,45,18,15,84,68,17,27,74,97,26,99
clust_eq,srs,1925,35,17,81,11,50,88,62,25,5,2,31,99,76,97,21,28
clust_eq,srs,1926,73,100,92,29,17,11,54,40,75,51,91,55,84,30,33,88
clust_eq,srs,1927,46,95,96,34,67,36,56,73,53,41,22,17,1,44,100,91
clust_eq,srs,1928,17,39,68,95,87,25,29,56,77,35,52,58,43,57,78,73
clust_eq,srs,1929,18,56,49,3,79,81,24,35,85,26,75,29,70,74,4,19
clust_eq,srs,1930,21,6,42,37,86,43,89,9,10,77,79,3,13,96,40,31
clust_eq,srs,1931,78,97,37,54,56,59,48,96,42,4,86,9,3,57,90,24
clust_eq,srs,1932,65,93,67,91,55,52,75,63,6,20,3,96,40,99,9,58
clust_eq,srs,1933,48,81,79,29,85,71,59,62,37,60,21,94,100,84,89,27
clust_eq,srs,1934,17,64,62,95,12,2,33,37,13,72,96,55,71,36,70,6
clust_eq,srs,1935,17,47,85,83,99,87,23,73,25,59,2,43,42,76,52,45
clust_eq,srs,1936,9,67,49,89,37,54,13,51,75,5,99,70,8,98,58,77
clust_eq,srs,1937,53,89,29,34,32,65,79,49,87,17,47,48,71,39,54,61
clust_eq,srs,1938,28,6,95,36,7,55,83,31,8,79,33,54,45,5,75,44
clust_eq,srs,1939,78,69,89,8,70,64,88,53,63,22,97,24,81,5,42,61
clust_eq,srs,1940,4,67,17,88,37,28,61,8,43,98,64,73,2,18,32,97
clust_eq,srs,1941,98,16,54,2,50,23,10,48,85,80,11,39,55,91,95,73
clust_eq,srs,1942,99,46,73,70,52,72,25,44,68,12,13,47,33,38,98,8
clust_eq,srs,1943,33,29,72,12,43,63,68,53,86,96,22,37,78,67,94,100
clust_eq,srs,1944,87,74,86,52,13,95,79,8,18,68,80,17,90,75,61,19
clust_eq,srs,1945,24,76,91,32,98,78,56,7,1,58,75,11,77,53,23,38
clust_eq,srs,1946,25,86,30,62,19,13,75,71,4,24,27,89,6,63,57,36
clust_eq,srs,1947,39,24,99,20,47,98,82,40,86,64,87,70,74,33,69,95
clust_eq,srs,1948,32,85,52,42,70,9,40,44,61,14,84,93,56,86,25,94
clust_eq,srs,1949,85,2,46,3,83,81,19,30,52,49,77,16,13,10,65,90
clust_eq,srs,1950,63,66,76,92,32,39,54,12,59,37,50,98,15,28,21,44
clust_eq,srs,1951,9,37,96,93,1,72,71,75,39,22,54,90,49,78,3,100
clust_eq,srs,1952,79,73,31,11,71,15,92,64,52,28,66,10,51,69,2,30
clust_eq,srs,1953,9,98,24,15,90,52,48,70,59,4,86,71,61,47,49,100
clust_eq,srs,1954,35,72,49,3,80,44,2,66,89,51,38,90,59,11,57,70
clust_eq,srs,1955,29,39,87,62,44,84,98,74,16,24,94,55,81,13,92,66
clust_eq,srs,1956,13,22,40,8,65,66,55,27,32,28,81,100,6,9,43,95
clust_eq,srs,1957,77,6,5,68,34,18,94,59,55,83,26,71,86,70,88,64
clust_eq,srs,1958,80,5,33,54,93,46,47,44,30,94,58,56,15,75,72,37
clust_eq,srs,1959,47,20,51,28,49,18,9,30,98,58,75,2,35,4,1,24
clust_eq,srs,1960,37,4,58,61,39,14,41,97,99,64,15,74,20,57,67,45
clust_eq,srs,1961,19,14,49,96,20,52,5,62,93,77,11,82,48,98,76,67
clust_eq,srs,1962,80,65,52,72,67,64,96,17,40,100,4,46,63,60,85,11
clust_eq,srs,1963,75,94,42,93,61,30,37,3,11,13,10,41,45,49,40,79
clust_eq,srs,1964,78,44,86,15,54,69,63,14,97,48,18,7,89,100,2,34
clust_eq,srs,1965,47,12,65,76,57,53,51,45,6,74,2,49,43,88,77,85
clust_eq,srs,1966,93,66,48,24,77,14,40,26,36,16,43,19,81,58,67,3
clust_eq,srs,1967,76,36,96,93,12,49,56,53,71,15,57,39,58,19,60,52
clust_eq,srs,1968,34,57,54,63,25,46,7,4,79,29,66,77,53,98,58,33
clust_eq,srs,1969,35,90,17,12,55,92,43,100,14,2,39,57,89,42,81,28
clust_eq,srs,1970,52,94,18,56,27,68,71,15,62,48,10,81,63,32,66,24
clust_eq,srs,1971,23,84,50,59,85,6,54,36,55,68,77,40,53,8,2,51
clust_eq,srs,1972,5,22,40,14,63,61,84,29,68,48,77,53,34,36,97,69
clust_eq,srs,1973,9,98,53,36,79,2,95,41,83,85,97,38,17,18,19,5
clust_eq,srs,1974,16,4,74,5,68,48,46,12,64,26,31,81,70,54,11,58
clust_eq,srs,1975,85,31,98,69,49,73,34,25,16,35,89,81,80,64,88,56
clust_eq,srs,1976,48,65,71,84,92,36,94,23,76,63,90,96,41,53,75,18
clust_eq,srs,1977,86,69,61,82,54,30,43,100,17,19,92,93,67,94,9,56
clust_eq,srs,1978,85,99,12,33,75,28,74,96,25,22,54,32,79,4,56,73
clust_eq,srs,1979,33,38,52,74,77,43,81,24,86,1,30,14,18,17,98,26
clust_eq,srs,1980,80,25,43,79,30,19,88,78,46,31,49,14,91,4,63,61
clust_eq,srs,1981,29,77,47,72,98,83,60,3,78,80,55,9,18,85,6,28
clust_eq,srs,1982,89,16,82,25,36,46,74,21,62,71,73,26,4,56,67,33
clust_eq,srs,1983,81,18,4,25,79,71,96,35,83,42,22,27,94,70,62,40
clust_eq,srs,1984,5,36,74,26,68,80,70,69,51,14,15,12,29,56,38,9
clust_eq,srs,1985,13,72,31,98,49,29,63,57,51,18,88,33,78,55,40,34
clust_eq,srs,1986,21,18,22,87,63,58,44,20,39,95,91,73,43,94,84,86
clust_eq,srs,1987,96,16,82,37,60,70,50,53,78,62,93,27,49,3,29,40
clust_eq,srs,1988,49,41,44,100,39,84,5,76,78,69,48,40,68,73,37,50
clust_eq,srs,1989,77,50,68,38,72,14,17,84,25,95,23,86,62,33,13,18
clust_eq,srs,1990,17,32,6,22,41,82,86,29,85,84,68,12,2,24,40,94
clust_eq,srs,1991,25,19,7,68,28,47,36,84,78,45,85,92,6,64,2,37
clust_eq,srs,1992,32,49,47,96,66,43,76,3,85,36,41,31,19,34,17,13
clust_eq,srs,1993,61,53,84,13,73,50,21,16,68,54,77,58,43,72,17,82
clust_eq,srs,1994,30,21,13,65,37,83,50,88,75,46,60,100,59,73,24,66
clust_eq,srs,1995,96,93,100,1,2,56,48,91,72,17,9,36,31,14,44,29
clust_eq,srs,1996,69,66,85,95,34,6,59,37,2,87,84,64,79,55,44,16
clust_eq,srs,1997,93,52,47,23,9,87,40,37,48,17,27,85,89,32,4,53
clust_eq,srs,1998,7,33,87,81,10,56,52,8,78,5,75,58,19,84,86,74
clust_eq,srs,1999,78,14,3,89,91,90,25,92,33,88,79,4,1,9,6,37
clust_eq,srs,2000,81,6,77,29,65,49,48,56,66,67,95,27,90,86,80,28
grid_eq,srs,1,41,45,43,52,56,70,63,66,32,17,85,77,35,74,94,8
grid_eq,srs,2,6,61,58,83,28,54,73,71,84,11,99,22,48,21,60,29
grid_eq,srs,3,94,9,57,66,75,72,16,22,13,35,28,97,64,47,84,34
grid_eq,srs,4,99,20,65,83,49,52,4,74,58,47,9,19,57,45,36,27
grid_eq,srs,5,41,89,87,61,52,1,85,82,78,8,33,45,36,72,48,84
grid_eq,srs,6,72,8,79,29,42,37,25,38,40,60,50,69,9,35,32,84
grid_eq,srs,7,88,12,61,91,3,87,45,90,54,23,66,2,56,21,49,46
grid_eq,srs,8,77,14,18,83,68,84,80,59,37,48,13,45,41,39,55,26
grid_eq,srs,9,56,71,82,91,27,31,23,51,39,89,90,4,6,66,14,70
grid_eq,srs,10,14,75,16,84,64,53,66,48,41,73,71,69,28,68,15,45
grid_eq,srs,11,63,95,54,46,99,96,35,70,71,37,100,79,44,30,77,91
grid_eq,srs,12,5,50,53,54,60,61,40,33,9,36,16,47,55,73,76,8
grid_eq,srs,13,25,21,31,97,4,94,57,35,90,89,83,46,29,39,96,75
grid_eq,srs,14,67,41,3,96,87,13,21,36,56,82,92,9,46,66,35,17
grid_eq,srs,15,7,90,94,14,36,65,27,12,15,32,38,53,56,86,63,59
grid_eq,srs,16,15,59,13,74,32,81,25,92,42,69,89,44,78,52,71,49
grid_eq,srs,17,100,17,71,38,18,37,19,83,76,82,47,31,62,91,45,74
grid_eq,srs,18,56,15,86,32,57,13,88,24,10,92,43,17,40,58,14,79
grid_eq,srs,19,3,17,88,15,32,57,59,27,64,13,28,71,46,37,39,60
grid_eq,srs,20,48,79,50,75,54,80,42,20,77,72,73,74,23,19,64,56
grid_eq,srs,21,41,52,12,2,79,25,90,69,74,89,50,78,39,17,34,6
grid_eq,srs,22,99,56,71,81,9,61,27,79,12,63,11,10,41,26,62,30
grid_eq,srs,23,89,84,45,90,91,57,66,96,92,70,49,15,88,28,64,10
grid_eq,srs,24,35,91,13,64,5,22,80,3,53,30,87,48,27,51,71,98
grid_eq,srs,25,1,73,39,80,33,79,58,99,46,89,29,62,27,49,74,35
grid_eq,srs,26,46,79,72,2,56,92,61,43,1,89,71,81,86,6,97,88
grid_eq,srs,27,94,93,37,61,24,10,22,25,86,71,84,83,72,3,64,62
grid_eq,srs,28,46,76,88,30,38,11,89,97,52,95,64,32,45,93,10,4
grid_eq,srs,29,95,87,56,17,47,32,50,74,96,19,54,38,39,27,62,75
grid_eq,srs,30,99,69,90,96,53,73,76,93,48,44,60,57,6,1,97,2
grid_eq,srs,31,7,58,65,12,35,88,52,41,77,33,20,100,5,74,73,32
grid_eq,srs,32,1,74,73,33,95,25,66,27,52,47,98,54,4,83,67,24
grid_eq,srs,33,67,12,83,63,7,64,24,39,17,93,40,3,70,8,84,21
grid_eq,srs,34,90,57,32,18,38,59,8,2,44,80,40,92,60,14,13,21
grid_eq,srs,35,6,33,64,34,61,13,22,7,68,81,46,19,77,53,40,36
grid_eq,srs,36,50,100,95,88,61,68,23,97,65,89,48,35,28,15,85,90
grid_eq,srs,37,93,61,88,56,14,95,71,9,66,51,44,32,57,5,100,35
grid_eq,srs,38,36,39,95,42,15,9,14,83,58,72,65,11,73,84,52,41
grid_eq,srs,39,18,44,35,62,50,100,15,64,71,30,22,51,74,52,89,85
grid_eq,srs,40,87,42,38,47,59,64,30,89,72,91,14,48,44,50,23,71
grid_eq,srs,41,74,3,23,25,19,52,57,44,38,35,82,34,60,7,50,33
grid_eq,srs,42,27,10,76,40,16,29,50,70,68,100,38,58,62,20,17,53
grid_eq,srs,43,37,12,69,92,82,66,100,52,55,5,34,20,96,71,53,61
grid_eq,srs,44,9,72,89,33,5,50,16,80,4,57,96,95,97,93,35,86
grid_eq,srs,45,46,89,47,56,39,10,73,31,53,20,88,75,26,19,30,43
grid_eq,srs,46,30,68,93,9,88,52,54,1,10,100,2,22,80,40,29,98
grid_eq,srs,47,47,45,52,33,61,63,89,56,21,3,5,74,84,79,90,17
grid_eq,srs,48,66,37,17,11,61,32,27,90,97,4,86,64,96,2,84,7
grid_eq,srs,49,84,44,66,72,42,8,21,29,95,56,60,48,7,57,36,13
grid_eq,srs,50,38,67,100,57,12,43,11,54,50,87,55,83,29,27,16,3
grid_eq,srs,51,88,74,73,57,41,96,49,80,22,65,15,90,40,64,3,16
grid_eq,srs,52,28,62,15,86,53,79,26,17,81,22,68,7,65,90,87,42
grid_eq,srs,53,49,99,76,29,85,70,68,31,58,42,22,21,100,39,83,59
grid_eq,srs,54,23,46,88,61,25,43,55,95,70,84,87,10,39,21,38,8
grid_eq,srs,55,64,46,75,53,48,20,24,57,94,58,37,47,10,39,88,3
grid_eq,srs,56,42,58,30,72,59,11,80,7,24,48,100,65,19,96,50,95
grid_eq,srs,57,66,14,10,76,65,24,95,79,73,81,63,44,72,5,93,71
grid_eq,srs,58,32,75,79,70,33,49,91,56,8,12,65,43,30,57,11,83
grid_eq,srs,59,89,57,53,73,94,25,59,49,58,4,3,60,33,52,31,13
grid_eq,srs,60,37,62,54,71,18,64,16,80,36,26,69,59,67,48,15,85
grid_eq,srs,61,79,41,98,88,42,77,96,9,28,68,29,15,52,24,21,85
grid_eq,srs,62,36,68,37,90,94,63,61,33,69,82,83,81,14,62,34,100
grid_eq,srs,63,99,18,17,90,47,78,74,21,27,92,79,64,10,56,15,91
grid_eq,srs,64,10,18,89,58,35,29,72,99,5,31,84,25,48,12,26,100
grid_eq,srs,65,14,82,76,46,40,11,49,1,18,28,54,93,6,35,87,86
grid_eq,srs,66,24,50,46,67,86,91,8,71,1,65,75,55,16,57,32,21
grid_eq,srs,67,40,98,66,92,64,57,61,1,9,24,17,22,86,80,23,41
grid_eq,srs,68,45,50,52,6,25,73,82,79,70,4,21,53,76,24,71,42
grid_eq,srs,69,20,83,76,33,49,38,85,22,82,29,97,81,31,4,44,39
grid_eq,srs,70,52,2,74,29,84,13,14,41,38,98,36,86,27,91,71,46
grid_eq,srs,71,21,20,38,32,93,19,43,94,26,8,33,87,5,41,68,81
grid_eq,srs,72,25,66,23,37,76,31,35,67,54,78,6,80,63,81,68,75
grid_eq,srs,73,1,41,6,16,17,36,90,9,4,91,21,59,22,7,13,2
grid_eq,srs,74,7,82,76,69,48,58,81,50,91,92,52,95,30,21,32,9
grid_eq,srs,75,11,55,66,77,85,5,54,76,100,42,9,26,93,36,58,79
grid_eq,srs,76,28,91,99,48,96,9,93,70,33,27,12,11,25,57,23,34
grid_eq,srs,77,47,62,43,71,100,97,6,10,15,73,39,79,34,80,57,14
grid_eq,srs,78,62,90,6,15,59,22,45,35,32,72,2,24,57,4,23,77
grid_eq,srs,79,3,64,89,92,47,44,58,53,80,59,68,62,13,65,50,54
grid_eq,srs,80,70,38,77,64,48,67,20,23,95,15,86,44,50,63,45,36
grid_eq,srs,81,72,60,62,12,11,7,76,43,75,54,98,10,91,48,90,28
grid_eq,srs,82,89,44,55,16,77,70,4,6,84,93,12,7,46,64,1,90
grid_eq,srs,83,26,35,10,50,37,73,63,1,34,24,61,32,75,44,85,18
grid_eq,srs,84,37,35,89,67,83,14,31,76,98,57,97,26,52,18,54,86
grid_eq,srs,85,82,81,7,91,47,45,46,67,16,77,100,14,9,31,8,26
grid_eq,srs,86,33,66,54,71,29,41,82,38,4,59,77,63,43,68,27,60
grid_eq,srs,87,67,7,21,28,35,66,9,38,87,78,26,75,56,49,23,69
grid_eq,srs,88,50,96,63,98,51,65,44,16,54,41,47,38,69,74,81,22
grid_eq,srs,89,7,74,69,22,18,87,20,15,95,48,80,14,19,4,42,5
grid_eq,srs,90,89,99,94,58,51,55,25,13,70,96,7,88,40,61,69,82
grid_eq,srs,91,1,68,94,73,87,99,100,34,50,69,53,67,78,14,21,28
grid_eq,srs,92,35,44,72,100,14,41,43,46,76,23,84,34,69,77,93,16
grid_eq,srs,93,38,35,51,36,73,56,18,28,72,99,95,54,83,16,44,26
grid_eq,srs,94,31,42,1,78,56,17,19,96,98,95,60,70,55,54,27,21
grid_eq,srs,95,22,23,50,9,35,1,21,46,48,4,14,45,11,67,91,85
grid_eq,srs,96,91,83,89,69,52,97,42,17,45,72,99,65,46,87,62,22
grid_eq,srs,97,7,94,1,11,97,31,2,4,100,60,25,3,86,20,6,12
grid_eq,srs,98,19,69,66,16,53,14,98,90,15,61,85,44,17,6,75,33
grid_eq,srs,99,87,90,92,59,38,24,27,49,73,63,53,55,65,74,76,39
grid_eq,srs,100,17,97,77,48,36,75,73,59,5,46,91,62,37,47,66,49
grid_eq,srs,101,24,39,91,62,86,49,59,32,29,93,48,46,58,60,21,38
grid_eq,srs,102,73,6,21,31,15,39,56,92,70,36,34,4,61,3,24,26
grid_eq,srs,103,21,99,73,35,77,71,20,39,26,63,31,68,64,62,41,14
grid_eq,srs,104,89,25,22,66,84,29,77,74,37,27,50,21,8,86,15,69
grid_eq,srs,105,34,45,72,28,87,86,68,97,7,81,8,16,100,17,98,13
grid_eq,srs,106,63,42,10,58,86,67,15,31,70,73,87,35,93,43,77,80
grid_eq,srs,107,28,68,99,41,51,43,21,44,75,93,38,74,54,62,49,91
grid_eq,srs,108,12,49,96,94,37,16,18,63,54,14,65,34,4,23,72,2
grid_eq,srs,109,32,60,56,92,28,64,59,19,15,63,75,50,77,21,30,78
grid_eq,srs,110,73,29,20,24,47,12,22,39,44,50,77,97,16,80,5,19
grid_eq,srs,111,92,87,11,99,44,52,82,26,15,95,41,79,84,36,18,23
grid_eq,srs,112,33,74,53,8,54,79,38,49,91,51,10,27,26,16,69,72
grid_eq,srs,113,93,13,39,96,32,24,20,42,4,46,12,34,64,76,44,86
grid_eq,srs,114,32,12,85,78,31,16,22,84,23,48,38,1,7,61,67,91
grid_eq,srs,115,2,89,19,59,43,60,23,48,56,40,9,84,10,64,32,24
grid_eq,srs,116,61,35,76,18,46,79,36,40,24,29,91,89,82,5,23,44
grid_eq,srs,117,54,31,79,20,9,68,28,93,44,95,85,11,89,82,38,30
grid_eq,srs,118,47,52,71,94,21,66,1,42,14,56,24,20,13,87,91,83
grid_eq,srs,119,23,40,14,35,54,51,82,99,83,90,67,59,92,60,2,47
grid_eq,srs,120,18,16,19,53,35,89,34,81,92,80,28,64,37,42,78,87
grid_eq,srs,121,39,15,96,79,53,17,14,69,12,50,70,54,97,7,9,46
grid_eq,srs,122,3,97,74,62,96,29,27,35,41,23,47,78,19,34,61,63
grid_eq,srs,123,20,57,69,5,40,46,50,56,98,71,82,23,95,22,1,72
grid_eq,srs,124,43,48,30,70,83,92,8,82,24,14,28,100,84,47,40,85
grid_eq,srs,125,43,27,49,41,32,61,23,21,47,93,65,40,34,80,35,48
grid_eq,srs,126,60,91,84,99,43,32,59,11,36,19,24,25,16,46,100,87
grid_eq,srs,127,49,76,100,97,79,75,18,5,86,37,95,80,71,27,7,88
grid_eq,srs,128,39,25,11,74,31,84,91,64,62,53,66,37,85,42,73,46
grid_eq,srs,129,93,39,77,81,28,79,61,16,4,12,57,55,2,53,75,11
grid_eq,srs,130,20,17,18,2,79,26,46,81,95,67,33,97,10,54,78,52
grid_eq,srs,131,43,87,67,26,63,62,3,49,45,11,97,16,21,15,85,55
grid_eq,srs,132,52,64,65,69,4,40,59,86,32,88,47,30,92,100,43,25
grid_eq,srs,133,26,8,51,90,77,84,86,12,31,29,83,6,99,70,11,34
grid_eq,srs,134,76,91,29,13,2,75,32,16,7,52,61,36,9,85,35,71
grid_eq,srs,135,73,10,100,75,47,14,74,28,83,41,19,86,76,44,96,37
grid_eq,srs,136,7,9,61,32,22,20,57,23,98,36,29,33,66,91,19,46
grid_eq,srs,137,79,5,73,39,30,21,92,46,99,33,81,52,36,87,50,14
grid_eq,srs,138,81,23,43,17,60,14,61,88,44,80,29,54,97,89,19,48
grid_eq,srs,139,100,20,34,59,21,72,26,98,67,91,8,32,79,14,31,63
grid_eq,srs,140,65,33,97,40,43,68,59,45,7,66,95,25,5,10,24,11
grid_eq,srs,141,37,40,75,77,16,71,86,74,63,13,97,82,98,59,67,3
grid_eq,srs,142,26,44,67,24,62,20,15,23,50,6,92,22,76,89,16,48
grid_eq,srs,143,98,45,52,9,68,70,30,76,69,77,84,42,96,54,56,35
grid_eq,srs,144,25,60,16,69,4,100,82,28,43,3,76,66,50,29,8,7
grid_eq,srs,145,50,32,7,57,13,44,6,72,79,70,49,75,94,16,45,100
grid_eq,srs,146,54,99,39,15,26,36,10,24,22,19,69,100,83,73,90,71
grid_eq,srs,147,28,9,95,69,38,53,17,90,96,88,58,98,75,35,65,24
grid_eq,srs,148,87,92,79,67,97,14,18,60,34,59,52,71,84,86,55,70
grid_eq,srs,149,79,13,78,17,53,6,63,99,50,98,23,16,85,24,19,84
grid_eq,srs,150,78,12,45,76,37,16,59,92,63,53,36,15,61,96,11,81
grid_eq,srs,151,56,86,11,39,40,27,34,32,24,45,51,3,25,62,84,87
grid_eq,srs,152,60,1,52,15,19,21,40,12,86,26,58,51,76,43,69,81
grid_eq,srs,153,97,49,87,3,63,2,61,46,13,39,52,6,70,10,45,42
grid_eq,srs,154,83,35,14,95,24,64,9,71,68,73,90,60,98,87,39,3
grid_eq,srs,155,15,58,48,71,29,36,43,38,31,3,18,89,37,21,8,60
grid_eq,srs,156,96,98,74,78,17,88,20,85,39,81,23,19,29,89,65,6
grid_eq,srs,157,19,65,95,14,98,9,88,36,15,75,89,16,11,80,57,18
grid_eq,srs,158,98,13,58,46,51,48,42,52,81,97,55,73,39,82,100,86
grid_eq,srs,159,90,43,65,30,6,84,89,24,3,13,82,46,100,91,19,1
grid_eq,srs,160,3,33,98,90,86,16,95,14,97,66,8,65,28,64,80,17
grid_eq,srs,161,29,59,27,8,95,77,25,60,90,79,3,94,45,51,19,38
grid_eq,srs,162,94,79,100,43,65,24,30,7,5,23,98,69,89,53,63,12
grid_eq,srs,163,99,71,49,33,62,45,42,56,82,11,40,63,7,43,20,30
grid_eq,srs,164,86,64,41,98,75,83,49,43,4,30,15,36,21,73,71,89
grid_eq,srs,165,68,14,44,77,74,75,59,6,25,15,39,94,54,11,72,46
grid_eq,srs,166,66,42,21,60,29,15,62,52,24,22,37,61,1,96,82,12
grid_eq,srs,167,46,12,71,86,42,65,84,32,20,15,5,66,60,94,85,51
grid_eq,srs,168,91,92,71,44,59,1,25,95,96,46,64,56,37,38,29,13
grid_eq,srs,169,47,18,94,89,93,70,58,42,23,24,40,64,9,55,50,28
grid_eq,srs,170,84,27,74,57,90,10,77,88,91,45,5,64,68,76,59,7
grid_eq,srs,171,93,98,59,11,58,99,84,56,89,40,87,36,37,2,55,45
grid_eq,srs,172,12,92,5,35,52,2,21,31,32,29,79,96,73,58,37,15
grid_eq,srs,173,78,4,96,26,55,100,76,99,20,60,2,21,93,90,33,71
grid_eq,srs,174,10,24,18,56,51,81,38,75,69,86,85,16,21,65,100,20
grid_eq,srs,175,5,78,17,88,67,81,23,54,4,73,29,20,26,11,61,16
grid_eq,srs,176,20,40,65,31,81,47,76,69,48,85,46,56,75,50,60,10
grid_eq,srs,177,18,30,80,89,39,27,71,74,51,87,75,67,1,72,8,4
grid_eq,srs,178,3,8,79,40,57,4,75,21,93,28,100,55,30,92,39,90
grid_eq,srs,179,34,38,27,96,16,70,77,8,92,30,19,49,4,47,40,76
grid_eq,srs,180,15,23,39,71,19,95,47,52,31,34,38,35,3,98,16,56
grid_eq,srs,181,84,86,33,94,82,61,39,27,18,57,72,87,88,28,63,7
grid_eq,srs,182,9,85,4,60,71,72,13,56,12,26,27,95,89,30,69,2
grid_eq,srs,183,16,56,41,55,45,13,89,31,69,98,86,75,66,58,44,23
grid_eq,srs,184,42,45,73,59,18,39,83,91,4,86,10,63,27,52,9,79
grid_eq,srs,185,93,24,92,30,86,40,89,90,88,17,80,77,84,91,3,43
grid_eq,srs,186,88,90,69,99,41,39,30,85,37,96,8,14,21,23,32,68
grid_eq,srs,187,54,44,39,12,33,90,1,14,58,61,30,64,96,29,4,7
grid_eq,srs,188,96,80,5,85,84,77,33,8,100,39,55,91,72,9,29,66
grid_eq,srs,189,27,94,83,60,10,92,20,42,99,54,78,74,98,46,65,44
grid_eq,srs,190,56,32,99,86,96,16,94,49,5,83,44,3,39,58,30,13
grid_eq,srs,191,49,89,80,50,76,7,46,54,100,38,26,90,53,23,71,19
grid_eq,srs,192,69,21,97,56,82,5,26,86,54,33,65,91,8,20,6,58
grid_eq,srs,193,5,53,83,73,69,27,26,48,43,49,99,97,23,19,58,10
grid_eq,srs,194,69,52,81,21,100,32,33,90,57,63,26,46,97,23,96,62
grid_eq,srs,195,25,88,32,4,26,74,6,54,84,37,68,87,97,58,27,53
grid_eq,srs,196,58,83,50,88,9,7,17,55,11,23,100,73,97,33,49,86
grid_eq,srs,197,40,31,4,54,5,38,71,87,13,35,43,28,79,26,11,39
grid_eq,srs,198,50,48,35,94,21,24,82,33,81,9,16,90,23,79,57,80
grid_eq,srs,199,59,35,12,28,90,76,69,81,92,87,22,29,41,4,60,100
grid_eq,srs,200,70,67,96,69,85,63,82,33,61,51,54,71,29,38,52,49
grid_eq,srs,201,98,2,55,69,9,31,49,41,20,17,87,32,80,50,71,48
grid_eq,srs,202,31,43,87,88,29,19,33,34,59,90,61,49,26,12,54,72
grid_eq,srs,203,17,85,65,55,40,15,21,89,12,2,51,68,81,86,96,1
grid_eq,srs,204,32,88,77,49,100,28,68,97,22,56,66,96,8,50,2,13
grid_eq,srs,205,45,56,73,77,89,80,71,91,78,51,29,44,20,75,53,58
grid_eq,srs,206,70,10,93,95,56,42,46,20,39,64,89,4,37,12,59,98
grid_eq,srs,207,6,60,85,45,84,74,73,21,24,53,87,77,12,94,79,96
grid_eq,srs,208,74,45,98,8,4,70,88,6,29,77,1,85,55,67,21,82
grid_eq,srs,209,93,40,61,57,89,10,95,88,62,39,56,74,36,9,19,99
grid_eq,srs,210,19,82,90,9,2,16,64,22,94,85,4,30,54,92,25,3
grid_eq,srs,211,1,41,32,24,19,89,99,92,16,100,37,15,80,73,87,76
grid_eq,srs,212,87,59,33,12,18,23,17,64,99,86,84,92,22,89,76,15
grid_eq,srs,213,9,96,35,13,4,79,20,16,14,36,33,94,85,73,60,88
grid_eq,srs,214,97,5,1,30,94,76,87,82,35,32,2,19,52,89,39,92
grid_eq,srs,215,15,58,89,42,77,75,39,73,20,17,22,66,87,99,24,76
grid_eq,srs,216,26,63,72,90,44,37,36,39,27,29,59,12,61,66,45,8
grid_eq,srs,217,6,100,76,38,69,67,33,18,15,16,70,88,26,64,13,29
grid_eq,srs,218,21,77,42,2,97,49,36,78,52,35,54,8,71,100,43,82
grid_eq,srs,219,8,17,21,58,60,62,88,69,74,41,20,48,98,4,36,3
grid_eq,srs,220,54,73,50,91,43,97,71,30,78,58,95,52,98,92,84,69
grid_eq,srs,221,70,46,89,83,8,6,67,100,63,10,7,14,99,3,37,85
grid_eq,srs,222,50,55,54,4,67,80,65,2,82,14,15,78,21,63,96,35
grid_eq,srs,223,13,43,61,23,74,16,63,10,18,32,26,49,91,62,93,50
grid_eq,srs,224,13,27,93,91,39,10,82,4,57,79,73,21,12,100,28,74
grid_eq,srs,225,78,14,55,88,43,82,41,21,18,63,47,66,9,37,79,93
grid_eq,srs,226,81,12,66,64,23,15,67,3,14,48,98,95,100,26,86,43
grid_eq,srs,227,70,8,67,75,37,22,90,50,41,88,9,33,52,93,85,29
grid_eq,srs,228,91,7,23,58,90,41,68,27,71,48,81,64,96,73,39,67
grid_eq,srs,229,26,59,94,74,35,53,58,31,68,73,79,32,60,92,14,93
grid_eq,srs,230,17,64,24,93,63,44,45,83,67,26,51,61,72,68,33,7
grid_eq,srs,231,70,99,35,9,91,25,59,50,85,97,19,39,69,6,8,7
grid_eq,srs,232,12,46,14,28,71,19,3,31,56,87,27,65,68,36,6,55
grid_eq,srs,233,88,3,50,100,73,75,63,1,14,44,19,8,95,45,87,34
grid_eq,srs,234,20,80,64,55,54,68,67,51,45,84,52,42,6,66,86,43
grid_eq,srs,235,62,28,16,64,74,92,72,34,73,27,9,3,65,39,70,35
grid_eq,srs,236,44,98,89,48,96,35,49,27,74,65,97,47,70,95,57,85
grid_eq,srs,237,16,95,14,22,97,15,89,99,48,77,75,5,1,38,84,70
grid_eq,srs,238,25,63,87,16,13,30,95,57,43,96,61,94,53,79,89,1
grid_eq,srs,239,88,99,61,53,68,25,63,33,6,69,91,28,77,26,49,16
grid_eq,srs,240,53,21,44,38,9,74,43,67,50,39,71,33,19,17,89,79
grid_eq,srs,241,94,12,18,50,91,40,59,34,61,78,27,35,93,36,38,75
grid_eq,srs,242,79,48,55,43,18,39,99,9,22,14,84,91,64,2,6,47
grid_eq,srs,243,23,24,17,60,47,89,100,59,69,12,65,87,75,61,55,91
grid_eq,srs,244,28,95,17,11,24,48,3,7,33,9,29,92,78,83,70,14
grid_eq,srs,245,10,50,5,20,56,59,100,85,29,27,33,55,22,58,49,82
grid_eq,srs,246,46,84,66,26,97,21,61,77,10,98,47,90,80,69,31,42
grid_eq,srs,247,30,74,95,71,40,55,80,73,77,37,10,38,66,14,32,41
grid_eq,srs,248,57,44,41,42,52,99,30,26,62,83,84,94,21,96,33,51
grid_eq,srs,249,37,14,12,70,68,36,6,96,61,27,58,7,2,47,86,42
grid_eq,srs,250,31,32,91,27,56,96,26,16,100,38,25,6,65,14,11,45
grid_eq,srs,251,87,29,50,46,69,44,72,41,5,88,22,75,59,83,64,61
grid_eq,srs,252,70,39,8,87,75,53,21,93,58,78,83,31,76,34,9,43
grid_eq,srs,253,7,31,42,10,93,41,67,57,83,2,78,75,53,97,18,19
grid_eq,srs,254,30,37,57,5,78,69,25,66,36,1,63,44,7,58,11,76
grid_eq,srs,255,21,66,13,69,43,29,40,73,92,35,68,75,25,89,27,60
grid_eq,srs,256,48,75,14,30,67,56,68,4,53,89,2,25,17,15,29,82
grid_eq,srs,257,12,16,96,71,61,82,56,74,34,46,60,48,80,94,37,85
grid_eq,srs,258,86,9,92,87,17,88,76,29,12,94,34,69,64,84,74,15
grid_eq,srs,259,87,90,21,4,78,93,25,81,45,40,88,35,20,15,69,97
grid_eq,srs,260,68,93,41,9,76,56,89,37,57,49,83,81,59,77,88,19
grid_eq,srs,261,21,34,86,50,84,62,37,55,51,97,28,70,49,99,52,83
grid_eq,srs,262,58,35,77,15,3,51,36,61,18,66,32,41,70,40,75,73
grid_eq,srs,263,82,35,65,68,87,85,73,57,36,44,38,5,2,37,84,86
grid_eq,srs,264,54,16,62,64,81,19,31,39,32,18,78,30,57,80,79,70
grid_eq,srs,265,95,11,30,19,36,5,89,85,27,78,86,25,4,51,57,87
grid_eq,srs,266,60,21,36,81,59,49,16,17,10,27,52,30,53,38,43,99
grid_eq,srs,267,17,20,38,5,31,4,49,69,100,14,91,51,43,45,97,79
grid_eq,srs,268,45,33,9,93,39,100,88,71,50,46,16,83,48,5,79,12
grid_eq,srs,269,87,91,29,80,15,9,49,89,19,73,55,28,96,23,83,81
grid_eq,srs,270,70,5,81,73,40,66,50,12,49,28,65,32,59,27,39,83
grid_eq,srs,271,23,15,32,46,86,13,79,90,14,88,28,54,44,4,33,42
grid_eq,srs,272,74,37,25,21,70,76,18,72,29,39,83,94,38,68,22,2
grid_eq,srs,273,82,55,37,93,58,53,100,2,94,34,51,31,88,67,76,24
grid_eq,srs,274,62,94,99,60,43,1,14,36,85,66,69,61,76,47,64,75
grid_eq,srs,275,23,46,9,2,90,24,33,22,62,58,97,12,80,83,40,82
grid_eq,srs,276,46,14,13,73,100,77,26,93,55,51,59,28,58,19,43,4
grid_eq,srs,277,33,27,92,8,7,98,87,23,62,10,51,46,4,12,55,37
grid_eq,srs,278,26,95,83,66,87,8,33,35,62,97,50,53,71,67,82,72
grid_eq,srs,279,75,36,80,70,25,14,26,16,71,73,41,4,99,7,39,53
grid_eq,srs,280,22,92,77,19,90,75,34,68,4,80,14,85,98,94,70,50
grid_eq,srs,281,15,44,19,69,55,80,18,32,1,29,92,95,26,61,71,14
grid_eq,srs,282,68,84,26,41,40,32,3,19,14,78,100,23,25,61,52,90
grid_eq,srs,283,20,56,22,87,14,9,39,7,79,31,25,74,92,52,78,99
grid_eq,srs,284,95,25,20,23,72,22,75,11,100,94,42,50,41,52,68,45
grid_eq,srs,285,64,50,79,18,72,52,19,26,76,74,63,65,75,23,47,71
grid_eq,srs,286,84,32,79,25,16,34,30,77,91,42,68,38,80,48,62,85
grid_eq,srs,287,2,37,43,27,80,56,84,82,65,40,26,17,99,64,36,50
grid_eq,srs,288,35,17,98,99,93,48,61,71,95,1,76,20,97,62,57,45
grid_eq,srs,289,61,53,19,40,6,44,11,93,91,28,2,12,31,68,81,15
grid_eq,srs,290,61,70,23,7,85,93,62,82,98,57,69,6,86,76,75,64
grid_eq,srs,291,13,44,84,66,51,53,99,62,91,83,54,96,82,78,31,19
grid_eq,srs,292,11,52,50,45,4,92,49,39,18,5,68,81,40,42,72,62
grid_eq,srs,293,85,14,35,37,65,83,40,3,15,41,25,81,30,34,67,60
grid_eq,srs,294,96,48,25,9,94,1,46,63,90,69,18,87,71,79,5,38
grid_eq,srs,295,93,48,77,30,80,4,33,52,17,67,15,38,60,42,7,22
grid_eq,srs,296,94,40,83,7,6,99,58,4,92,16,47,84,12,52,64,68
grid_eq,srs,297,14,90,32,26,69,23,58,57,47,60,36,76,79,92,77,40
grid_eq,srs,298,6,40,51,58,92,71,39,32,35,33,27,45,79,86,43,55
grid_eq,srs,299,80,47,63,81,76,79,37,91,44,93,95,17,10,72,33,50
grid_eq,srs,300,4,55,7,50,43,60,32,78,93,45,88,42,15,14,69,35
grid_eq,srs,301,45,30,34,96,76,86,62,59,39,40,49,71,100,8,88,43
grid_eq,srs,302,5,72,48,84,39,87,85,83,62,16,34,67,14,36,75,58
grid_eq,srs,303,59,55,76,95,80,89,8,4,99,36,83,62,82,65,20,53
grid_eq,srs,304,5,95,57,74,17,41,98,31,78,14,75,12,45,4,46,18
grid_eq,srs,305,36,46,73,12,23,57,34,54,2,15,88,38,64,52,37,18
grid_eq,srs,306,95,93,30,82,22,50,34,63,11,26,58,61,74,38,5,85
grid_eq,srs,307,89,80,59,74,3,99,42,84,82,87,24,32,65,70,97,16
grid_eq,srs,308,53,58,84,36,74,9,100,85,41,6,69,77,39,30,86,34
grid_eq,srs,309,8,63,25,79,83,19,81,95,96,10,29,9,1,43,52,22
grid_eq,srs,310,31,89,90,58,16,78,12,35,44,42,4,61,83,63,11,80
grid_eq,srs,311,23,8,26,24,36,37,99,92,98,38,17,6,19,52,32,35
grid_eq,srs,312,53,37,47,88,44,39,65,22,14,28,68,75,13,71,52,66
grid_eq,srs,313,2,76,51,32,8,28,84,96,27,55,15,36,34,40,88,72
grid_eq,srs,314,34,60,43,57,4,28,51,78,6,53,62,92,33,69,84,64
grid_eq,srs,315,93,52,66,5,40,19,55,72,46,22,57,39,8,100,96,30
grid_eq,srs,316,83,82,23,96,55,2,89,25,57,10,93,98,52,97,16,92
grid_eq,srs,317,74,73,43,57,26,7,41,90,21,30,76,96,32,95,58,31
grid_eq,srs,318,100,95,92,30,52,19,25,35,37,94,12,50,2,87,73,18
grid_eq,srs,319,69,100,86,41,72,93,39,29,63,6,99,11,34,50,76,92
grid_eq,srs,320,13,64,11,8,35,42,69,77,76,52,60,21,5,17,63,79
grid_eq,srs,321,20,94,23,99,26,45,80,5,60,9,100,36,89,98,91,93
grid_eq,srs,322,100,61,24,11,81,75,93,48,92,34,33,59,71,49,84,15
grid_eq,srs,323,10,75,37,45,3,1,44,6,27,100,79,47,88,25,95,2
grid_eq,srs,324,96,30,9,32,5,11,67,8,57,95,56,36,80,73,83,64
grid_eq,srs,325,7,98,85,54,82,10,5,21,14,18,90,40,1,39,30,86
grid_eq,srs,326,83,97,62,48,60,35,19,79,32,71,63,78,46,16,30,64
grid_eq,srs,327,34,67,70,8,92,33,40,46,85,73,52,48,68,86,95,83
grid_eq,srs,328,54,4,86,74,97,93,13,73,11,70,91,5,15,26,87,45
grid_eq,srs,329,25,20,30,43,3,59,52,58,61,94,82,23,45,18,81,65
grid_eq,srs,330,89,68,3,99,54,1,83,4,80,74,33,58,32,5,96,60
grid_eq,srs,331,49,64,56,70,6,78,39,65,26,76,59,99,93,95,92,83
grid_eq,srs,332,65,18,28,72,54,52,8,23,68,49,59,35,50,12,17,15
grid_eq,srs,333,3,70,8,36,4,9,51,12,20,42,64,21,25,6,19,99
grid_eq,srs,334,73,49,16,12,9,10,68,55,71,46,100,95,56,39,33,37
grid_eq,srs,335,92,38,71,60,14,22,67,83,62,72,89,56,51,90,41,5
grid_eq,srs,336,23,61,84,94,4,92,13,19,38,90,60,11,87,31,62,74
grid_eq,srs,337,91,40,1,22,27,63,49,84,50,16,68,6,93,46,9,83
grid_eq,srs,338,1,24,70,41,8,19,51,10,6,26,62,75,23,92,55,7
grid_eq,srs,339,26,5,65,12,79,73,85,88,14,36,63,22,87,46,56,23
grid_eq,srs,340,18,89,4,49,14,32,7,47,9,68,100,69,2,50,35,19
grid_eq,srs,341,15,8,89,1,41,23,58,54,48,45,50,19,24,6,78,14
grid_eq,srs,342,61,26,40,76,71,97,95,79,3,16,27,58,72,80,29,46
grid_eq,srs,343,36,54,75,91,50,86,23,51,43,29,52,56,14,19,25,84
grid_eq,srs,344,31,63,28,36,51,90,100,42,34,2,20,59,68,29,6,75
grid_eq,srs,345,10,25,35,98,53,13,39,94,64,38,67,75,86,4,58,7
grid_eq,srs,346,56,57,72,17,48,21,87,15,85,2,86,89,7,88,46,80
grid_eq,srs,347,8,37,98,22,54,10,83,72,66,20,31,82,41,55,36,19
grid_eq,srs,348,20,69,44,85,23,12,94,62,4,26,14,31,72,57,81,30
grid_eq,srs,349,76,8,2,35,100,46,19,61,22,88,42,23,44,93,49,63
grid_eq,srs,350,88,16,60,72,10,21,62,86,25,27,77,11,43,18,28,22
grid_eq,srs,351,77,96,67,57,58,82,18,21,9,97,75,51,23,79,49,63
grid_eq,srs,352,57,29,10,15,33,49,40,19,45,42,4,97,79,84,96,26
grid_eq,srs,353,91,43,47,10,71,80,49,63,27,54,37,31,19,82,90,84
grid_eq,srs,354,61,78,96,85,87,1,35,69,88,24,91,95,93,53,81,100
grid_eq,srs,355,82,60,18,80,13,34,48,9,11,23,86,15,64,72,47,14
grid_eq,srs,356,6,47,2,92,44,81,93,94,74,13,19,79,15,18,86,41
grid_eq,srs,357,82,86,81,53,1,65,4,61,36,12,73,57,34,99,84,77
grid_eq,srs,358,35,13,3,48,22,59,2,69,62,63,25,49,47,96,65,37
grid_eq,srs,359,28,25,14,4,59,56,57,7,94,29,45,44,34,13,96,63
grid_eq,srs,360,94,28,18,69,61,92,25,16,3,40,78,49,100,62,80,47
grid_eq,srs,361,46,5,54,34,92,27,11,33,29,59,3,4,84,17,28,99
grid_eq,srs,362,59,52,31,74,64,47,63,99,49,60,35,84,62,66,65,37
grid_eq,srs,363,79,81,19,70,3,48,18,34,76,87,56,84,59,73,36,58
grid_eq,srs,364,74,7,1,82,87,33,13,22,73,52,18,4,27,71,67,69
grid_eq,srs,365,94,25,80,73,90,82,20,66,16,74,60,7,75,19,55,10
grid_eq,srs,366,88,6,75,98,46,25,48,18,40,93,63,47,100,82,3,78
grid_eq,srs,367,68,21,38,17,15,42,80,71,31,40,18,45,50,58,39,41
grid_eq,srs,368,19,73,11,93,5,24,99,96,59,49,44,4,85,74,13,2
grid_eq,srs,369,47,5,50,24,88,16,91,35,89,72,54,71,30,29,26,46
grid_eq,srs,370,1,20,54,42,68,100,38,33,14,4,5,78,50,69,96,85
grid_eq,srs,371,25,41,85,43,90,35,36,89,42,32,8,48,58,31,22,84
grid_eq,srs,372,5,7,96,78,6,83,31,10,69,9,93,2,4,42,46,12
grid_eq,srs,373,16,94,1,12,57,68,28,56,33,62,63,83,92,23,93,51
grid_eq,srs,374,93,97,99,40,56,96,41,23,17,79,30,35,33,3,82,16
grid_eq,srs,375,47,41,92,19,79,38,5,31,89,4,81,86,66,17,27,18
grid_eq,srs,376,7,29,21,44,6,20,93,79,42,36,83,24,81,65,74,25
grid_eq,srs,377,49,68,76,75,57,74,11,59,3,37,92,83,29,17,19,73
grid_eq,srs,378,94,46,34,3,48,41,50,24,99,65,62,61,51,59,11,63
grid_eq,srs,379,86,19,55,16,65,28,84,13,7,12,79,43,59,62,67,85
grid_eq,srs,380,77,42,57,80,29,89,3,90,5,9,84,36,55,94,52,11
grid_eq,srs,381,7,2,81,82,5,68,83,60,59,73,24,35,40,89,38,55
grid_eq,srs,382,57,9,16,46,11,2,61,95,76,72,38,59,28,7,24,3
grid_eq,srs,383,11,18,59,100,26,81,91,56,47,43,9,12,55,85,76,53
grid_eq,srs,384,70,16,59,40,76,8,73,37,18,71,86,30,92,72,53,42
grid_eq,srs,385,24,14,42,37,9,59,64,71,39,72,86,20,30,60,54,80
grid_eq,srs,386,26,47,80,33,51,99,1,93,41,44,28,48,72,23,8,17
grid_eq,srs,387,44,71,74,63,98,10,39,92,99,52,90,78,50,22,85,77
grid_eq,srs,388,89,63,76,59,19,8,34,18,57,48,90,78,79,3,27,53
grid_eq,srs,389,63,25,70,87,39,96,93,69,8,6,20,45,76,48,15,94
grid_eq,srs,390,81,42,36,3,94,71,2,23,17,26,8,63,89,84,85,88
grid_eq,srs,391,8,93,64,48,41,4,96,89,3,25,98,78,28,7,83,27
grid_eq,srs,392,67,38,99,93,11,15,50,77,91,86,34,96,57,31,78,80
grid_eq,srs,393,59,53,67,31,80,54,8,4,65,75,28,12,100,7,57,72
grid_eq,srs,394,68,13,48,92,36,87,12,19,11,57,17,85,55,20,9,73
grid_eq,srs,395,67,58,33,70,24,14,82,43,79,39,65,13,6,47,34,11
grid_eq,srs,396,90,31,81,75,51,96,77,56,55,32,94,99,28,79,97,57
grid_eq,srs,397,31,11,20,33,29,40,53,14,69,12,92,59,38,51,1,85
grid_eq,srs,398,18,63,50,96,66,58,16,61,51,29,75,12,86,48,21,90
grid_eq,srs,399,53,86,25,14,73,3,93,100,28,43,47,69,87,10,48,7
grid_eq,srs,400,54,24,75,12,73,55,22,18,20,96,46,98,53,19,6,33
grid_eq,srs,401,47,20,77,32,53,69,94,64,59,39,98,82,61,79,95,93
grid_eq,srs,402,6,36,42,24,63,40,27,72,33,73,98,70,62,95,26,39
grid_eq,srs,403,35,68,99,67,98,4,80,59,38,83,79,96,85,5,9,12
grid_eq,srs,404,63,5,54,19,7,83,74,4,68,66,1,38,51,87,41,24
grid_eq,srs,405,24,91,58,33,57,74,54,90,55,43,7,35,14,77,73,84
grid_eq,srs,406,74,22,70,46,48,58,81,66,85,3,28,95,26,68,56,83
grid_eq,srs,407,87,33,46,41,75,29,99,4,63,59,19,51,69,94,52,13
grid_eq,srs,408,16,4,39,69,14,30,7,57,1,94,100,63,70,24,33,54
grid_eq,srs,409,47,69,38,13,34,18,97,37,51,94,70,50,11,90,1,63
grid_eq,srs,410,31,63,26,20,22,58,33,14,40,6,16,11,15,94,60,35
grid_eq,srs,411,90,25,85,8,40,56,39,55,71,5,83,86,63,70,94,51
grid_eq,srs,412,41,60,56,87,98,38,48,6,53,29,75,25,62,37,77,5
grid_eq,srs,413,54,4,68,53,43,90,27,65,20,11,18,83,3,100,51,58
grid_eq,srs,414,45,75,24,2,92,23,54,26,86,72,15,65,64,91,93,58
grid_eq,srs,415,8,77,54,10,15,62,52,89,80,63,32,56,46,78,99,36
grid_eq,srs,416,54,42,38,60,27,75,98,59,7,86,47,14,50,10,83,77
grid_eq,srs,417,21,69,38,87,67,65,62,20,43,53,76,8,71,78,6,17
grid_eq,srs,418,92,76,19,8,18,26,31,91,58,63,60,96,83,36,65,97
grid_eq,srs,419,80,3,31,47,25,90,96,8,77,65,28,86,24,91,67,35
grid_eq,srs,420,35,72,49,91,79,65,59,6,31,10,77,47,30,14,19,51
grid_eq,srs,421,83,39,55,8,5,27,22,38,90,25,17,87,64,66,86,65
grid_eq,srs,422,82,15,48,86,63,4,10,56,80,12,72,65,27,69,51,58
grid_eq,srs,423,82,99,67,62,33,64,10,45,66,21,13,24,42,5,52,72
grid_eq,srs,424,41,89,3,43,4,61,52,66,56,77,95,29,24,10,80,68
grid_eq,srs,425,40,79,47,38,87,86,15,52,93,10,90,28,55,68,80,4
grid_eq,srs,426,61,7,57,34,54,67,65,24,23,52,74,84,6,88,37,39
grid_eq,srs,427,41,12,53,10,18,21,87,52,80,5,68,62,84,98,93,37
grid_eq,srs,428,56,2,11,72,9,5,91,14,60,28,73,48,94,68,3,69
grid_eq,srs,429,44,33,6,74,32,8,35,36,86,96,93,46,92,27,99,57
grid_eq,srs,430,27,35,53,6,22,34,38,72,94,73,49,12,37,96,84,78
grid_eq,srs,431,24,20,59,64,67,86,87,11,74,92,48,47,3,89,84,49
grid_eq,srs,432,4,87,35,1,41,45,100,67,96,12,83,19,62,61,89,7
grid_eq,srs,433,28,92,33,81,78,29,36,84,6,11,61,49,66,17,14,20
grid_eq,srs,434,53,61,100,19,43,85,95,42,30,10,89,88,76,92,99,48
grid_eq,srs,435,87,11,89,48,51,62,91,69,78,49,15,41,93,70,36,40
grid_eq,srs,436,51,67,99,68,23,79,42,36,50,27,52,58,64,47,82,97
grid_eq,srs,437,64,37,63,55,97,91,61,6,88,96,17,48,72,58,38,4
grid_eq,srs,438,4,71,42,70,1,5,87,74,43,45,88,13,54,92,68,76
grid_eq,srs,439,36,14,84,98,26,7,2,89,76,33,5,30,88,97,83,47
grid_eq,srs,440,80,4,36,39,34,79,63,56,19,30,1,10,62,51,20,15
grid_eq,srs,441,39,75,60,77,96,48,62,54,42,73,25,44,99,87,58,100
grid_eq,srs,442,77,13,79,44,60,67,35,97,32,65,100,16,9,83,78,61
grid_eq,srs,443,34,90,19,64,36,67,40,94,38,39,9,73,35,27,32,66
grid_eq,srs,444,96,34,50,99,78,95,66,4,91,16,89,83,41,100,52,69
grid_eq,srs,445,89,69,10,27,44,83,37,8,100,24,46,31,13,41,29,62
grid_eq,srs,446,94,46,72,8,22,37,1,56,100,63,47,88,26,28,58,77
grid_eq,srs,447,73,15,70,95,59,50,90,22,97,65,79,12,62,52,85,23
grid_eq,srs,448,56,5,73,51,72,46,43,99,65,59,36,8,3,92,85,50
grid_eq,srs,449,83,3,26,58,71,11,86,17,91,70,81,78,51,34,92,1
grid_eq,srs,450,52,62,27,78,64,73,36,89,60,46,48,72,82,61,31,50
grid_eq,srs,451,91,65,45,84,56,93,75,60,48,32,71,30,19,76,44,72
grid_eq,srs,452,48,74,12,91,19,22,18,33,86,99,79,30,13,100,9,59
grid_eq,srs,453,61,3,91,30,2,11,10,87,37,90,25,88,33,14,50,95
grid_eq,srs,454,3,17,81,2,85,94,69,89,84,68,59,7,91,5,71,33
grid_eq,srs,455,79,54,65,61,10,91,67,45,95,41,18,34,55,71,1,52
grid_eq,srs,456,9,3,89,65,60,11,84,66,4,72,97,38,90,13,22,48
grid_eq,srs,457,77,31,4,79,67,24,60,34,64,29,96,84,78,72,73,23
grid_eq,srs,458,81,1,68,47,59,71,34,80,97,9,21,4,6,35,57,67
grid_eq,srs,459,100,66,12,77,39,57,41,74,18,97,21,14,89,43,37,23
grid_eq,srs,460,100,58,96,15,72,84,40,1,75,62,57,18,35,71,70,74
grid_eq,srs,461,6,64,15,47,31,48,2,87,25,8,52,74,54,51,46,95
grid_eq,srs,462,79,9,77,80,20,19,8,45,68,24,33,35,43,94,13,60
grid_eq,srs,463,40,57,68,97,82,11,67,88,91,25,38,63,14,30,46,3
grid_eq,srs,464,51,77,14,7,25,60,33,4,20,2,91,86,66,12,17,75
grid_eq,srs,465,15,58,10,18,75,65,41,26,42,36,52,74,55,31,62,97
grid_eq,srs,466,91,64,18,7,36,90,74,58,46,68,10,57,63,41,88,19
grid_eq,srs,467,96,21,23,50,8,19,84,93,7,39,95,4,57,92,25,81
grid_eq,srs,468,68,19,35,41,61,92,17,84,7,66,44,86,3,79,33,80
grid_eq,srs,469,95,50,70,26,51,68,30,42,84,69,8,64,40,83,75,48
grid_eq,srs,470,28,17,52,29,79,48,1,78,12,69,8,76,36,21,74,9
grid_eq,srs,471,92,48,98,36,56,99,94,42,54,66,86,91,50,64,74,49
grid_eq,srs,472,31,91,21,40,74,95,75,58,29,87,94,32,85,49,81,43
grid_eq,srs,473,54,93,72,12,62,37,83,17,1,76,98,34,96,26,27,73
grid_eq,srs,474,90,80,8,12,74,57,55,59,39,44,88,31,94,81,61,7
grid_eq,srs,475,95,9,96,33,52,98,6,44,64,28,38,62,21,14,22,100
grid_eq,srs,476,66,69,82,10,84,89,30,98,95,92,19,99,46,58,26,71
grid_eq,srs,477,55,72,54,32,53,37,70,8,83,14,27,43,40,97,20,64
grid_eq,srs,478,99,20,54,82,32,3,10,96,41,89,11,21,92,75,80,83
grid_eq,srs,479,82,18,62,47,51,98,24,4,31,85,89,41,50,87,86,76
grid_eq,srs,480,13,25,76,52,38,18,6,50,90,43,97,100,21,73,36,32
grid_eq,srs,481,12,85,33,28,63,61,79,5,71,40,37,53,80,1,32,22
grid_eq,srs,482,62,53,31,77,81,25,97,69,56,54,30,65,55,16,8,2
grid_eq,srs,483,22,23,7,33,96,29,21,58,89,44,34,26,88,40,76,4
grid_eq,srs,484,38,44,42,74,41,47,7,88,3,93,79,13,62,98,70,80
grid_eq,srs,485,73,38,45,13,19,58,98,43,97,36,69,35,47,66,95,24
grid_eq,srs,486,94,73,29,75,30,99,28,31,52,93,49,98,21,23,38,24
grid_eq,srs,487,2,38,84,78,1,9,46,52,92,30,61,99,14,16,19,21
grid_eq,srs,488,80,76,58,38,42,92,75,57,46,93,96,24,65,48,66,81
grid_eq,srs,489,98,40,85,57,18,68,1,12,63,16,82,44,71,29,87,58
grid_eq,srs,490,80,10,92,27,73,37,76,58,99,97,8,57,26,100,30,94
grid_eq,srs,491,33,39,29,98,96,14,44,57,7,79,59,91,9,84,69,67
grid_eq,srs,492,7,4,79,57,17,58,84,9,71,10,70,14,89,86,50,32
grid_eq,srs,493,70,9,12,2,83,72,65,74,52,6,58,100,49,67,76,57
grid_eq,srs,494,6,7,31,62,57,44,23,84,87,16,54,32,51,24,4,20
grid_eq,srs,495,90,28,55,58,12,30,38,98,96,51,37,34,27,20,57,93
grid_eq,srs,496,22,30,95,27,20,60,82,86,21,28,53,83,13,31,41,11
grid_eq,srs,497,42,24,84,5,35,13,7,74,1,87,10,32,98,86,56,30
grid_eq,srs,498,40,56,99,44,16,84,37,77,53,88,66,90,19,64,61,68
grid_eq,srs,499,53,38,99,30,46,82,62,34,4,65,83,75,90,74,28,26
grid_eq,srs,500,41,68,66,87,84,7,59,1,42,97,61,38,99,76,95,94
grid_eq,srs,501,6,13,69,61,85,36,81,14,79,91,9,92,43,45,100,42
grid_eq,srs,502,71,88,4,49,84,62,97,67,79,44,40,22,92,86,16,90
grid_eq,srs,503,73,29,63,83,78,82,56,71,14,33,30,88,74,31,49,46
grid_eq,srs,504,62,74,87,29,14,33,66,60,24,84,100,38,37,51,13,35
grid_eq,srs,505,47,10,38,19,85,41,92,65,17,86,89,39,36,97,98,40
grid_eq,srs,506,85,15,34,26,13,75,9,40,8,14,68,10,66,20,45,91
grid_eq,srs,507,73,1,53,62,80,41,61,34,93,8,70,20,36,49,58,40
grid_eq,srs,508,77,98,4,16,39,35,65,32,100,45,51,11,1,48,56,2
grid_eq,srs,509,1,100,95,27,21,25,16,23,35,69,56,17,46,63,38,86
grid_eq,srs,510,30,20,65,72,4,50,19,2,22,53,89,28,27,44,17,68
grid_eq,srs,511,8,3,85,31,45,91,26,36,28,9,15,95,21,42,49,80
grid_eq,srs,512,13,42,95,70,47,16,86,34,43,48,44,93,62,20,100,56
grid_eq,srs,513,97,28,66,30,9,100,81,15,53,89,34,98,88,23,68,20
grid_eq,srs,514,95,53,61,21,86,2,16,4,41,5,44,23,26,71,20,11
grid_eq,srs,515,9,54,94,16,6,81,47,11,43,21,56,34,98,82,59,39
grid_eq,srs,516,84,88,87,5,6,90,82,85,72,49,10,94,92,55,11,39
grid_eq,srs,517,74,32,79,70,46,13,55,6,39,14,66,94,75,65,81,45
grid_eq,srs,518,67,88,69,78,82,96,4,45,90,42,48,74,64,18,58,29
grid_eq,srs,519,96,53,10,6,12,49,62,67,36,100,8,65,69,99,71,34
grid_eq,srs,520,76,88,48,61,15,22,92,17,21,68,86,73,98,87,95,74
grid_eq,srs,521,55,74,91,71,11,96,15,19,5,9,69,45,18,48,17,61
grid_eq,srs,522,48,1,43,79,47,80,58,7,49,51,3,25,91,26,23,57
grid_eq,srs,523,7,88,18,30,52,33,48,17,63,99,71,66,93,75,84,9
grid_eq,srs,524,57,24,48,71,10,72,27,93,32,64,20,74,68,83,61,23
grid_eq,srs,525,3,94,20,31,53,82,33,98,100,1,2,57,47,58,56,65
grid_eq,srs,526,48,35,3,73,95,28,84,4,29,85,82,83,2,7,80,68
grid_eq,srs,527,61,60,53,43,36,13,58,55,6,32,22,49,73,56,92,65
grid_eq,srs,528,78,48,84,71,66,64,49,55,58,87,33,51,57,23,5,7
grid_eq,srs,529,61,55,82,88,77,78,28,20,32,38,87,83,1,26,30,72
grid_eq,srs,530,85,84,46,98,8,91,49,73,76,11,2,6,37,57,31,38
grid_eq,srs,531,24,74,23,48,39,99,63,27,28,17,84,52,5,59,82,58
grid_eq,srs,532,13,86,76,20,53,54,89,90,40,87,47,16,95,38,12,66
grid_eq,srs,533,100,11,65,35,17,96,86,45,61,22,23,93,29,3,72,28
grid_eq,srs,534,18,44,39,43,94,10,46,41,40,65,92,62,47,3,21,52
grid_eq,srs,535,78,67,79,71,83,46,69,38,18,55,65,96,51,85,95,49
grid_eq,srs,536,61,2,10,42,47,71,79,72,48,22,46,44,69,28,12,27
grid_eq,srs,537,45,20,5,92,73,68,9,42,90,91,82,23,32,50,57,14
grid_eq,srs,538,1,25,76,2,41,95,71,42,96,50,11,86,22,43,63,32
grid_eq,srs,539,67,59,9,70,63,20,43,15,83,45,29,7,4,89,72,100
grid_eq,srs,540,12,44,82,20,31,84,28,1,62,89,99,23,73,87,67,76
grid_eq,srs,541,29,11,40,68,35,71,21,86,4,77,9,42,19,98,56,70
grid_eq,srs,542,46,35,56,74,67,18,13,16,12,70,72,100,79,36,15,10
grid_eq,srs,543,48,35,5,58,72,83,37,69,65,54,43,50,100,62,25,91
grid_eq,srs,544,93,64,89,60,12,77,23,88,92,71,6,3,68,2,28,86
grid_eq,srs,545,62,6,60,11,38,66,67,51,73,47,42,96,55,35,13,99
grid_eq,srs,546,47,97,81,63,85,24,94,84,28,2,14,30,75,48,90,15
grid_eq,srs,547,56,77,28,16,37,90,85,52,6,14,18,72,15,92,8,55
grid_eq,srs,548,52,46,54,64,30,60,8,58,17,79,98,66,9,97,36,47
grid_eq,srs,549,26,71,65,61,63,23,52,12,28,72,60,48,21,7,42,33
grid_eq,srs,550,80,4,63,73,78,23,61,51,13,93,85,60,14,5,18,28
grid_eq,srs,551,32,33,85,1,65,7,54,41,88,56,71,78,76,37,48,73
grid_eq,srs,552,23,94,90,34,61,24,75,55,57,64,91,32,73,36,17,6
grid_eq,srs,553,14,32,49,55,67,62,22,85,71,12,69,25,83,99,88,30
grid_eq,srs,554,51,75,99,77,22,91,14,54,100,83,4,61,19,26,95,63
grid_eq,srs,555,69,20,65,61,32,97,6,60,42,91,24,58,66,62,51,30
grid_eq,srs,556,2,25,47,79,8,49,11,73,54,38,85,67,87,19,76,24
grid_eq,srs,557,50,48,73,55,53,69,21,65,34,85,47,25,8,38,22,16
grid_eq,srs,558,77,26,86,83,64,65,34,13,95,12,78,38,36,41,84,93
grid_eq,srs,559,9,95,72,20,14,89,87,46,6,62,50,82,70,85,23,68
grid_eq,srs,560,29,57,69,87,28,21,76,14,91,83,9,18,78,70,27,42
grid_eq,srs,561,81,11,46,73,99,89,55,12,59,32,75,1,37,28,95,79
grid_eq,srs,562,57,81,52,6,32,8,21,63,64,95,70,1,40,55,93,47
grid_eq,srs,563,12,49,37,38,29,56,99,18,85,75,20,13,2,45,93,22
grid_eq,srs,564,75,30,91,62,61,81,73,99,74,43,10,13,14,15,52,90
grid_eq,srs,565,12,6,26,36,11,27,14,56,10,93,64,2,32,67,35,23
grid_eq,srs,566,34,66,28,74,26,4,100,48,10,93,43,14,15,94,62,22
grid_eq,srs,567,8,12,17,41,25,65,2,35,79,56,86,48,49,76,36,51
grid_eq,srs,568,43,40,16,35,75,72,97,63,76,71,29,28,10,56,25,54
grid_eq,srs,569,85,40,45,19,72,12,31,54,82,5,7,47,63,52,49,71
grid_eq,srs,570,24,8,21,99,57,11,15,6,80,73,84,22,35,59,34,42
grid_eq,srs,571,4,95,62,28,83,29,34,33,44,21,48,47,37,58,19,86
grid_eq,srs,572,20,82,27,32,19,95,46,42,75,70,39,14,94,63,59,13
grid_eq,srs,573,57,38,42,34,12,65,87,49,3,45,10,17,70,74,7,20
grid_eq,srs,574,2,28,22,26,94,43,33,10,42,59,92,25,58,4,13,49
grid_eq,srs,575,49,85,17,44,16,61,19,97,12,2,34,91,14,75,70,60
grid_eq,srs,576,98,74,90,24,13,73,61,79,56,97,52,16,89,80,10,37
grid_eq,srs,577,16,33,37,74,24,98,65,14,84,41,12,56,35,32,4,28
grid_eq,srs,578,30,91,67,19,4,54,71,10,94,12,20,89,92,87,18,23
grid_eq,srs,579,88,93,61,35,90,21,12,42,53,13,29,97,67,39,6,78
grid_eq,srs,580,17,23,78,20,6,56,86,85,53,96,19,8,49,32,67,58
grid_eq,srs,581,99,74,79,54,90,23,43,25,12,41,81,3,20,62,21,29
grid_eq,srs,582,91,60,50,85,14,53,22,20,33,52,87,48,29,30,65,38
grid_eq,srs,583,79,76,26,42,45,69,84,68,93,55,97,32,34,3,87,9
grid_eq,srs,584,33,97,31,60,54,40,12,5,96,93,21,25,32,95,57,4
grid_eq,srs,585,13,64,26,25,51,33,2,54,97,16,36,63,73,58,80,82
grid_eq,srs,586,35,64,23,39,84,63,29,21,7,41,25,57,46,11,82,61
grid_eq,srs,587,73,34,3,23,32,96,1,30,2,78,13,82,65,22,74,38
grid_eq,srs,588,84,16,54,66,39,82,77,58,48,78,42,91,36,47,99,98
grid_eq,srs,589,12,40,32,67,63,79,74,85,81,92,95,24,72,78,27,6
grid_eq,srs,590,8,26,54,24,12,51,82,56,17,35,79,47,31,15,43,18
grid_eq,srs,591,4,12,54,65,80,57,91,66,35,3,22,94,33,38,34,81
grid_eq,srs,592,38,82,100,81,4,20,56,14,72,3,80,91,88,75,50,12
grid_eq,srs,593,86,9,75,2,6,74,95,96,70,45,17,58,51,5,94,18
grid_eq,srs,594,45,88,76,60,14,19,12,94,13,55,33,72,83,89,30,61
grid_eq,srs,595,51,58,15,71,77,57,63,34,79,2,22,26,49,31,33,43
grid_eq,srs,596,83,23,94,20,67,76,8,12,99,96,33,48,66,98,21,60
grid_eq,srs,597,92,65,68,61,41,63,10,7,54,87,32,49,35,93,64,73
grid_eq,srs,598,89,64,72,95,4,85,41,67,3,93,83,50,34,73,12,56
grid_eq,srs,599,3,66,58,23,6,78,80,53,24,25,19,38,10,11,99,75
grid_eq,srs,600,12,71,3,76,43,17,98,10,4,8,29,58,11,78,54,96
grid_eq,srs,601,51,94,41,7,66,31,29,47,55,84,2,25,37,62,40,6
grid_eq,srs,602,19,22,89,47,90,2,67,76,56,61,88,72,38,43,1,17
grid_eq,srs,603,38,68,77,21,76,55,45,24,65,30,82,81,71,40,39,11
grid_eq,srs,604,7,27,68,88,58,84,4,90,81,63,50,59,8,28,3,25
grid_eq,srs,605,28,30,90,98,95,46,44,50,2,93,55,70,25,17,79,41
grid_eq,srs,606,10,83,45,68,87,30,4,8,86,7,9,76,22,14,29,55
grid_eq,srs,607,19,27,10,14,24,15,41,54,56,85,42,35,8,63,69,46
grid_eq,srs,608,17,91,59,38,46,43,33,63,76,20,28,98,56,12,47,9
grid_eq,srs,609,78,57,7,30,74,56,96,59,6,92,27,46,10,36,21,20
grid_eq,srs,610,16,67,33,34,46,93,57,75,3,50,22,10,13,30,2,70
grid_eq,srs,611,54,6,20,5,1,55,49,86,46,9,74,15,100,35,38,45
grid_eq,srs,612,13,87,70,57,100,69,77,11,75,28,6,21,8,34,73,4
grid_eq,srs,613,55,26,89,40,20,84,65,24,8,87,18,19,91,25,7,28
grid_eq,srs,614,99,39,69,55,84,34,65,82,100,26,17,94,81,86,16,41
grid_eq,srs,615,54,37,98,17,60,74,2,72,27,38,90,3,70,19,42,32
grid_eq,srs,616,81,95,38,52,48,43,54,64,85,35,82,79,49,4,9,76
grid_eq,srs,617,78,3,46,82,20,55,31,85,33,95,94,61,66,29,17,71
grid_eq,srs,618,69,14,51,96,57,100,97,25,60,30,59,80,53,79,16,4
grid_eq,srs,619,76,97,66,35,9,92,37,50,21,30,36,100,15,14,23,88
grid_eq,srs,620,70,57,87,62,77,23,69,80,19,27,11,81,66,3,83,76
grid_eq,srs,621,29,34,2,31,10,96,82,7,47,62,20,72,45,51,66,22
grid_eq,srs,622,33,32,74,75,68,65,12,67,57,58,47,43,16,6,18,69
grid_eq,srs,623,78,17,91,97,58,30,65,26,6,14,47,72,4,88,81,79
grid_eq,srs,624,37,91,53,51,64,39,100,12,99,96,3,62,66,5,45,54
grid_eq,srs,625,24,78,65,96,31,25,94,82,7,86,42,59,35,44,47,53
grid_eq,srs,626,71,67,88,51,69,46,10,99,86,4,98,25,45,48,43,3
grid_eq,srs,627,27,94,6,1,26,48,13,66,29,85,39,3,22,16,58,14
grid_eq,srs,628,70,53,76,24,45,29,40,9,51,46,100,64,79,66,34,33
grid_eq,srs,629,96,88,39,65,97,91,89,66,81,98,22,45,48,9,1,11
grid_eq,srs,630,6,75,62,13,36,60,45,90,34,15,52,11,24,57,14,22
grid_eq,srs,631,56,62,26,70,88,48,11,39,16,50,53,92,12,59,100,19
grid_eq,srs,632,17,51,27,15,79,98,65,3,39,74,43,52,61,21,24,91
grid_eq,srs,633,47,93,68,5,26,1,17,39,43,33,38,96,88,22,61,41
grid_eq,srs,634,9,60,24,70,11,81,100,87,88,84,46,5,30,13,75,83
grid_eq,srs,635,45,77,31,97,95,33,17,19,30,98,86,54,66,70,57,41
grid_eq,srs,636,94,93,64,98,79,84,38,75,51,48,33,36,74,37,88,4
grid_eq,srs,637,7,66,76,90,41,25,68,40,65,49,58,12,92,15,4,96
grid_eq,srs,638,100,43,32,85,79,33,91,94,61,44,81,46,37,16,86,25
grid_eq,srs,639,53,84,88,1,54,25,13,55,97,40,68,20,6,67,65,45
grid_eq,srs,640,54,43,47,22,25,30,91,17,74,86,45,65,58,96,41,46
grid_eq,srs,641,59,38,2,70,63,56,7,72,45,67,66,84,19,32,43,12
grid_eq,srs,642,35,76,11,40,4,31,13,50,85,62,74,90,48,5,29,3
grid_eq,srs,643,98,72,85,14,99,78,31,58,89,36,54,51,26,40,39,59
grid_eq,srs,644,65,8,34,6,42,16,35,82,9,48,68,55,43,94,71,83
grid_eq,srs,645,82,6,72,88,41,46,56,92,95,13,79,65,50,40,42,57
grid_eq,srs,646,72,22,75,92,3,11,76,28,32,35,25,87,80,21,83,91
grid_eq,srs,647,84,21,78,92,33,89,25,31,86,17,66,80,12,20,94,98
grid_eq,srs,648,19,13,89,98,42,60,90,8,91,52,48,92,74,94,51,55
grid_eq,srs,649,22,15,27,96,64,47,30,51,86,62,23,59,80,68,69,77
grid_eq,srs,650,46,14,9,31,56,39,90,53,61,7,65,24,83,81,69,37
grid_eq,srs,651,28,19,17,6,95,7,12,35,39,33,87,74,20,73,30,57
grid_eq,srs,652,86,1,90,96,12,40,8,9,52,6,75,77,83,64,36,44
grid_eq,srs,653,26,40,27,11,54,75,34,86,36,19,76,100,48,13,59,58
grid_eq,srs,654,13,31,41,59,12,52,5,1,84,26,91,93,33,6,90,96
grid_eq,srs,655,23,75,28,13,40,3,73,15,95,80,58,9,27,94,79,21
grid_eq,srs,656,45,43,99,42,94,80,4,90,49,19,40,81,79,63,83,51
grid_eq,srs,657,87,9,73,8,97,32,17,38,36,91,30,64,6,43,29,26
grid_eq,srs,658,23,21,61,95,97,49,57,1,58,35,54,19,65,91,90,89
grid_eq,srs,659,21,31,47,70,33,90,80,6,18,36,1,34,39,97,82,3
grid_eq,srs,660,96,55,2,98,35,50,76,60,12,24,94,25,62,47,36,38
grid_eq,srs,661,89,72,31,13,100,45,25,30,57,11,65,91,34,47,21,3
grid_eq,srs,662,20,41,52,9,61,39,38,97,62,80,7,79,49,51,65,6
grid_eq,srs,663,16,94,1,95,44,89,26,40,67,17,42,3,51,27,9,74
grid_eq,srs,664,32,96,14,99,88,42,76,57,24,47,69,84,15,38,80,89
grid_eq,srs,665,76,48,40,44,51,5,55,52,86,33,83,11,32,36,22,54
grid_eq,srs,666,3,83,16,15,46,70,71,58,9,95,24,73,78,87,97,6
grid_eq,srs,667,57,54,59,7,96,65,25,37,69,5,78,22,46,55,71,32
grid_eq,srs,668,65,28,93,41,7,29,60,54,68,36,5,20,14,66,82,99
grid_eq,srs,669,24,86,83,5,37,77,51,20,87,30,97,42,99,16,85,9
grid_eq,srs,670,94,2,79,92,6,60,90,14,4,59,8,71,12,45,44,74
grid_eq,srs,671,64,61,11,93,18,51,71,78,77,16,44,30,84,21,94,35
grid_eq,srs,672,30,92,33,7,75,67,51,94,97,44,85,95,84,25,4,90
grid_eq,srs,673,23,19,89,3,50,78,45,65,36,4,72,5,22,100,90,69
grid_eq,srs,674,51,78,62,71,82,67,70,30,24,12,9,2,43,41,50,81
grid_eq,srs,675,31,42,78,50,48,38,99,87,28,7,96,23,92,67,83,9
grid_eq,srs,676,40,53,6,65,70,25,31,17,19,97,4,64,34,21,61,42
grid_eq,srs,677,26,77,89,45,62,94,23,20,49,78,91,36,88,52,2,22
grid_eq,srs,678,87,69,28,73,59,84,57,15,76,44,78,18,24,62,25,70
grid_eq,srs,679,72,48,70,34,49,55,40,69,10,99,44,84,7,87,39,65
grid_eq,srs,680,95,83,75,20,90,97,27,55,43,12,74,6,34,25,58,14
grid_eq,srs,681,13,72,68,85,70,77,40,84,43,4,73,80,93,41,9,16
grid_eq,srs,682,97,34,8,65,94,43,21,53,37,3,16,67,75,64,22,41
grid_eq,srs,683,10,90,11,95,30,68,65,40,47,98,97,58,41,39,79,48
grid_eq,srs,684,67,94,72,34,73,29,45,63,22,15,43,99,92,36,58,62
grid_eq,srs,685,32,44,60,56,67,40,76,8,93,22,48,100,3,82,27,74
grid_eq,srs,686,4,6,28,89,7,92,51,46,69,19,76,26,11,91,22,34
grid_eq,srs,687,44,24,76,2,29,38,49,51,86,28,80,13,46,59,93,88
grid_eq,srs,688,93,61,84,43,80,23,40,39,83,94,9,48,47,12,63,79
grid_eq,srs,689,28,60,25,59,36,46,80,85,76,74,38,8,65,37,83,58
grid_eq,srs,690,5,95,18,23,96,99,4,72,58,59,3,54,92,44,29,33
grid_eq,srs,691,41,34,67,98,19,24,44,39,70,52,33,84,27,15,26,58
grid_eq,srs,692,100,75,39,56,12,14,28,44,88,15,21,45,71,68,17,82
grid_eq,srs,693,30,95,18,77,26,73,25,45,37,33,32,39,5,38,20,8
grid_eq,srs,694,36,37,41,61,70,78,94,11,23,97,15,45,54,75,99,22
grid_eq,srs,695,95,10,13,39,30,1,41,87,57,61,50,12,42,78,94,33
grid_eq,srs,696,74,60,76,56,2,97,17,14,84,7,1,23,34,19,75,37
grid_eq,srs,697,63,2,96,99,35,5,36,12,70,53,48,9,72,21,54,14
grid_eq,srs,698,18,15,55,22,91,2,28,57,73,53,45,65,52,71,67,44
grid_eq,srs,699,82,73,46,32,77,55,22,62,10,47,59,56,43,17,91,5
grid_eq,srs,700,4,6,27,24,64,100,65,97,33,36,50,81,75,13,11,47
grid_eq,srs,701,26,22,53,47,80,97,72,21,31,88,25,40,36,13,57,42
grid_eq,srs,702,70,6,55,77,21,85,53,60,92,48,97,75,98,100,9,86
grid_eq,srs,703,12,37,95,30,98,43,18,14,87,79,50,27,40,73,55,72
grid_eq,srs,704,52,17,6,36,16,1,69,68,11,91,23,60,28,92,33,70
grid_eq,srs,705,100,91,45,4,15,51,18,77,54,47,12,19,86,29,41,92
grid_eq,srs,706,89,29,70,72,47,53,6,96,58,71,74,91,2,73,61,82
grid_eq,srs,707,42,25,37,31,95,70,84,72,60,85,7,3,61,68,76,8
grid_eq,srs,708,32,80,41,19,95,78,97,46,96,40,28,12,9,10,92,26
grid_eq,srs,709,74,6,18,97,79,80,24,12,68,55,33,35,93,69,22,59
grid_eq,srs,710,3,42,36,27,9,14,39,51,53,6,99,4,52,74,35,10
grid_eq,srs,711,40,25,82,78,18,60,33,7,70,42,22,3,28,14,74,19
grid_eq,srs,712,65,1,56,61,51,5,42,44,95,24,93,90,91,99,45,92
grid_eq,srs,713,86,45,69,36,60,1,47,90,79,21,30,78,23,59,39,65
grid_eq,srs,714,93,36,19,2,27,8,48,16,47,7,37,96,10,17,60,33
grid_eq,srs,715,55,2,7,62,12,57,46,69,100,3,54,30,36,66,50,14
grid_eq,srs,716,68,33,35,47,37,67,94,93,29,48,85,60,15,90,66,88
grid_eq,srs,717,72,53,30,62,78,16,58,57,42,35,76,48,1,47,71,19
grid_eq,srs,718,14,51,20,12,40,21,80,25,73,85,60,65,46,34,37,66
grid_eq,srs,719,90,57,75,34,82,70,25,24,92,76,29,77,71,42,41,50
grid_eq,srs,720,73,53,20,74,43,30,83,14,36,58,76,99,60,24,8,91
grid_eq,srs,721,91,95,35,58,7,53,68,87,29,15,84,32,41,63,11,31
grid_eq,srs,722,96,89,81,75,95,1,13,43,28,2,10,36,66,94,14,60
grid_eq,srs,723,27,39,37,82,68,58,73,70,94,91,88,40,15,30,64,54
grid_eq,srs,724,79,2,78,50,54,70,48,28,89,12,24,88,14,84,7,66
grid_eq,srs,725,34,16,100,2,11,88,42,73,61,69,27,10,17,46,51,3
grid_eq,srs,726,39,70,48,11,22,53,44,29,10,67,56,81,83,36,4,92
grid_eq,srs,727,98,29,33,79,43,2,87,28,97,31,22,82,66,81,1,70
grid_eq,srs,728,98,94,56,79,72,84,99,57,34,18,48,28,87,52,35,50
grid_eq,srs,729,9,2,82,98,34,28,73,33,6,61,40,100,97,23,62,95
grid_eq,srs,730,37,48,45,6,49,30,9,43,16,99,46,93,10,36,88,92
grid_eq,srs,731,64,68,49,83,18,24,38,85,89,14,16,76,84,86,13,96
grid_eq,srs,732,30,80,65,42,54,53,9,16,23,15,2,72,69,73,32,90
grid_eq,srs,733,86,83,85,67,79,20,22,14,73,4,92,35,38,42,95,87
grid_eq,srs,734,25,81,37,100,52,38,35,56,40,93,24,12,16,7,91,34
grid_eq,srs,735,34,72,65,97,13,92,12,27,25,53,33,19,48,15,74,61
grid_eq,srs,736,25,72,27,1,38,85,6,23,44,89,16,45,37,78,61,32
grid_eq,srs,737,83,58,68,56,61,90,16,93,46,85,5,84,39,35,42,70
grid_eq,srs,738,56,17,92,100,51,28,20,65,74,95,55,34,84,47,57,18
grid_eq,srs,739,41,28,3,1,60,40,18,66,95,91,85,59,68,34,57,48
grid_eq,srs,740,28,4,62,73,58,21,63,61,80,94,30,57,34,100,64,19
grid_eq,srs,741,59,6,25,76,69,38,45,31,13,18,52,24,46,41,70,17
grid_eq,srs,742,73,52,77,24,2,5,8,99,13,82,39,51,12,55,33,65
grid_eq,srs,743,22,48,18,54,71,42,82,84,78,77,47,25,32,90,11,33
grid_eq,srs,744,99,62,64,13,65,92,98,10,29,24,57,87,5,96,94,7
grid_eq,srs,745,40,28,43,94,32,84,3,14,30,75,6,24,23,67,44,68
grid_eq,srs,746,53,18,69,12,68,66,14,34,85,99,55,29,71,3,49,26
grid_eq,srs,747,24,28,88,76,20,33,81,86,3,16,79,64,90,18,35,45
grid_eq,srs,748,27,15,43,79,62,59,13,33,48,20,47,24,63,34,65,39
grid_eq,srs,749,86,44,45,4,22,33,82,79,42,74,24,73,11,75,14,56
grid_eq,srs,750,85,55,74,84,37,46,76,18,81,51,47,93,23,78,48,32
grid_eq,srs,751,75,12,58,6,25,30,4,16,20,19,61,33,80,97,28,74
grid_eq,srs,752,87,11,63,1,53,25,69,67,93,75,49,48,89,2,77,42
grid_eq,srs,753,89,20,36,38,66,88,11,37,29,78,31,82,71,33,7,61
grid_eq,srs,754,61,64,20,95,84,80,3,58,60,81,77,39,65,85,19,15
grid_eq,srs,755,42,10,48,54,74,93,77,16,94,13,9,99,19,8,11,65
grid_eq,srs,756,91,28,27,5,97,49,59,47,56,25,79,45,32,77,4,58
grid_eq,srs,757,73,68,60,46,28,25,44,15,54,97,58,8,45,3,92,6
grid_eq,srs,758,37,62,97,31,54,68,39,87,25,29,61,7,40,9,27,91
grid_eq,srs,759,58,11,89,79,31,43,61,35,48,33,62,68,22,9,20,57
grid_eq,srs,760,54,65,22,95,23,28,34,10,56,93,92,24,33,35,12,91
grid_eq,srs,761,21,79,66,10,3,43,50,70,32,29,56,52,59,78,55,80
grid_eq,srs,762,36,33,82,92,67,24,80,88,73,93,78,42,79,45,77,35
grid_eq,srs,763,64,72,76,36,35,5,91,48,73,75,28,55,56,30,68,74
grid_eq,srs,764,76,61,40,26,5,83,60,88,55,75,43,30,14,84,35,81
grid_eq,srs,765,66,35,98,25,73,58,26,22,60,53,99,90,47,15,27,40
grid_eq,srs,766,14,48,98,61,51,91,71,49,78,45,67,83,59,72,99,73
grid_eq,srs,767,42,35,90,88,98,82,25,38,93,72,92,78,89,34,68,71
grid_eq,srs,768,37,62,78,31,71,39,42,3,45,86,53,81,64,34,43,35
grid_eq,srs,769,51,82,56,27,62,78,76,52,46,71,73,79,72,63,66,25
grid_eq,srs,770,44,13,97,91,49,41,5,39,30,77,43,28,98,53,6,92
grid_eq,srs,771,12,4,82,85,42,55,14,70,90,75,57,31,24,3,78,30
grid_eq,srs,772,27,98,19,32,70,10,59,81,72,66,18,51,64,90,8,38
grid_eq,srs,773,89,59,21,12,61,73,35,74,39,43,10,24,26,69,87,64
grid_eq,srs,774,3,82,23,5,63,88,69,54,7,21,75,55,100,14,58,68
grid_eq,srs,775,61,45,75,65,20,17,51,73,54,62,49,37,97,22,93,74
grid_eq,srs,776,97,73,3,74,67,50,39,31,4,22,75,70,96,38,59,30
grid_eq,srs,777,27,61,42,81,87,88,52,37,16,84,54,60,82,2,74,23
grid_eq,srs,778,24,54,44,83,20,27,82,46,17,10,55,45,26,88,68,93
grid_eq,srs,779,5,44,64,89,80,23,53,79,63,74,19,31,98,69,56,12
grid_eq,srs,780,47,66,37,18,5,30,96,99,17,41,43,46,91,94,83,34
grid_eq,srs,781,97,33,45,20,67,62,25,27,91,34,86,87,92,94,53,17
grid_eq,srs,782,88,47,38,2,35,34,80,99,59,54,16,40,36,66,77,97
grid_eq,srs,783,78,63,86,97,55,73,42,1,16,54,32,53,29,70,90,99
grid_eq,srs,784,9,98,44,49,81,64,100,95,71,7,19,51,72,74,5,15
grid_eq,srs,785,52,55,11,62,33,7,85,13,64,87,21,5,49,75,93,38
grid_eq,srs,786,78,88,27,91,17,1,70,99,49,2,18,31,85,73,64,28
grid_eq,srs,787,46,90,79,22,94,39,66,61,25,43,78,12,87,71,65,85
grid_eq,srs,788,93,75,12,36,86,16,54,53,47,59,5,17,64,29,63,77
grid_eq,srs,789,70,31,64,11,27,9,34,6,74,29,71,39,45,5,46,3
grid_eq,srs,790,72,26,41,25,95,60,34,8,75,56,97,4,58,87,91,32
grid_eq,srs,791,71,70,78,93,7,20,6,87,14,9,3,53,88,69,2,95
grid_eq,srs,792,14,78,25,21,41,43,88,39,57,38,56,30,50,37,12,75
grid_eq,srs,793,98,39,45,62,30,99,77,33,75,25,41,32,96,69,66,1
grid_eq,srs,794,15,23,50,19,5,14,92,46,90,36,16,34,84,75,8,61
grid_eq,srs,795,83,68,88,51,65,43,98,13,23,55,24,94,31,70,100,18
grid_eq,srs,796,87,21,1,9,78,65,36,6,30,10,74,41,51,14,73,12
grid_eq,srs,797,95,60,27,17,29,22,24,92,94,28,80,68,40,86,100,7
grid_eq,srs,798,43,40,84,60,44,32,46,36,9,45,71,99,67,80,1,42
grid_eq,srs,799,69,86,32,65,16,93,100,42,31,17,54,96,26,84,79,67
grid_eq,srs,800,36,4,73,35,98,5,10,67,44,75,32,89,27,20,85,69
grid_eq,srs,801,98,48,63,80,95,87,22,33,28,71,26,51,16,62,86,27
grid_eq,srs,802,35,80,3,55,30,26,50,69,11,85,39,100,40,67,19,57
grid_eq,srs,803,29,86,93,45,24,56,64,38,60,19,6,87,59,42,66,21
grid_eq,srs,804,81,37,92,27,83,12,36,15,39,91,24,58,32,28,87,6
grid_eq,srs,805,59,77,68,71,35,56,20,18,39,89,45,30,10,53,66,63
grid_eq,srs,806,74,51,32,85,25,52,64,65,86,21,75,66,34,81,68,9
grid_eq,srs,807,71,58,44,37,20,65,61,55,32,54,38,68,16,9,35,41
grid_eq,srs,808,12,86,90,11,97,13,87,54,88,61,46,36,94,93,35,69
grid_eq,srs,809,28,71,7,1,42,62,19,31,35,26,25,32,63,93,24,98
grid_eq,srs,810,29,3,16,53,42,18,74,93,23,56,79,44,19,77,95,88
grid_eq,srs,811,66,96,61,76,2,55,73,12,7,70,78,32,84,65,88,80
grid_eq,srs,812,87,65,39,78,28,27,31,33,20,51,73,71,93,52,60,12
grid_eq,srs,813,9,34,49,74,90,98,31,25,93,15,82,60,85,75,46,39
grid_eq,srs,814,7,90,96,75,65,4,91,64,25,9,61,40,37,33,63,67
grid_eq,srs,815,81,43,64,26,98,33,35,51,31,14,89,12,34,13,22,83
grid_eq,srs,816,85,34,28,91,57,83,13,26,27,49,58,19,61,35,79,50
grid_eq,srs,817,89,66,36,91,23,38,55,62,56,30,8,96,2,31,83,54
grid_eq,srs,818,88,56,3,34,60,14,93,80,46,62,49,50,69,26,53,97
grid_eq,srs,819,93,25,20,2,73,69,11,42,75,30,51,87,66,58,14,84
grid_eq,srs,820,51,10,23,93,20,83,78,42,55,44,94,37,19,90,100,36
grid_eq,srs,821,87,70,33,61,37,88,41,2,73,62,78,52,26,9,12,22
grid_eq,srs,822,6,87,50,23,77,34,86,64,11,39,70,95,52,60,75,45
grid_eq,srs,823,54,41,76,91,86,57,66,6,23,83,92,51,1,19,21,88
grid_eq,srs,824,21,41,81,40,15,20,25,74,55,3,31,61,70,91,32,68
grid_eq,srs,825,23,2,44,43,38,7,85,3,75,60,72,48,54,81,25,13
grid_eq,srs,826,98,86,79,87,8,3,57,51,91,61,93,72,18,7,62,44
grid_eq,srs,827,89,19,90,70,100,53,79,16,28,98,58,18,23,27,26,2
grid_eq,srs,828,84,78,56,16,38,23,28,3,18,76,12,54,19,40,71,68
grid_eq,srs,829,74,59,77,63,1,97,12,43,11,71,41,10,49,20,53,83
grid_eq,srs,830,62,93,100,26,36,68,82,21,17,27,92,54,98,9,37,4
grid_eq,srs,831,73,13,84,97,54,38,32,31,89,64,90,79,81,39,71,19
grid_eq,srs,832,34,87,17,3,79,29,69,83,16,19,23,35,5,76,67,38
grid_eq,srs,833,3,13,17,85,24,87,12,80,43,52,29,83,26,28,76,63
grid_eq,srs,834,30,76,80,84,67,85,44,37,10,97,56,96,89,38,42,19
grid_eq,srs,835,51,10,1,50,57,39,64,3,58,99,73,23,40,28,54,87
grid_eq,srs,836,35,30,59,3,26,90,78,17,11,97,44,15,8,75,89,10
grid_eq,srs,837,27,68,58,57,75,100,52,55,72,14,48,28,83,19,65,63
grid_eq,srs,838,62,82,85,28,4,29,97,58,5,37,39,86,66,95,56,80
grid_eq,srs,839,50,90,87,99,27,48,20,43,59,35,36,57,15,5,98,85
grid_eq,srs,840,78,13,35,62,92,47,17,59,65,86,69,20,83,94,25,44
grid_eq,srs,841,87,8,13,75,76,37,40,27,83,55,63,48,62,98,33,66
grid_eq,srs,842,99,43,81,40,85,59,53,93,42,56,50,60,94,62,96,39
grid_eq,srs,843,41,5,32,2,55,37,39,47,90,76,92,52,94,50,42,53
grid_eq,srs,844,63,18,73,87,29,23,21,56,24,12,13,26,85,36,75,8
grid_eq,srs,845,53,70,74,60,34,32,39,100,14,64,56,43,98,62,78,87
grid_eq,srs,846,10,59,73,69,41,81,22,17,18,83,82,54,16,79,64,45
grid_eq,srs,847,98,76,2,50,33,15,12,49,63,88,95,47,32,85,79,40
grid_eq,srs,848,90,60,51,21,94,7,63,70,8,3,88,12,92,93,98,86
grid_eq,srs,849,94,38,65,45,7,95,21,30,44,26,92,91,11,27,54,100
grid_eq,srs,850,57,76,26,90,98,87,69,16,27,77,53,1,80,7,28,49
grid_eq,srs,851,30,61,95,8,44,4,3,79,12,16,81,53,14,67,25,97
grid_eq,srs,852,37,66,95,32,15,34,30,47,5,25,79,56,58,22,99,12
grid_eq,srs,853,65,12,76,96,16,28,20,36,30,44,58,6,9,52,21,60
grid_eq,srs,854,21,29,15,53,35,92,7,36,97,31,76,4,20,26,54,60
grid_eq,srs,855,26,4,65,90,57,14,22,67,79,42,54,71,81,49,55,73
grid_eq,srs,856,84,57,69,90,58,89,7,73,71,53,27,66,20,13,5,67
grid_eq,srs,857,54,98,27,38,87,47,20,82,63,81,19,23,90,39,45,16
grid_eq,srs,858,32,93,27,49,60,22,92,59,45,91,6,97,2,85,20,46
grid_eq,srs,859,12,42,61,85,98,60,29,44,31,24,25,86,32,59,5,16
grid_eq,srs,860,95,44,45,38,1,25,37,80,42,34,71,77,24,66,29,20
grid_eq,srs,861,20,95,81,53,13,94,90,99,19,55,27,88,4,16,49,7
grid_eq,srs,862,83,94,49,64,84,10,77,22,92,60,62,73,6,79,98,67
grid_eq,srs,863,48,69,95,66,78,55,64,39,53,81,37,83,45,25,22,29
grid_eq,srs,864,67,92,39,17,6,50,64,99,72,84,57,53,19,55,88,4
grid_eq,srs,865,26,77,98,93,68,67,72,1,5,28,66,63,74,58,78,85
grid_eq,srs,866,50,71,81,77,94,4,63,91,19,14,78,76,25,45,74,67
grid_eq,srs,867,65,62,37,47,96,15,71,31,54,27,87,5,82,84,49,46
grid_eq,srs,868,62,66,23,31,86,88,45,21,39,74,41,91,87,70,77,47
grid_eq,srs,869,51,76,59,99,30,90,50,32,8,5,73,36,74,61,11,48
grid_eq,srs,870,75,73,49,83,66,39,46,80,24,70,98,9,99,89,57,60
grid_eq,srs,871,82,73,74,59,17,12,35,1,49,83,38,37,9,57,84,46
grid_eq,srs,872,45,7,73,25,26,44,57,41,51,95,34,68,94,11,19,80
grid_eq,srs,873,6,23,42,62,4,85,70,8,45,17,79,86,46,80,19,36
grid_eq,srs,874,92,22,40,48,77,60,14,87,79,84,23,86,75,89,42,47
grid_eq,srs,875,62,55,56,8,59,77,26,58,10,44,98,25,36,93,19,79
grid_eq,srs,876,46,20,27,75,16,12,25,50,47,86,5,98,49,56,13,88
grid_eq,srs,877,15,82,100,77,74,98,31,17,47,95,4,88,58,96,41,1
grid_eq,srs,878,6,13,53,81,37,1,56,60,94,84,50,68,27,36,35,46
grid_eq,srs,879,85,45,55,38,60,9,23,18,33,90,13,53,41,27,62,56
grid_eq,srs,880,1,65,99,47,36,22,57,94,98,63,73,64,69,55,78,8
grid_eq,srs,881,30,61,98,97,85,36,15,6,26,13,44,22,54,1,34,50
grid_eq,srs,882,19,11,94,6,70,59,36,2,50,17,98,99,77,4,64,24
grid_eq,srs,883,43,33,45,9,58,84,35,64,97,57,73,82,34,22,56,80
grid_eq,srs,884,46,51,76,12,55,32,16,28,94,49,100,44,52,25,43,19
grid_eq,srs,885,34,91,100,82,60,67,45,79,85,92,37,70,74,57,56,65
grid_eq,srs,886,74,98,92,19,35,64,12,5,17,86,37,29,16,70,20,82
grid_eq,srs,887,3,73,42,33,94,69,44,95,37,5,34,64,9,51,14,86
grid_eq,srs,888,63,97,23,6,85,100,89,30,81,99,74,79,41,77,14,61
grid_eq,srs,889,62,84,45,33,1,92,17,86,88,81,37,42,11,97,72,23
grid_eq,srs,890,23,64,17,56,54,40,50,51,8,30,21,11,26,32,39,33
grid_eq,srs,891,79,50,83,42,94,70,97,14,1,33,21,69,66,23,40,10
grid_eq,srs,892,46,15,44,83,85,68,26,45,25,7,17,89,18,3,57,14
grid_eq,srs,893,14,74,70,24,28,25,1,3,29,19,31,77,55,41,36,47
grid_eq,srs,894,27,7,18,1,40,71,69,50,79,73,13,70,42,55,94,20
grid_eq,srs,895,3,68,75,42,32,46,11,87,15,92,89,16,78,57,55,70
grid_eq,srs,896,67,95,90,36,64,14,26,43,30,40,89,76,61,87,69,12
grid_eq,srs,897,47,28,8,78,34,80,64,77,84,23,46,48,72,16,93,39
grid_eq,srs,898,68,43,3,39,24,47,58,67,5,72,59,57,16,76,49,73
grid_eq,srs,899,67,64,33,28,89,6,77,90,38,65,26,91,25,88,11,60
grid_eq,srs,900,87,96,3,17,83,27,76,30,25,94,44,90,79,92,2,75
grid_eq,srs,901,68,39,10,90,77,62,43,76,38,28,97,73,80,65,9,94
grid_eq,srs,902,23,84,5,25,21,65,28,64,69,73,63,38,74,52,60,61
grid_eq,srs,903,67,20,26,5,39,63,24,100,81,93,84,7,6,85,45,16
grid_eq,srs,904,81,94,21,80,61,49,51,42,43,36,8,84,27,24,37,87
grid_eq,srs,905,26,47,3,93,89,31,74,17,61,15,69,91,59,10,76,63
grid_eq,srs,906,30,46,27,64,15,81,96,76,52,69,68,86,16,29,24,14
grid_eq,srs,907,19,38,52,36,98,80,86,59,56,91,53,84,42,18,41,2
grid_eq,srs,908,56,43,38,73,47,98,34,24,19,58,71,77,78,84,46,63
grid_eq,srs,909,88,68,56,10,81,28,41,58,9,13,76,20,29,53,93,24
grid_eq,srs,910,38,82,16,59,42,49,29,94,45,3,99,92,91,67,98,32
grid_eq,srs,911,10,84,62,37,27,12,87,57,15,76,13,21,64,32,19,20
grid_eq,srs,912,71,23,52,51,60,42,56,39,15,45,53,68,86,58,8,89
grid_eq,srs,913,4,95,41,59,55,96,23,83,62,20,25,18,10,72,43,84
grid_eq,srs,914,34,36,88,51,8,91,96,14,83,58,22,99,37,24,84,71
grid_eq,srs,915,76,24,42,66,36,9,70,91,94,75,13,64,89,59,30,14
grid_eq,srs,916,15,26,30,11,24,90,55,85,95,89,45,43,32,7,64,92
grid_eq,srs,917,90,89,81,1,27,35,6,3,44,14,49,33,95,73,9,63
grid_eq,srs,918,96,54,11,63,73,94,64,77,74,70,51,10,71,44,49,97
grid_eq,srs,919,26,84,54,72,6,49,17,40,94,23,42,81,77,10,67,87
grid_eq,srs,920,5,43,88,30,86,41,84,33,9,12,42,24,87,70,44,3
grid_eq,srs,921,1,26,39,22,67,49,23,73,61,8,58,42,83,59,9,97
grid_eq,srs,922,47,36,92,10,93,84,27,41,85,96,64,73,97,34,55,25
grid_eq,srs,923,7,45,96,15,1,34,40,62,54,99,19,24,74,14,38,73
grid_eq,srs,924,20,95,4,17,81,44,60,90,33,38,64,16,99,68,45,49
grid_eq,srs,925,69,58,45,29,83,16,46,34,85,26,44,6,48,4,99,55
grid_eq,srs,926,48,21,56,73,74,62,18,88,52,64,40,66,27,83,45,71
grid_eq,srs,927,42,38,63,21,88,82,60,3,4,49,56,25,20,68,87,18
grid_eq,srs,928,76,48,74,71,65,84,42,18,95,75,34,67,81,4,55,53
grid_eq,srs,929,62,66,95,27,6,3,80,14,78,73,15,41,51,81,47,54
grid_eq,srs,930,99,63,90,10,82,91,79,47,53,18,5,54,56,2,64,8
grid_eq,srs,931,28,42,49,58,23,76,89,2,37,24,56,92,40,48,35,70
grid_eq,srs,932,70,50,92,52,51,9,73,95,66,74,80,85,62,100,18,21
grid_eq,srs,933,4,62,95,70,81,30,66,71,20,5,63,27,68,53,78,96
grid_eq,srs,934,55,9,11,33,87,91,44,64,20,77,68,43,76,29,38,4
grid_eq,srs,935,58,77,62,26,55,9,37,4,24,16,68,100,75,65,73,88
grid_eq,srs,936,38,32,46,18,63,76,16,75,13,21,42,60,98,8,47,4
grid_eq,srs,937,25,44,14,30,78,36,62,42,21,23,24,8,9,39,79,18
grid_eq,srs,938,67,90,70,74,94,38,16,62,31,39,15,14,53,81,32,42
grid_eq,srs,939,96,83,88,92,71,97,68,23,58,74,42,93,56,100,79,26
grid_eq,srs,940,54,39,91,43,73,5,85,29,77,7,26,32,64,55,51,96
grid_eq,srs,941,60,38,49,7,5,77,28,87,80,15,18,46,69,35,11,34
grid_eq,srs,942,41,43,92,37,82,98,76,49,69,53,35,61,5,7,50,46
grid_eq,srs,943,64,72,38,93,75,39,23,65,86,79,68,33,62,90,57,16
grid_eq,srs,944,91,96,33,30,45,12,29,23,64,5,43,83,14,25,99,19
grid_eq,srs,945,38,100,42,63,79,31,3,58,15,78,53,19,72,20,83,50
grid_eq,srs,946,28,44,37,74,73,94,55,76,66,21,46,53,57,39,99,84
grid_eq,srs,947,46,68,33,89,60,12,8,48,92,24,95,43,91,79,73,71
grid_eq,srs,948,72,98,24,20,54,65,57,76,58,87,40,1,39,15,70,26
grid_eq,srs,949,97,57,92,4,88,14,18,51,3,96,86,66,1,15,13,42
grid_eq,srs,950,89,8,57,36,46,27,21,50,32,1,92,82,86,22,9,95
grid_eq,srs,951,28,90,44,1,3,84,93,73,54,34,49,85,18,97,75,76
grid_eq,srs,952,36,34,91,57,14,37,16,96,23,33,51,41,71,72,80,54
grid_eq,srs,953,34,99,100,57,40,93,45,28,95,23,46,47,66,59,75,42
grid_eq,srs,954,30,43,35,25,2,15,90,20,19,14,87,33,5,82,51,63
grid_eq,srs,955,6,95,90,32,61,14,85,63,54,25,46,36,93,50,80,65
grid_eq,srs,956,28,63,55,30,82,40,8,97,10,16,45,89,52,42,85,6
grid_eq,srs,957,39,59,73,63,4,65,77,60,64,56,72,71,49,55,51,61
grid_eq,srs,958,15,45,5,93,65,61,53,98,70,64,43,79,14,83,37,75
grid_eq,srs,959,18,8,47,6,34,72,27,31,86,42,99,16,19,20,82,17
grid_eq,srs,960,92,42,91,8,38,51,77,98,84,45,87,67,62,76,95,1
grid_eq,srs,961,20,99,68,14,37,44,46,57,94,100,26,21,80,66,23,97
grid_eq,srs,962,45,97,91,22,48,59,90,61,82,55,66,71,28,38,47,44
grid_eq,srs,963,14,85,69,91,35,31,12,63,87,62,44,9,54,7,64,10
grid_eq,srs,964,35,32,9,87,19,53,34,72,70,20,58,25,65,7,81,4
grid_eq,srs,965,36,74,78,96,18,8,95,42,47,57,66,9,93,15,48,3
grid_eq,srs,966,25,19,14,92,56,96,95,98,24,90,82,69,41,1,79,5
grid_eq,srs,967,76,15,71,56,17,31,77,86,64,87,8,18,30,80,90,5
grid_eq,srs,968,72,88,9,32,82,39,29,94,69,17,21,80,67,74,44,49
grid_eq,srs,969,67,39,62,28,73,9,33,53,85,23,97,31,55,83,57,99
grid_eq,srs,970,100,13,50,20,30,66,72,59,79,51,17,36,71,67,15,9
grid_eq,srs,971,47,37,79,25,48,3,50,8,4,85,88,15,26,6,51,60
grid_eq,srs,972,67,75,43,83,55,88,68,18,63,65,37,35,95,74,92,21
grid_eq,srs,973,6,39,61,43,9,89,27,34,2,91,57,17,69,67,8,36
grid_eq,srs,974,6,37,7,81,57,83,78,100,38,65,31,75,12,82,42,25
grid_eq,srs,975,78,85,69,48,67,51,94,36,19,70,86,74,79,84,7,25
grid_eq,srs,976,47,3,31,46,68,37,89,19,35,21,5,60,20,86,54,43
grid_eq,srs,977,39,53,16,99,11,35,5,32,45,67,3,34,57,8,28,20
grid_eq,srs,978,50,91,34,54,90,63,6,1,66,42,85,40,15,81,88,11
grid_eq,srs,979,71,85,49,97,55,56,43,44,35,42,82,73,81,12,1,61
grid_eq,srs,980,66,20,86,33,12,8,55,49,15,63,64,99,39,19,87,67
grid_eq,srs,981,100,29,81,53,79,25,19,21,4,83,45,68,10,52,71,98
grid_eq,srs,982,75,25,58,10,38,66,27,100,65,1,23,72,94,78,81,68
grid_eq,srs,983,56,60,99,51,82,26,100,85,70,31,62,80,97,32,14,29
grid_eq,srs,984,73,69,32,99,28,8,82,7,19,76,59,51,13,48,86,52
grid_eq,srs,985,81,48,13,24,96,3,97,27,55,38,69,95,25,75,33,62
grid_eq,srs,986,17,18,77,83,52,27,1,65,37,88,12,84,57,54,23,71
grid_eq,srs,987,77,1,47,60,17,58,59,72,14,78,51,5,55,25,100,11
grid_eq,srs,988,81,79,8,7,29,40,19,99,61,10,28,57,27,41,100,70
grid_eq,srs,989,33,97,37,85,52,25,31,7,64,38,56,26,43,87,63,47
grid_eq,srs,990,98,23,20,61,2,32,38,58,84,46,11,35,24,21,56,45
grid_eq,srs,991,22,59,43,66,28,49,86,58,80,46,35,32,96,53,52,100
grid_eq,srs,992,5,30,38,12,88,4,62,43,50,53,80,87,68,19,69,59
grid_eq,srs,993,89,69,88,55,49,39,68,48,5,80,53,60,58,73,50,2
grid_eq,srs,994,93,45,43,78,84,61,63,2,30,27,99,17,11,39,38,23
grid_eq,srs,995,86,62,53,32,55,2,81,40,99,30,42,38,22,98,50,23
grid_eq,srs,996,81,52,16,65,23,50,30,71,27,39,66,92,90,13,85,68
grid_eq,srs,997,14,9,39,24,94,76,98,4,54,81,52,34,17,45,97,61
grid_eq,srs,998,26,42,68,83,63,12,7,69,37,71,67,79,54,10,33,84
grid_eq,srs,999,14,44,78,41,5,40,11,82,10,7,60,75,74,32,25,54
grid_eq,srs,1000,75,17,50,52,70,90,47,35,61,86,26,45,40,83,80,53
grid_eq,srs,1001,39,81,84,21,35,20,24,44,27,1,98,97,37,66,4,55
grid_eq,srs,1002,17,82,99,33,90,78,95,13,83,73,76,23,36,91,80,94
grid_eq,srs,1003,8,44,47,80,32,90,65,1,100,14,84,75,87,39,2,57
grid_eq,srs,1004,80,16,96,41,92,81,24,14,13,73,39,75,90,5,44,15
grid_eq,srs,1005,2,26,55,92,7,52,64,6,9,74,78,35,76,8,4,44
grid_eq,srs,1006,81,97,82,43,4,57,36,64,84,27,38,2,39,71,58,41
grid_eq,srs,1007,82,3,22,19,35,83,85,7,26,6,42,55,87,90,38,88
grid_eq,srs,1008,100,51,94,13,81,7,90,45,29,39,93,23,3,87,56,16
grid_eq,srs,1009,91,9,69,95,77,36,74,73,24,51,61,34,53,27,65,47
grid_eq,srs,1010,21,60,63,8,30,87,10,9,12,1,82,50,11,34,31,86
grid_eq,srs,1011,82,37,97,78,3,70,51,5,1,33,73,95,87,55,88,49
grid_eq,srs,1012,98,52,96,4,91,15,22,77,97,58,72,84,37,67,54,56
grid_eq,srs,1013,56,59,23,39,36,45,21,81,30,66,6,11,92,48,20,2
grid_eq,srs,1014,27,52,77,91,24,67,19,88,3,96,74,31,51,86,44,41
grid_eq,srs,1015,18,9,99,45,77,15,19,31,55,27,10,32,25,93,33,29
grid_eq,srs,1016,28,55,63,72,11,32,87,98,57,40,62,1,9,73,71,66
grid_eq,srs,1017,83,57,37,50,58,7,72,42,32,15,26,23,97,84,48,28
grid_eq,srs,1018,57,73,99,53,84,47,55,19,9,3,20,97,74,88,68,58
grid_eq,srs,1019,76,98,84,97,90,75,47,44,52,74,45,62,32,9,23,8
grid_eq,srs,1020,44,73,71,18,4,86,81,67,69,38,85,37,100,95,61,54
grid_eq,srs,1021,98,100,11,8,6,62,41,15,25,64,40,22,48,83,87,38
grid_eq,srs,1022,73,54,69,52,78,42,65,94,37,14,15,98,87,62,8,24
grid_eq,srs,1023,67,65,20,92,68,1,47,6,77,94,93,3,4,37,64,88
grid_eq,srs,1024,49,78,5,63,14,52,48,93,71,45,15,7,69,55,39,17
grid_eq,srs,1025,84,72,50,89,37,1,90,56,70,16,76,32,40,22,12,3
grid_eq,srs,1026,77,47,100,55,31,19,21,29,67,43,38,57,9,76,27,92
grid_eq,srs,1027,12,24,81,8,17,13,28,27,56,20,67,66,74,60,96,86
grid_eq,srs,1028,49,59,64,79,60,94,83,62,90,36,24,30,18,11,68,8
grid_eq,srs,1029,84,97,16,54,36,94,93,77,5,46,95,38,13,35,26,76
grid_eq,srs,1030,47,50,96,85,38,92,19,49,64,94,42,98,68,76,93,89
grid_eq,srs,1031,22,97,36,93,40,38,74,50,57,98,85,77,100,67,44,60
grid_eq,srs,1032,62,36,41,39,70,77,47,30,2,93,84,27,12,25,29,19
grid_eq,srs,1033,10,75,13,31,97,65,70,89,36,25,33,73,67,38,55,88
grid_eq,srs,1034,69,57,97,1,79,82,63,81,84,41,50,26,34,62,58,94
grid_eq,srs,1035,70,50,86,9,93,33,25,32,24,6,71,58,67,4,19,38
grid_eq,srs,1036,8,87,88,52,79,65,20,70,83,55,94,21,39,56,33,23
grid_eq,srs,1037,93,41,56,22,39,89,37,13,45,30,21,67,34,70,63,75
grid_eq,srs,1038,21,33,44,39,26,48,13,81,92,72,8,38,6,61,84,10
grid_eq,srs,1039,12,7,87,70,48,22,79,11,21,96,64,95,85,35,75,61
grid_eq,srs,1040,65,72,34,76,19,66,56,51,14,44,5,16,17,35,37,10
grid_eq,srs,1041,42,98,49,54,93,83,69,30,100,57,48,97,53,55,77,29
grid_eq,srs,1042,48,100,25,94,62,82,16,10,54,84,88,59,29,87,44,13
grid_eq,srs,1043,24,58,27,100,82,23,14,86,33,72,70,59,1,97,43,84
grid_eq,srs,1044,12,99,42,69,18,33,21,90,53,45,58,59,72,3,56,96
grid_eq,srs,1045,14,50,67,13,77,79,17,36,66,89,52,35,80,54,29,70
grid_eq,srs,1046,41,73,86,64,29,19,36,10,52,21,47,26,11,85,58,7
grid_eq,srs,1047,30,89,72,95,45,53,55,29,19,18,96,99,47,34,69,93
grid_eq,srs,1048,90,70,46,52,37,77,43,84,55,21,92,40,38,12,68,85
grid_eq,srs,1049,95,89,81,55,4,13,94,27,48,28,41,79,76,43,71,31
grid_eq,srs,1050,23,25,47,31,83,8,97,7,22,61,79,78,18,62,9,54
grid_eq,srs,1051,20,61,23,53,96,48,42,31,91,35,81,18,6,63,90,75
grid_eq,srs,1052,50,27,70,38,2,65,32,77,84,37,93,29,39,13,6,58
grid_eq,srs,1053,39,54,69,73,30,25,11,38,50,1,20,12,57,97,68,23
grid_eq,srs,1054,44,30,46,95,41,16,49,79,81,64,62,14,11,15,74,54
grid_eq,srs,1055,19,31,95,21,44,97,41,92,7,13,74,26,39,8,30,82
grid_eq,srs,1056,8,52,44,84,35,54,40,39,57,74,64,68,69,80,18,59
grid_eq,srs,1057,59,50,9,6,46,48,80,65,37,4,68,93,94,88,82,85
grid_eq,srs,1058,2,43,54,70,40,59,68,62,94,60,25,61,95,36,44,49
grid_eq,srs,1059,36,53,94,37,60,64,77,73,12,52,92,50,35,44,10,22
grid_eq,srs,1060,9,34,60,65,84,58,1,18,31,30,51,40,41,46,32,12
grid_eq,srs,1061,76,51,27,93,32,73,85,16,40,12,26,17,43,54,33,80
grid_eq,srs,1062,9,38,71,16,32,3,92,2,21,13,15,50,53,17,12,14
grid_eq,srs,1063,36,63,67,41,17,44,95,81,12,70,94,39,23,100,18,16
grid_eq,srs,1064,20,34,46,14,93,43,48,5,92,22,18,88,61,15,85,30
grid_eq,srs,1065,75,48,7,22,30,72,17,60,59,96,50,1,12,58,94,41
grid_eq,srs,1066,42,72,70,10,30,23,71,12,52,4,85,56,78,34,13,40
grid_eq,srs,1067,39,49,77,75,84,89,60,26,92,57,3,83,59,35,16,43
grid_eq,srs,1068,66,18,96,41,67,12,25,26,73,91,24,99,58,23,82,87
grid_eq,srs,1069,11,57,73,33,74,70,72,34,62,79,46,18,83,13,95,56
grid_eq,srs,1070,99,58,68,32,19,34,8,31,69,77,79,73,7,84,5,9
grid_eq,srs,1071,46,37,52,89,69,56,3,82,64,54,85,44,35,72,81,51
grid_eq,srs,1072,15,25,27,20,85,26,87,70,72,67,45,50,39,81,95,94
grid_eq,srs,1073,83,68,47,79,86,90,57,78,42,89,87,4,3,61,25,52
grid_eq,srs,1074,53,75,76,67,62,57,90,56,18,28,84,40,42,3,36,1
grid_eq,srs,1075,50,8,45,4,43,84,63,85,53,55,25,83,7,79,10,52
grid_eq,srs,1076,80,59,76,99,65,44,85,4,41,49,26,63,81,20,24,23
grid_eq,srs,1077,2,78,56,6,88,89,52,66,63,64,29,60,5,92,79,70
grid_eq,srs,1078,32,100,49,27,63,44,41,54,17,62,77,5,26,45,88,65
grid_eq,srs,1079,36,76,82,83,95,28,44,19,40,22,91,42,41,56,46,38
grid_eq,srs,1080,42,43,72,31,51,68,52,21,98,29,48,61,4,35,9,77
grid_eq,srs,1081,41,20,26,72,13,60,4,97,48,32,100,89,38,46,96,64
grid_eq,srs,1082,53,83,65,32,16,13,94,10,2,69,92,4,45,72,52,98
grid_eq,srs,1083,4,59,12,28,10,14,40,97,19,31,34,32,45,62,65,81
grid_eq,srs,1084,37,25,12,28,39,83,95,1,56,100,52,75,97,22,66,55
grid_eq,srs,1085,86,92,7,66,36,13,10,57,27,59,39,93,77,11,9,84
grid_eq,srs,1086,37,87,84,61,28,48,58,47,55,12,3,2,49,79,82,27
grid_eq,srs,1087,78,64,32,42,1,19,25,92,4,6,33,9,7,67,90,61
grid_eq,srs,1088,81,33,91,14,17,99,64,52,78,35,18,9,86,65,67,11
grid_eq,srs,1089,13,83,20,17,18,32,48,15,67,6,58,52,3,98,24,62
grid_eq,srs,1090,32,5,21,1,53,83,65,46,6,10,34,58,94,59,26,63
grid_eq,srs,1091,28,40,95,92,23,49,75,96,30,41,88,97,72,7,33,18
grid_eq,srs,1092,81,68,72,35,91,24,98,69,14,53,89,39,41,23,2,83
grid_eq,srs,1093,2,44,5,4,62,50,54,40,37,61,83,98,80,65,57,87
grid_eq,srs,1094,74,82,26,66,94,57,43,32,9,85,63,81,39,33,67,79
grid_eq,srs,1095,46,63,85,44,89,87,30,53,80,91,83,40,32,36,74,62
grid_eq,srs,1096,13,4,60,40,69,99,26,67,19,53,95,56,37,41,50,22
grid_eq,srs,1097,80,84,67,15,16,58,31,29,85,90,53,7,42,37,50,65
grid_eq,srs,1098,100,34,87,48,35,31,41,4,13,2,39,23,84,28,17,29
grid_eq,srs,1099,82,83,52,65,75,46,62,43,50,24,17,11,47,15,2,88
grid_eq,srs,1100,40,27,84,43,23,92,24,53,44,6,21,10,39,18,65,30
grid_eq,srs,1101,53,21,28,64,93,23,13,62,71,99,60,11,38,19,3,14
grid_eq,srs,1102,55,85,29,24,4,45,36,60,47,8,40,72,41,6,26,70
grid_eq,srs,1103,36,48,76,44,82,14,42,95,54,29,65,83,5,71,66,97
grid_eq,srs,1104,100,24,48,74,87,86,69,28,52,16,92,34,62,54,30,95
grid_eq,srs,1105,90,52,44,37,50,61,32,30,100,77,1,19,79,21,59,9
grid_eq,srs,1106,96,71,39,78,32,50,11,97,46,37,38,20,79,36,88,15
grid_eq,srs,1107,57,93,78,4,82,77,9,5,72,25,3,70,62,10,29,71
grid_eq,srs,1108,58,59,100,37,80,17,64,23,14,81,36,72,32,30,63,89
grid_eq,srs,1109,12,79,76,68,18,13,3,75,80,56,77,48,36,73,14,61
grid_eq,srs,1110,13,72,73,32,86,78,23,5,98,29,19,12,99,38,31,76
grid_eq,srs,1111,70,77,30,7,57,58,11,94,99,68,23,32,34,67,17,52
grid_eq,srs,1112,62,24,84,42,34,46,30,3,11,17,20,37,82,47,100,54
grid_eq,srs,1113,48,53,39,55,40,38,16,85,13,54,62,43,78,37,98,17
grid_eq,srs,1114,45,27,16,100,52,19,44,37,4,72,46,75,3,34,68,54
grid_eq,srs,1115,10,24,71,53,40,6,47,12,59,98,19,7,85,78,51,84
grid_eq,srs,1116,54,34,65,15,16,22,79,10,85,49,99,52,53,78,39,63
grid_eq,srs,1117,25,33,9,51,47,87,27,40,75,69,60,67,55,49,8,23
grid_eq,srs,1118,36,99,41,9,97,21,96,88,66,10,27,49,24,87,42,70
grid_eq,srs,1119,50,55,11,87,45,44,79,100,23,82,32,95,42,7,66,83
grid_eq,srs,1120,40,91,21,35,73,7,28,89,51,23,41,70,14,22,69,93
grid_eq,srs,1121,57,97,41,6,1,98,54,66,28,32,31,68,13,24,9,47
grid_eq,srs,1122,97,66,24,59,1,12,54,50,29,3,23,28,10,6,11,21
grid_eq,srs,1123,97,45,64,23,1,67,44,86,93,42,94,49,17,13,81,40
grid_eq,srs,1124,42,16,94,97,58,12,84,18,69,92,44,30,36,22,59,96
grid_eq,srs,1125,21,82,91,27,96,51,53,54,8,7,13,44,80,17,79,29
grid_eq,srs,1126,47,100,67,80,91,75,56,25,13,29,95,73,57,45,64,70
grid_eq,srs,1127,64,26,79,7,6,62,93,18,94,70,19,15,83,69,55,88
grid_eq,srs,1128,42,67,44,43,11,68,25,41,75,65,86,21,99,74,64,45
grid_eq,srs,1129,67,27,97,14,90,15,58,23,68,63,20,56,88,93,76,92
grid_eq,srs,1130,87,76,21,24,68,15,81,17,100,59,5,23,58,95,3,63
grid_eq,srs,1131,24,75,28,54,69,14,79,33,94,15,43,77,83,40,84,32
grid_eq,srs,1132,3,70,86,9,85,58,79,38,40,68,61,94,21,76,46,54
grid_eq,srs,1133,49,26,17,46,33,8,14,27,84,69,71,54,59,91,15,24
grid_eq,srs,1134,1,90,75,11,36,43,37,72,29,92,73,27,25,45,22,48
grid_eq,srs,1135,12,46,4,61,85,86,42,79,67,21,98,68,75,93,81,35
grid_eq,srs,1136,17,36,72,18,52,69,46,4,23,80,87,1,59,82,68,75
grid_eq,srs,1137,21,99,33,63,39,35,72,19,38,27,93,47,31,2,85,28
grid_eq,srs,1138,71,53,61,60,11,22,89,23,86,81,93,55,79,91,33,26
grid_eq,srs,1139,88,6,85,80,53,81,43,12,22,60,41,7,91,20,14,48
grid_eq,srs,1140,14,12,55,51,93,33,61,46,17,35,28,18,78,21,1,6
grid_eq,srs,1141,40,56,59,63,52,70,55,69,36,37,71,78,65,60,83,93
grid_eq,srs,1142,65,40,35,53,42,26,80,79,95,24,28,45,17,57,91,31
grid_eq,srs,1143,89,24,38,31,9,19,50,55,44,39,26,70,5,80,82,15
grid_eq,srs,1144,65,26,96,50,23,67,89,12,42,58,15,54,86,22,3,99
grid_eq,srs,1145,89,59,86,37,64,82,72,62,4,12,18,8,44,51,40,61
grid_eq,srs,1146,48,37,34,59,60,14,70,64,47,33,67,19,35,86,98,77
grid_eq,srs,1147,48,43,53,10,82,58,60,74,65,51,85,21,1,91,80,37
grid_eq,srs,1148,10,9,62,41,74,45,72,100,49,82,31,80,3,35,21,96
grid_eq,srs,1149,24,59,48,36,34,21,2,14,66,61,90,64,47,11,33,18
grid_eq,srs,1150,41,44,29,36,82,64,69,54,89,49,93,3,99,86,85,74
grid_eq,srs,1151,79,29,12,37,94,87,91,9,21,65,86,90,62,69,35,73
grid_eq,srs,1152,5,59,73,13,21,34,14,84,80,18,58,71,30,12,37,22
grid_eq,srs,1153,99,59,70,45,77,34,14,17,24,38,67,43,100,42,69,8
grid_eq,srs,1154,72,68,75,32,31,53,23,46,78,55,58,49,34,8,61,88
grid_eq,srs,1155,80,95,58,40,59,65,70,26,31,96,73,81,91,42,28,43
grid_eq,srs,1156,44,10,18,100,68,34,21,86,51,26,32,71,59,25,54,73
grid_eq,srs,1157,42,97,91,51,44,11,78,52,85,46,34,39,31,2,63,29
grid_eq,srs,1158,6,94,87,96,70,48,39,57,54,68,99,74,91,18,15,89
grid_eq,srs,1159,13,53,84,72,11,25,39,27,43,16,69,85,77,38,96,37
grid_eq,srs,1160,36,26,93,17,43,60,75,41,67,44,78,97,13,54,71,38
grid_eq,srs,1161,20,100,59,7,84,98,65,40,68,77,17,99,22,23,24,74
grid_eq,srs,1162,84,13,70,41,40,9,62,30,50,93,4,73,52,96,11,58
grid_eq,srs,1163,43,6,20,7,4,13,28,100,56,49,38,70,75,52,16,8
grid_eq,srs,1164,37,41,85,73,88,13,4,91,82,22,63,77,18,46,69,48
grid_eq,srs,1165,55,59,17,98,4,42,23,90,56,57,69,96,78,94,28,31
grid_eq,srs,1166,48,35,47,82,43,81,38,16,54,5,100,18,39,8,56,3
grid_eq,srs,1167,28,50,82,89,31,83,97,79,6,53,94,92,100,17,19,64
grid_eq,srs,1168,67,29,98,96,93,32,18,94,69,45,68,99,7,43,60,8
grid_eq,srs,1169,20,7,37,72,100,58,46,48,93,35,44,45,62,12,74,17
grid_eq,srs,1170,51,50,14,81,21,3,40,74,16,11,17,24,6,37,20,87
grid_eq,srs,1171,53,73,26,70,43,55,97,16,9,6,95,35,2,96,12,82
grid_eq,srs,1172,78,71,58,62,21,44,27,79,60,34,29,30,11,35,32,99
grid_eq,srs,1173,36,83,74,66,10,18,20,97,91,60,5,67,45,50,82,9
grid_eq,srs,1174,55,45,43,61,57,39,76,19,35,18,85,67,64,25,65,13
grid_eq,srs,1175,39,87,96,5,2,92,50,16,90,23,93,79,42,78,1,30
grid_eq,srs,1176,66,11,50,88,80,79,22,28,62,92,60,51,16,84,25,87
grid_eq,srs,1177,30,73,90,63,33,71,31,100,42,78,76,28,25,52,9,45
grid_eq,srs,1178,2,29,4,88,12,75,41,60,74,99,24,23,78,55,49,6
grid_eq,srs,1179,85,8,33,19,93,15,18,23,60,6,89,63,35,48,88,13
grid_eq,srs,1180,49,64,36,38,82,59,99,9,33,37,16,92,93,97,53,23
grid_eq,srs,1181,81,22,57,12,44,30,39,68,1,17,27,3,10,88,43,19
grid_eq,srs,1182,5,20,61,68,83,96,76,23,46,57,27,67,11,21,4,89
grid_eq,srs,1183,11,43,7,69,8,61,58,38,1,48,94,64,4,14,63,91
grid_eq,srs,1184,79,88,83,92,15,5,64,20,87,89,8,34,85,52,66,32
grid_eq,srs,1185,88,94,53,11,26,23,59,21,10,38,27,41,13,89,57,25
grid_eq,srs,1186,99,100,47,94,70,86,41,65,90,92,78,69,24,76,19,82
grid_eq,srs,1187,44,37,34,12,1,78,46,24,92,6,17,53,73,21,39,31
grid_eq,srs,1188,28,2,1,21,25,41,63,27,73,90,64,4,30,97,61,18
grid_eq,srs,1189,99,74,11,14,19,97,20,15,47,69,98,5,38,43,22,32
grid_eq,srs,1190,47,73,56,91,43,23,1,89,34,94,87,6,93,25,21,98
grid_eq,srs,1191,50,36,70,17,7,30,49,1,26,44,43,20,60,99,93,53
grid_eq,srs,1192,85,91,70,29,17,33,96,92,35,80,82,55,41,24,32,75
grid_eq,srs,1193,1,68,75,16,66,4,76,77,72,45,80,84,74,54,33,48
grid_eq,srs,1194,57,80,31,12,53,61,88,89,94,99,67,1,26,55,93,66
grid_eq,srs,1195,16,35,62,30,63,48,90,86,3,73,7,29,66,55,54,83
grid_eq,srs,1196,45,4,35,18,31,95,88,58,73,85,32,91,44,90,25,100
grid_eq,srs,1197,76,85,70,24,61,65,89,63,8,28,27,56,62,49,1,21
grid_eq,srs,1198,44,24,78,69,41,13,2,8,39,46,94,80,37,75,22,51
grid_eq,srs,1199,47,46,67,24,19,85,58,4,61,51,50,78,48,60,53,54
grid_eq,srs,1200,62,24,94,56,7,27,79,78,58,87,35,92,57,23,70,5
grid_eq,srs,1201,93,54,10,45,16,78,74,75,6,68,81,66,44,89,29,50
grid_eq,srs,1202,14,55,71,31,42,43,68,32,85,56,73,6,17,21,89,51
grid_eq,srs,1203,94,32,67,3,88,12,4,95,50,43,40,74,38,53,14,97
grid_eq,srs,1204,11,76,89,75,43,70,55,44,13,51,24,59,54,38,39,93
grid_eq,srs,1205,17,75,65,88,35,9,40,82,28,45,67,55,27,99,48,83
grid_eq,srs,1206,64,58,23,42,85,9,1,14,30,56,47,2,54,35,78,73
grid_eq,srs,1207,47,52,100,74,25,86,34,39,94,98,10,19,82,76,65,80
grid_eq,srs,1208,28,98,34,30,4,32,100,58,89,39,12,57,55,74,96,93
grid_eq,srs,1209,20,23,39,93,91,61,54,21,25,49,8,59,94,57,89,27
grid_eq,srs,1210,75,78,58,56,9,14,16,7,23,52,80,59,15,6,77,29
grid_eq,srs,1211,58,28,45,60,19,55,47,8,31,71,72,11,32,1,30,98
grid_eq,srs,1212,93,32,55,41,99,44,85,49,18,58,91,26,53,13,33,59
grid_eq,srs,1213,87,19,20,70,1,22,74,75,13,17,26,55,98,65,86,8
grid_eq,srs,1214,87,49,39,47,52,41,90,71,83,5,21,19,92,97,84,34
grid_eq,srs,1215,46,4,35,91,98,33,71,89,2,54,79,74,29,65,60,93
grid_eq,srs,1216,58,99,47,8,14,32,64,23,65,83,25,26,93,78,11,84
grid_eq,srs,1217,98,18,100,66,16,21,4,50,64,65,78,67,63,54,74,60
grid_eq,srs,1218,48,100,40,65,56,27,55,59,3,69,76,30,66,16,84,99
grid_eq,srs,1219,38,23,71,48,78,40,29,68,84,67,61,87,58,32,47,46
grid_eq,srs,1220,80,73,82,51,57,90,58,3,39,38,79,76,12,89,1,7
grid_eq,srs,1221,69,21,24,45,47,57,23,73,63,62,27,12,87,80,86,51
grid_eq,srs,1222,75,23,37,34,57,26,77,83,38,28,27,35,52,50,100,45
grid_eq,srs,1223,69,84,11,77,9,28,81,37,5,49,46,6,59,89,52,34
grid_eq,srs,1224,47,51,18,87,48,94,86,69,33,17,97,42,45,27,80,61
grid_eq,srs,1225,88,81,38,39,33,17,42,56,96,28,89,37,4,26,78,23
grid_eq,srs,1226,5,38,56,70,74,45,86,58,66,90,18,91,79,11,48,54
grid_eq,srs,1227,41,94,54,99,73,91,30,97,85,36,18,12,65,14,96,58
grid_eq,srs,1228,49,78,39,44,21,83,94,86,9,13,77,71,76,31,91,16
grid_eq,srs,1229,60,65,14,62,49,73,95,55,17,12,89,85,74,91,64,5
grid_eq,srs,1230,32,11,60,68,93,38,67,57,69,24,42,76,95,71,65,46
grid_eq,srs,1231,69,93,61,30,8,2,9,90,7,57,16,92,55,44,53,45
grid_eq,srs,1232,32,92,67,11,50,37,3,94,35,61,19,85,44,39,77,55
grid_eq,srs,1233,48,94,49,44,24,47,19,82,96,97,59,37,15,11,31,35
grid_eq,srs,1234,40,35,14,99,13,71,26,82,31,15,100,92,45,74,12,93
grid_eq,srs,1235,75,56,61,55,76,87,84,32,85,24,99,40,5,88,71,23
grid_eq,srs,1236,66,34,97,33,81,1,22,60,64,63,26,80,32,52,51,73
grid_eq,srs,1237,23,31,43,61,35,70,89,40,97,30,36,47,32,17,53,56
grid_eq,srs,1238,31,40,35,91,46,27,23,29,80,6,100,26,62,41,15,2
grid_eq,srs,1239,34,17,50,79,18,33,48,15,65,70,23,27,21,52,67,89
grid_eq,srs,1240,54,65,45,91,95,33,28,24,38,99,19,100,96,93,60,37
grid_eq,srs,1241,44,80,14,75,13,24,46,61,68,32,9,23,5,43,60,41
grid_eq,srs,1242,26,88,9,72,77,47,99,76,35,54,13,49,25,70,15,83
grid_eq,srs,1243,13,31,65,16,1,26,81,93,3,86,61,100,97,33,63,57
grid_eq,srs,1244,46,68,62,65,96,24,82,99,22,89,38,35,28,42,100,69
grid_eq,srs,1245,56,73,1,62,100,89,40,26,12,79,27,61,29,88,63,41
grid_eq,srs,1246,5,38,100,53,26,78,43,93,61,97,48,88,41,40,39,20
grid_eq,srs,1247,52,4,39,85,26,86,18,44,31,91,51,78,77,40,100,60
grid_eq,srs,1248,52,2,18,93,60,29,85,24,56,59,99,38,4,1,39,70
grid_eq,srs,1249,30,21,73,83,79,32,55,96,15,27,7,40,39,3,2,29
grid_eq,srs,1250,13,74,6,96,77,70,66,80,38,12,50,93,95,83,75,99
grid_eq,srs,1251,62,10,61,11,22,33,89,100,68,49,78,56,52,57,93,94
grid_eq,srs,1252,49,72,32,14,1,95,5,26,10,35,8,27,93,40,61,41
grid_eq,srs,1253,92,49,86,72,62,70,22,94,56,12,91,1,53,48,34,98
grid_eq,srs,1254,70,96,50,100,33,69,63,2,62,37,35,40,22,5,60,45
grid_eq,srs,1255,27,82,8,29,89,98,83,33,60,47,59,6,52,3,93,96
grid_eq,srs,1256,9,64,10,81,16,52,67,38,4,77,93,83,8,20,66,49
grid_eq,srs,1257,27,22,75,30,36,51,21,99,83,61,74,91,31,76,60,52
grid_eq,srs,1258,41,89,57,25,46,55,2,53,65,4,27,28,22,48,72,12
grid_eq,srs,1259,13,52,56,57,6,19,46,87,55,34,11,93,33,66,54,98
grid_eq,srs,1260,81,29,70,84,82,53,24,79,37,54,85,67,71,40,27,87
grid_eq,srs,1261,42,7,10,92,22,81,3,17,91,41,80,52,32,66,39,46
grid_eq,srs,1262,96,70,47,27,97,79,78,29,32,59,5,22,91,93,13,14
grid_eq,srs,1263,40,5,89,34,97,63,77,7,24,95,80,87,79,49,88,43
grid_eq,srs,1264,56,27,74,88,5,2,68,70,79,42,72,71,49,98,66,64
grid_eq,srs,1265,73,26,11,29,80,67,53,75,69,63,49,36,47,100,81,45
grid_eq,srs,1266,22,2,27,90,39,8,84,36,97,28,81,19,91,83,75,98
grid_eq,srs,1267,80,43,71,45,27,4,10,39,72,63,40,68,65,13,100,86
grid_eq,srs,1268,24,50,21,99,66,44,29,98,64,22,94,7,92,41,68,23
grid_eq,srs,1269,47,98,38,83,34,84,20,2,32,14,27,59,45,73,44,36
grid_eq,srs,1270,37,79,36,33,23,59,95,10,40,89,34,63,75,28,52,32
grid_eq,srs,1271,50,39,5,98,67,81,13,72,84,73,6,27,74,38,47,91
grid_eq,srs,1272,21,7,20,39,47,66,63,9,18,60,71,73,56,74,8,75
grid_eq,srs,1273,39,67,93,64,76,60,99,12,13,87,96,48,89,82,34,75
grid_eq,srs,1274,11,46,19,22,13,35,62,24,71,89,52,10,67,30,17,34
grid_eq,srs,1275,16,52,2,1,50,99,18,75,71,27,5,63,57,9,36,73
grid_eq,srs,1276,68,53,60,96,76,18,29,1,22,52,79,77,25,67,90,54
grid_eq,srs,1277,35,38,37,85,25,75,23,36,90,3,14,99,78,66,73,26
grid_eq,srs,1278,50,17,52,68,57,73,21,87,95,11,24,7,34,63,64,36
grid_eq,srs,1279,56,25,52,38,37,69,50,40,30,41,70,81,36,47,53,62
grid_eq,srs,1280,78,57,49,44,39,20,91,56,7,25,30,36,28,62,67,46
grid_eq,srs,1281,63,15,38,89,83,46,55,8,30,49,12,17,87,11,16,58
grid_eq,srs,1282,84,81,38,61,70,45,39,80,33,2,87,85,54,1,69,7
grid_eq,srs,1283,52,37,39,7,19,97,31,11,17,60,77,61,95,5,42,48
grid_eq,srs,1284,23,26,27,40,90,24,45,18,43,95,41,35,57,51,8,89
grid_eq,srs,1285,18,11,84,7,9,60,95,83,68,38,15,74,8,32,33,30
grid_eq,srs,1286,32,67,96,49,57,77,91,100,2,8,36,92,25,76,34,7
grid_eq,srs,1287,41,7,65,45,52,14,23,70,66,15,30,5,82,86,1,59
grid_eq,srs,1288,15,12,100,37,77,41,27,52,50,18,92,97,40,35,8,46
grid_eq,srs,1289,5,77,51,24,73,93,27,59,75,68,38,7,14,15,41,65
grid_eq,srs,1290,48,85,3,97,53,35,36,43,67,25,11,94,26,15,19,81
grid_eq,srs,1291,78,3,81,44,70,48,21,22,66,57,88,58,11,36,95,71
grid_eq,srs,1292,19,72,67,35,85,1,34,52,50,58,16,26,74,28,37,48
grid_eq,srs,1293,93,24,86,76,98,92,70,66,62,46,71,41,34,21,89,37
grid_eq,srs,1294,49,80,59,42,23,10,31,85,94,14,61,81,13,89,45,17
grid_eq,srs,1295,73,53,67,44,60,30,26,68,71,39,5,22,99,59,80,78
grid_eq,srs,1296,6,4,8,14,87,40,32,38,83,75,30,35,54,48,80,34
grid_eq,srs,1297,34,15,45,77,75,97,2,32,89,36,58,42,99,71,7,84
grid_eq,srs,1298,21,93,50,24,22,51,90,91,89,86,26,40,42,45,36,64
grid_eq,srs,1299,74,87,60,100,68,29,59,25,62,90,32,31,11,23,71,41
grid_eq,srs,1300,29,39,67,92,65,54,55,16,13,32,100,10,31,85,88,74
grid_eq,srs,1301,48,65,87,22,23,89,61,7,3,79,10,35,19,38,97,24
grid_eq,srs,1302,1,50,90,87,38,71,16,22,6,4,2,92,96,37,63,18
grid_eq,srs,1303,18,19,9,60,80,7,25,48,24,69,90,87,13,58,56,33
grid_eq,srs,1304,55,42,49,29,20,90,92,46,48,79,4,24,85,33,96,73
grid_eq,srs,1305,53,95,54,74,46,76,41,67,9,93,42,3,71,77,2,23
grid_eq,srs,1306,43,24,72,23,88,82,22,70,98,73,40,84,100,65,74,3
grid_eq,srs,1307,35,44,67,19,93,92,63,71,82,49,48,31,79,62,57,10
grid_eq,srs,1308,51,57,77,9,27,64,91,44,79,4,49,50,1,22,2,40
grid_eq,srs,1309,79,47,73,100,39,38,11,1,49,33,68,64,94,98,20,78
grid_eq,srs,1310,30,73,28,95,47,33,61,69,53,77,82,63,20,9,86,44
grid_eq,srs,1311,29,64,93,88,92,91,17,55,3,14,26,19,35,78,24,4
grid_eq,srs,1312,15,62,98,57,48,30,9,58,51,13,2,41,11,92,55,91
grid_eq,srs,1313,83,86,40,88,61,51,25,38,97,21,92,58,22,67,2,1
grid_eq,srs,1314,9,39,20,55,26,65,83,28,68,54,4,89,98,10,84,13
grid_eq,srs,1315,61,8,70,25,66,98,90,93,54,49,38,96,59,79,55,39
grid_eq,srs,1316,45,82,43,24,68,9,1,33,40,53,93,89,47,34,81,14
grid_eq,srs,1317,8,89,16,24,91,51,6,54,74,10,62,9,100,13,20,76
grid_eq,srs,1318,29,53,70,57,19,81,16,15,1,13,50,23,48,89,63,92
grid_eq,srs,1319,49,2,96,20,10,53,70,28,1,46,66,91,94,26,76,86
grid_eq,srs,1320,88,47,19,93,30,59,72,41,89,57,3,84,36,31,23,68
grid_eq,srs,1321,55,18,57,40,26,33,77,56,75,42,43,47,63,29,7,19
grid_eq,srs,1322,31,72,5,13,69,67,45,44,38,79,17,3,33,75,94,22
grid_eq,srs,1323,61,5,64,29,47,6,58,15,85,57,94,41,40,2,44,75
grid_eq,srs,1324,74,15,73,7,99,53,31,77,59,17,76,35,14,2,49,46
grid_eq,srs,1325,23,27,67,52,82,12,70,37,86,18,1,22,56,42,75,31
grid_eq,srs,1326,30,10,100,57,50,99,29,74,59,67,93,81,77,78,65,25
grid_eq,srs,1327,66,18,7,11,5,44,13,65,54,67,53,23,29,26,70,25
grid_eq,srs,1328,74,15,40,20,96,17,22,57,89,44,30,5,41,46,11,6
grid_eq,srs,1329,12,18,55,62,22,15,30,80,1,48,3,77,20,9,42,75
grid_eq,srs,1330,91,70,14,10,68,90,73,80,41,22,27,23,9,4,29,53
grid_eq,srs,1331,66,83,23,99,22,12,18,7,85,6,89,49,82,64,19,15
grid_eq,srs,1332,97,12,85,81,19,88,4,93,6,77,58,55,86,32,65,75
grid_eq,srs,1333,59,38,86,5,31,87,8,76,36,61,53,78,80,39,25,18
grid_eq,srs,1334,72,66,29,75,64,7,63,92,73,11,97,91,18,2,60,84
grid_eq,srs,1335,56,25,76,88,21,1,32,95,11,36,72,97,58,35,62,79
grid_eq,srs,1336,61,94,5,79,1,69,57,73,98,11,75,80,13,45,92,74
grid_eq,srs,1337,65,87,12,28,100,47,23,10,37,74,53,29,58,78,82,85
grid_eq,srs,1338,23,85,99,45,77,38,35,2,60,79,83,7,84,69,16,72
grid_eq,srs,1339,32,23,87,93,22,75,15,98,38,7,36,37,70,51,29,43
grid_eq,srs,1340,14,73,34,7,24,26,40,64,100,61,51,91,39,75,84,82
grid_eq,srs,1341,17,36,29,32,50,79,38,45,43,40,14,30,66,70,97,76
grid_eq,srs,1342,71,88,83,24,11,28,90,94,74,93,23,67,16,65,97,78
grid_eq,srs,1343,97,24,55,11,35,93,87,67,26,6,42,29,31,71,83,10
grid_eq,srs,1344,41,43,39,42,27,29,10,63,70,74,92,75,96,93,88,16
grid_eq,srs,1345,17,56,25,47,45,65,48,36,53,95,80,78,19,60,89,12
grid_eq,srs,1346,43,47,73,100,45,15,84,36,96,76,79,66,56,40,82,23
grid_eq,srs,1347,39,35,60,46,93,59,90,63,67,33,62,100,78,29,7,69
grid_eq,srs,1348,15,23,27,47,26,9,65,35,69,6,81,56,46,85,88,55
grid_eq,srs,1349,31,34,75,45,11,2,69,7,51,9,49,73,25,60,77,100
grid_eq,srs,1350,19,60,31,75,73,27,94,39,52,45,74,5,71,48,78,55
grid_eq,srs,1351,12,10,15,91,17,62,43,37,24,85,97,65,67,52,50,14
grid_eq,srs,1352,37,50,68,100,30,18,15,34,43,42,57,64,96,38,40,19
grid_eq,srs,1353,38,22,20,79,46,78,96,82,53,10,17,80,63,16,76,23
grid_eq,srs,1354,31,65,3,79,43,92,70,90,55,97,68,40,22,17,10,82
grid_eq,srs,1355,20,93,91,96,12,88,32,21,40,72,24,16,7,76,67,66
grid_eq,srs,1356,89,43,76,33,91,83,22,98,15,51,18,50,41,90,80,59
grid_eq,srs,1357,71,9,79,5,37,94,43,63,62,15,16,82,46,8,80,54
grid_eq,srs,1358,14,21,52,80,75,13,16,63,55,42,4,37,99,11,3,50
grid_eq,srs,1359,36,57,76,15,82,52,3,83,97,68,80,8,11,79,33,22
grid_eq,srs,1360,15,19,14,74,75,38,29,93,68,30,48,28,57,40,47,98
grid_eq,srs,1361,15,1,52,66,56,42,13,75,25,39,36,44,59,79,18,58
grid_eq,srs,1362,65,19,84,12,7,9,100,78,79,42,14,58,48,35,99,86
grid_eq,srs,1363,38,57,6,64,43,46,67,93,29,41,99,82,80,17,44,74
grid_eq,srs,1364,91,62,20,88,76,36,15,56,63,73,98,13,83,68,24,65
grid_eq,srs,1365,82,22,78,57,38,81,98,97,6,58,83,35,54,52,34,55
grid_eq,srs,1366,6,95,44,12,65,45,84,28,27,73,85,50,23,47,46,39
grid_eq,srs,1367,79,91,7,92,57,81,87,3,54,64,30,34,58,35,95,90
grid_eq,srs,1368,90,29,46,22,52,93,15,53,82,72,78,95,49,100,14,67
grid_eq,srs,1369,88,99,79,84,93,44,76,80,12,48,75,73,31,64,30,63
grid_eq,srs,1370,76,96,46,54,19,69,88,52,61,42,2,70,39,15,23,71
grid_eq,srs,1371,8,94,39,100,96,92,20,18,81,13,10,52,80,70,22,48
grid_eq,srs,1372,54,92,100,71,69,6,8,50,56,83,62,33,32,61,18,59
grid_eq,srs,1373,65,53,67,22,50,37,27,5,94,11,28,4,43,70,54,18
grid_eq,srs,1374,50,8,11,17,43,69,100,15,95,77,30,23,93,52,87,38
grid_eq,srs,1375,88,66,44,51,60,47,78,28,21,19,68,100,39,34,24,93
grid_eq,srs,1376,87,92,3,49,82,20,84,72,83,30,14,58,65,4,12,74
grid_eq,srs,1377,21,26,61,15,76,67,5,84,42,57,83,97,77,4,88,12
grid_eq,srs,1378,76,100,31,80,21,97,78,2,7,85,40,48,92,66,70,58
grid_eq,srs,1379,11,5,8,47,91,68,14,58,17,3,71,87,53,4,88,43
grid_eq,srs,1380,56,10,8,83,53,35,64,44,78,76,14,15,74,94,84,62
grid_eq,srs,1381,16,10,30,84,55,87,53,39,86,74,51,5,24,28,65,52
grid_eq,srs,1382,83,49,98,88,26,16,57,96,67,37,21,5,100,15,25,58
grid_eq,srs,1383,64,37,20,98,28,6,84,91,38,1,22,65,51,8,87,82
grid_eq,srs,1384,89,80,13,97,57,92,84,24,42,2,35,55,46,95,37,50
grid_eq,srs,1385,4,56,29,12,57,16,13,80,81,1,26,43,76,51,90,60
grid_eq,srs,1386,34,1,11,88,71,75,89,95,46,68,97,7,61,29,21,69
grid_eq,srs,1387,86,52,45,42,47,100,84,31,32,76,25,91,72,65,41,34
grid_eq,srs,1388,60,51,49,77,29,33,13,63,98,50,5,39,38,37,79,54
grid_eq,srs,1389,56,22,40,91,79,31,1,95,42,97,62,46,63,61,94,78
grid_eq,srs,1390,99,43,84,3,55,70,11,88,87,24,81,44,19,1,41,28
grid_eq,srs,1391,4,85,88,56,36,20,100,34,49,5,26,31,43,9,42,76
grid_eq,srs,1392,90,15,80,54,68,6,43,94,14,36,18,70,62,83,38,76
grid_eq,srs,1393,55,71,45,91,92,33,68,98,1,62,48,52,61,82,29,43
grid_eq,srs,1394,28,55,17,83,84,11,12,67,66,26,14,69,59,80,39,35
grid_eq,srs,1395,53,79,33,3,60,73,94,47,19,9,17,5,89,78,83,74
grid_eq,srs,1396,12,86,8,29,71,47,79,84,17,62,30,36,99,9,100,49
grid_eq,srs,1397,69,71,18,94,68,32,29,65,66,6,22,50,76,7,19,26
grid_eq,srs,1398,18,43,96,21,73,86,82,74,68,42,10,37,1,45,27,39
grid_eq,srs,1399,94,93,18,27,39,11,8,41,65,19,99,37,12,47,30,45
grid_eq,srs,1400,39,87,80,7,21,14,78,42,49,95,99,75,96,11,63,76
grid_eq,srs,1401,55,96,16,59,84,43,75,67,40,24,86,25,20,11,2,12
grid_eq,srs,1402,66,86,19,85,11,88,47,54,97,65,6,1,44,62,96,49
grid_eq,srs,1403,3,94,38,69,42,56,27,61,79,64,67,81,57,6,33,26
grid_eq,srs,1404,22,50,47,89,37,99,44,13,46,33,5,14,3,97,32,67
grid_eq,srs,1405,66,65,35,87,53,90,15,57,89,56,48,72,27,5,9,13
grid_eq,srs,1406,8,85,3,43,6,33,31,78,26,15,55,13,57,47,52,62
grid_eq,srs,1407,77,48,93,57,44,27,20,61,7,83,1,58,96,70,10,3
grid_eq,srs,1408,52,34,56,53,62,81,43,64,57,94,87,97,36,79,16,4
grid_eq,srs,1409,26,15,63,60,83,22,55,48,46,7,49,69,89,47,94,79
grid_eq,srs,1410,56,37,34,39,32,53,90,24,83,10,99,44,87,100,16,35
grid_eq,srs,1411,18,80,57,41,37,8,86,63,82,43,25,15,17,56,67,40
grid_eq,srs,1412,69,16,85,25,1,57,50,98,81,14,95,67,46,87,36,96
grid_eq,srs,1413,1,61,57,94,56,91,60,22,53,28,33,92,48,65,89,30
grid_eq,srs,1414,44,37,30,70,56,94,4,83,17,93,76,22,6,41,51,39
grid_eq,srs,1415,10,37,42,50,80,39,5,14,30,55,45,47,9,27,79,25
grid_eq,srs,1416,27,14,10,7,5,49,43,79,41,32,24,22,50,68,83,64
grid_eq,srs,1417,5,22,16,25,60,90,57,100,2,33,7,41,96,78,19,75
grid_eq,srs,1418,79,8,41,49,32,48,77,54,4,90,95,76,63,64,11,14
grid_eq,srs,1419,52,43,2,93,5,11,1,55,32,86,38,14,36,95,37,53
grid_eq,srs,1420,62,13,67,94,16,51,35,2,79,48,23,32,68,55,6,65
grid_eq,srs,1421,72,64,38,29,79,18,39,95,9,21,86,46,1,92,5,28
grid_eq,srs,1422,47,73,2,79,35,15,57,17,77,80,5,82,53,72,91,52
grid_eq,srs,1423,63,97,39,7,58,77,35,46,9,61,16,28,17,100,36,27
grid_eq,srs,1424,81,35,46,23,66,3,20,47,40,19,13,92,15,100,39,14
grid_eq,srs,1425,71,40,56,25,5,72,79,42,80,54,26,96,65,1,81,6
grid_eq,srs,1426,32,49,93,39,79,13,72,43,51,35,64,56,75,88,24,31
grid_eq,srs,1427,11,29,76,34,53,58,35,82,55,78,67,89,14,88,69,27
grid_eq,srs,1428,49,86,37,99,42,33,96,1,57,40,67,11,29,74,41,20
grid_eq,srs,1429,59,23,14,8,35,41,90,54,48,49,19,79,26,36,60,38
grid_eq,srs,1430,99,20,22,32,44,64,38,89,12,27,52,93,61,88,80,84
grid_eq,srs,1431,51,5,91,19,11,53,81,8,38,49,57,89,73,1,7,95
grid_eq,srs,1432,50,100,8,69,43,92,25,75,1,97,13,47,9,35,42,57
grid_eq,srs,1433,73,94,4,44,56,28,29,76,77,63,49,80,12,78,21,40
grid_eq,srs,1434,52,6,78,76,70,72,89,58,57,87,54,49,92,24,30,45
grid_eq,srs,1435,84,45,8,47,76,68,73,32,81,100,19,61,24,50,55,7
grid_eq,srs,1436,62,34,28,77,59,90,17,86,85,31,48,3,51,55,78,94
grid_eq,srs,1437,67,28,9,51,31,79,6,76,37,14,17,4,1,89,54,78
grid_eq,srs,1438,48,32,27,62,69,35,14,67,40,44,28,92,11,4,87,47
grid_eq,srs,1439,51,39,48,28,55,2,95,24,63,50,23,91,90,92,82,10
grid_eq,srs,1440,79,85,27,69,94,31,4,30,66,81,97,62,96,36,29,56
grid_eq,srs,1441,40,66,93,100,97,12,1,55,54,10,84,76,33,11,74,89
grid_eq,srs,1442,100,95,68,58,78,90,98,91,87,1,69,93,29,40,30,4
grid_eq,srs,1443,71,75,19,85,57,83,91,22,25,81,48,18,74,98,70,31
grid_eq,srs,1444,78,52,31,22,70,59,3,44,63,33,7,6,36,32,39,82
grid_eq,srs,1445,3,20,51,10,25,8,27,15,11,23,64,52,35,92,2,36
grid_eq,srs,1446,29,23,93,48,8,32,24,75,38,15,37,66,27,31,7,55
grid_eq,srs,1447,58,98,38,12,62,94,36,20,64,71,73,53,68,11,82,27
grid_eq,srs,1448,21,55,50,70,65,40,82,74,68,35,18,33,45,22,44,66
grid_eq,srs,1449,79,39,59,83,40,70,44,22,99,64,19,45,62,95,81,17
grid_eq,srs,1450,18,49,79,51,8,53,12,50,43,6,94,22,7,64,15,59
grid_eq,srs,1451,18,98,15,69,24,70,43,11,48,6,67,5,16,84,46,80
grid_eq,srs,1452,61,11,37,63,67,58,35,85,49,87,27,62,33,41,70,83
grid_eq,srs,1453,66,4,64,23,50,95,11,52,7,84,53,68,27,45,2,98
grid_eq,srs,1454,26,35,12,77,62,85,97,52,91,6,38,65,54,92,60,67
grid_eq,srs,1455,8,63,87,31,34,6,1,72,35,48,50,43,32,18,33,37
grid_eq,srs,1456,88,100,53,3,29,75,59,94,86,85,37,24,93,8,12,28
grid_eq,srs,1457,28,77,18,30,4,12,13,89,51,24,93,21,67,90,78,16
grid_eq,srs,1458,31,27,72,38,89,50,67,28,73,5,20,77,16,59,74,54
grid_eq,srs,1459,88,70,25,1,96,27,59,34,61,95,21,78,80,53,49,97
grid_eq,srs,1460,66,100,78,75,6,97,84,44,14,99,79,69,60,34,37,17
grid_eq,srs,1461,46,82,100,3,84,5,93,55,38,9,23,61,28,98,92,90
grid_eq,srs,1462,100,9,74,23,58,57,34,4,75,8,71,61,6,48,99,43
grid_eq,srs,1463,32,15,38,55,4,86,46,89,2,68,28,20,100,77,76,51
grid_eq,srs,1464,61,26,7,76,14,25,21,87,50,94,47,86,13,36,59,92
grid_eq,srs,1465,51,53,85,69,20,1,30,66,90,25,10,39,3,6,28,92
grid_eq,srs,1466,45,52,40,25,19,44,76,66,42,28,82,81,27,11,91,86
grid_eq,srs,1467,84,69,61,32,68,74,99,15,44,86,81,100,48,31,1,35
grid_eq,srs,1468,30,71,69,65,41,21,5,44,14,43,20,24,37,29,48,3
grid_eq,srs,1469,97,61,52,30,70,22,18,32,45,40,7,8,19,17,50,10
grid_eq,srs,1470,100,90,73,47,32,10,82,62,57,20,9,83,94,69,99,44
grid_eq,srs,1471,26,61,94,68,38,21,87,22,88,10,32,1,93,52,96,4
grid_eq,srs,1472,84,42,74,16,90,50,17,79,88,28,23,100,87,89,82,22
grid_eq,srs,1473,9,25,42,80,98,66,52,21,54,44,38,2,40,55,83,4
grid_eq,srs,1474,61,89,15,76,58,51,46,20,95,98,53,27,91,32,25,36
grid_eq,srs,1475,98,22,11,31,94,81,43,85,25,20,26,3,27,2,21,8
grid_eq,srs,1476,50,89,43,57,48,84,21,75,87,91,77,62,33,3,53,5
grid_eq,srs,1477,35,46,41,73,17,3,97,83,92,23,72,55,60,58,36,7
grid_eq,srs,1478,91,72,56,86,57,22,16,46,67,96,5,89,1,7,51,9
grid_eq,srs,1479,17,59,9,78,72,83,43,10,74,44,16,54,26,76,33,92
grid_eq,srs,1480,17,14,21,78,7,84,99,71,56,38,81,52,93,40,42,87
grid_eq,srs,1481,93,14,77,8,40,75,82,89,15,62,97,32,79,76,66,53
grid_eq,srs,1482,6,31,50,88,73,41,1,70,15,90,37,77,54,60,34,78
grid_eq,srs,1483,16,53,26,79,96,70,64,48,22,3,100,67,37,55,41,86
grid_eq,srs,1484,61,82,29,55,67,60,3,80,99,32,81,51,22,44,5,7
grid_eq,srs,1485,32,59,27,6,47,29,46,78,57,89,25,45,62,10,18,39
grid_eq,srs,1486,99,10,24,23,32,76,33,62,50,35,47,90,1,67,96,54
grid_eq,srs,1487,60,92,11,53,18,6,39,13,30,19,7,75,62,72,20,94
grid_eq,srs,1488,75,5,100,22,70,37,43,14,80,87,35,42,28,23,10,86
grid_eq,srs,1489,47,41,58,74,13,11,97,12,61,38,34,44,42,22,80,73
grid_eq,srs,1490,51,43,28,91,88,31,65,73,79,90,64,75,57,70,94,63
grid_eq,srs,1491,16,1,20,64,12,22,21,18,35,84,97,88,41,62,71,37
grid_eq,srs,1492,29,91,81,98,23,94,17,35,100,93,86,18,41,76,50,77
grid_eq,srs,1493,44,33,57,55,4,31,66,96,45,68,79,89,12,60,85,13
grid_eq,srs,1494,18,64,37,47,65,38,57,59,36,68,54,30,11,27,76,66
grid_eq,srs,1495,100,44,81,70,56,58,43,72,23,68,85,50,13,30,5,31
grid_eq,srs,1496,22,96,64,12,89,87,35,37,43,94,63,88,75,61,76,17
grid_eq,srs,1497,26,97,2,60,53,49,8,50,99,38,71,98,19,1,42,47
grid_eq,srs,1498,13,54,69,47,82,81,5,66,25,58,2,89,40,55,19,6
grid_eq,srs,1499,93,14,74,13,41,24,8,69,7,26,31,50,22,70,83,66
grid_eq,srs,1500,100,7,97,73,20,6,62,42,98,63,58,72,67,65,75,12
grid_eq,srs,1501,14,38,85,67,44,77,21,62,6,32,30,57,74,60,13,15
grid_eq,srs,1502,23,19,86,35,67,6,16,58,68,1,15,82,97,98,63,27
grid_eq,srs,1503,83,80,9,23,79,18,22,30,2,59,84,72,68,20,39,86
grid_eq,srs,1504,93,91,18,76,13,70,14,65,60,71,80,59,87,33,83,26
grid_eq,srs,1505,12,65,25,27,45,21,30,64,69,76,74,53,66,28,100,18
grid_eq,srs,1506,56,48,29,18,73,50,15,25,10,40,45,76,92,19,69,88
grid_eq,srs,1507,69,94,16,85,13,59,23,87,77,53,96,4,44,8,90,24
grid_eq,srs,1508,84,39,11,72,33,96,15,57,3,87,49,73,64,74,95,2
grid_eq,srs,1509,53,14,54,65,20,68,60,6,40,67,80,38,57,11,16,32
grid_eq,srs,1510,79,35,72,41,37,93,22,46,98,30,40,4,39,90,26,23
grid_eq,srs,1511,90,96,58,24,13,94,40,80,50,84,20,42,46,98,89,38
grid_eq,srs,1512,75,72,51,37,39,53,41,79,71,70,82,94,84,36,64,44
grid_eq,srs,1513,70,49,54,10,46,39,41,81,32,17,45,52,47,82,24,13
grid_eq,srs,1514,79,90,55,8,80,100,73,61,92,74,98,3,81,40,27,23
grid_eq,srs,1515,54,90,6,82,9,20,40,80,88,43,48,23,79,60,52,72
grid_eq,srs,1516,64,33,98,48,69,76,14,37,15,25,54,20,4,52,36,55
grid_eq,srs,1517,52,22,28,48,15,89,23,42,65,21,73,71,41,49,45,12
grid_eq,srs,1518,35,48,93,67,98,80,8,5,24,84,97,75,17,45,62,4
grid_eq,srs,1519,71,6,97,96,63,27,12,93,17,81,36,75,83,100,4,84
grid_eq,srs,1520,34,41,32,14,36,17,58,55,24,52,20,72,22,81,95,82
grid_eq,srs,1521,85,81,26,10,67,25,87,90,65,37,30,54,51,71,9,38
grid_eq,srs,1522,98,90,47,3,87,93,37,61,35,10,62,76,80,53,11,21
grid_eq,srs,1523,83,39,70,50,65,31,36,71,37,52,89,76,80,86,20,64
grid_eq,srs,1524,28,13,2,20,23,57,39,94,7,54,21,36,92,40,100,14
grid_eq,srs,1525,63,14,6,36,46,27,41,26,16,5,58,67,52,91,45,69
grid_eq,srs,1526,24,47,59,34,100,92,1,19,65,69,81,37,61,87,70,23
grid_eq,srs,1527,90,75,72,62,40,88,73,68,69,11,87,7,54,82,27,16
grid_eq,srs,1528,22,91,81,82,88,31,35,4,12,97,72,16,64,32,30,62
grid_eq,srs,1529,97,83,21,88,53,65,22,4,18,33,44,68,61,59,67,30
grid_eq,srs,1530,51,92,49,73,55,93,3,21,8,31,38,35,65,63,90,96
grid_eq,srs,1531,74,96,59,92,20,44,54,48,53,89,45,75,35,87,49,99
grid_eq,srs,1532,13,41,86,56,87,31,16,51,97,14,72,76,50,42,3,20
grid_eq,srs,1533,93,61,8,77,83,22,67,1,23,76,82,4,20,6,92,44
grid_eq,srs,1534,62,99,96,32,15,80,28,35,8,55,74,4,53,37,67,46
grid_eq,srs,1535,31,82,35,76,41,97,15,63,40,9,73,25,45,61,33,8
grid_eq,srs,1536,36,90,8,15,53,29,88,74,99,66,65,11,76,33,37,73
grid_eq,srs,1537,90,60,82,83,76,13,38,50,30,59,77,66,47,58,54,86
grid_eq,srs,1538,8,26,89,63,100,25,86,88,17,44,77,48,83,50,30,69
grid_eq,srs,1539,8,18,32,29,77,37,73,47,71,1,40,86,30,55,42,50
grid_eq,srs,1540,88,45,92,68,76,3,70,27,13,73,77,54,82,80,86,24
grid_eq,srs,1541,53,61,55,17,35,34,87,58,89,100,32,81,66,76,40,10
grid_eq,srs,1542,42,51,28,87,76,55,31,85,21,20,25,48,24,68,32,23
grid_eq,srs,1543,2,99,91,5,80,18,78,53,13,61,8,63,64,36,22,94
grid_eq,srs,1544,1,71,29,19,20,93,88,28,40,66,61,56,37,33,70,78
grid_eq,srs,1545,48,28,8,39,64,26,88,86,35,92,74,77,44,43,17,4
grid_eq,srs,1546,6,76,90,64,96,63,45,88,19,5,25,87,3,61,8,11
grid_eq,srs,1547,89,39,63,82,17,78,10,46,12,7,72,8,37,5,50,53
grid_eq,srs,1548,79,58,3,39,28,97,99,42,1,30,61,71,95,9,40,72
grid_eq,srs,1549,60,11,12,23,67,18,20,82,62,76,48,72,81,36,22,33
grid_eq,srs,1550,95,24,2,79,11,82,100,58,55,39,90,29,26,33,46,17
grid_eq,srs,1551,60,5,67,51,95,85,94,66,91,86,38,36,10,52,41,70
grid_eq,srs,1552,60,92,89,53,13,45,7,87,52,90,5,26,48,30,51,24
grid_eq,srs,1553,33,28,80,53,35,59,97,60,15,78,5,30,92,40,16,27
grid_eq,srs,1554,79,43,87,18,23,71,40,85,57,26,41,90,39,91,3,44
grid_eq,srs,1555,55,70,16,10,79,7,61,26,82,68,97,80,100,24,36,46
grid_eq,srs,1556,25,17,32,40,52,15,5,98,95,78,47,19,86,46,57,79
grid_eq,srs,1557,78,98,74,45,68,75,2,36,77,16,71,15,55,17,32,96
grid_eq,srs,1558,94,81,78,44,69,84,22,26,96,93,68,89,80,57,100,29
grid_eq,srs,1559,76,74,58,77,75,61,33,49,31,69,84,50,90,46,98,92
grid_eq,srs,1560,12,59,72,3,49,11,22,10,90,83,34,15,63,57,87,42
grid_eq,srs,1561,95,90,24,83,76,53,40,75,98,47,57,52,29,68,84,54
grid_eq,srs,1562,4,62,57,85,63,99,72,54,11,45,19,65,91,38,100,25
grid_eq,srs,1563,61,70,43,69,59,83,98,76,73,42,8,75,32,31,22,27
grid_eq,srs,1564,50,79,35,40,72,60,85,68,59,75,96,90,53,94,5,43
grid_eq,srs,1565,16,4,34,13,39,91,30,9,53,44,11,7,17,19,71,100
grid_eq,srs,1566,46,8,87,78,24,86,38,27,53,50,47,17,29,73,94,4
grid_eq,srs,1567,45,87,22,13,38,89,9,83,66,79,59,96,15,30,70,33
grid_eq,srs,1568,98,96,4,85,57,99,50,89,33,21,52,71,92,59,44,91
grid_eq,srs,1569,70,63,35,9,25,27,14,64,71,26,17,48,57,13,72,99
grid_eq,srs,1570,8,34,57,53,40,47,36,44,72,50,79,14,88,16,84,43
grid_eq,srs,1571,15,97,73,9,1,94,70,65,53,63,33,66,72,82,84,64
grid_eq,srs,1572,54,42,69,76,57,71,18,15,38,47,43,73,34,6,45,75
grid_eq,srs,1573,92,44,81,51,14,98,9,95,21,24,82,42,15,86,3,22
grid_eq,srs,1574,87,39,25,89,79,93,2,26,3,52,37,74,84,10,27,83
grid_eq,srs,1575,45,78,57,33,46,70,27,65,100,85,64,21,69,13,83,36
grid_eq,srs,1576,48,93,35,37,98,82,22,26,10,62,13,21,64,46,51,81
grid_eq,srs,1577,63,66,57,19,60,78,61,13,20,98,52,3,81,14,53,43
grid_eq,srs,1578,43,51,13,33,53,60,79,52,26,1,75,41,54,56,9,67
grid_eq,srs,1579,11,16,18,63,7,73,92,45,51,70,64,20,74,98,35,43
grid_eq,srs,1580,31,10,47,61,84,76,44,58,11,95,14,78,33,94,90,1
grid_eq,srs,1581,30,45,57,65,90,21,89,40,31,64,92,3,6,62,95,33
grid_eq,srs,1582,85,40,60,90,69,16,80,61,62,55,65,52,70,36,24,19
grid_eq,srs,1583,45,94,49,3,34,57,18,42,70,11,61,95,13,63,82,21
grid_eq,srs,1584,76,9,62,65,57,61,32,64,77,91,15,1,34,60,26,10
grid_eq,srs,1585,30,22,7,88,92,9,83,66,73,52,67,14,51,65,62,98
grid_eq,srs,1586,29,30,32,93,15,33,22,24,96,49,90,48,63,56,18,11
grid_eq,srs,1587,74,81,9,89,43,30,20,15,2,58,42,75,86,96,69,100
grid_eq,srs,1588,74,36,12,94,90,72,98,87,7,9,34,1,8,70,49,82
grid_eq,srs,1589,100,65,5,8,25,12,66,57,83,69,36,23,32,51,95,96
grid_eq,srs,1590,92,7,9,58,11,65,54,98,12,15,96,17,74,47,57,41
grid_eq,srs,1591,6,66,38,44,43,26,28,52,29,15,62,41,13,70,47,91
grid_eq,srs,1592,94,5,73,54,36,79,67,49,84,21,39,97,68,23,6,95
grid_eq,srs,1593,43,46,68,50,14,6,33,93,32,56,19,76,1,5,2,8
grid_eq,srs,1594,43,19,21,45,32,64,28,76,37,67,71,31,57,99,23,92
grid_eq,srs,1595,15,88,100,87,89,10,98,46,61,35,77,36,58,62,64,22
grid_eq,srs,1596,16,33,42,85,4,20,71,23,56,65,95,52,54,28,81,79
grid_eq,srs,1597,28,59,16,98,18,69,43,6,64,24,3,56,80,96,78,94
grid_eq,srs,1598,58,77,80,94,18,75,54,85,48,79,8,10,88,33,28,41
grid_eq,srs,1599,34,80,6,20,73,2,14,69,61,67,64,93,25,48,47,43
grid_eq,srs,1600,5,87,77,88,91,95,34,51,20,79,89,83,50,36,63,78
grid_eq,srs,1601,13,88,31,30,99,61,100,63,57,44,20,90,10,59,37,53
grid_eq,srs,1602,57,61,30,78,90,26,23,66,33,10,27,69,28,100,83,12
grid_eq,srs,1603,98,68,16,94,34,81,73,72,52,61,78,13,83,51,49,99
grid_eq,srs,1604,76,61,10,30,24,93,26,29,59,71,90,20,16,88,64,38
grid_eq,srs,1605,25,55,54,70,46,2,51,18,13,92,30,1,60,86,26,9
grid_eq,srs,1606,90,53,6,56,40,73,27,11,8,95,54,32,52,35,100,21
grid_eq,srs,1607,71,37,48,4,41,36,24,5,57,39,89,27,56,93,83,54
grid_eq,srs,1608,66,82,96,5,9,35,67,52,51,64,56,74,93,50,94,78
grid_eq,srs,1609,70,84,38,67,59,36,63,92,37,61,27,60,22,2,23,72
grid_eq,srs,1610,15,79,33,51,73,17,77,13,86,56,1,30,81,43,40,32
grid_eq,srs,1611,87,42,82,44,94,45,70,47,24,97,14,57,36,54,79,71
grid_eq,srs,1612,65,1,63,45,56,42,23,31,72,61,77,15,62,14,91,58
grid_eq,srs,1613,12,53,17,85,79,23,26,34,58,44,10,90,37,96,78,51
grid_eq,srs,1614,82,61,97,68,83,45,7,58,33,55,89,73,95,18,17,37
grid_eq,srs,1615,17,29,25,57,44,93,48,78,51,41,43,66,16,19,75,38
grid_eq,srs,1616,15,68,16,66,90,31,84,44,51,41,9,14,83,1,80,60
grid_eq,srs,1617,64,22,60,54,16,72,77,55,71,88,36,94,53,47,61,31
grid_eq,srs,1618,82,22,88,20,56,57,17,51,28,53,89,69,2,60,86,45
grid_eq,srs,1619,22,72,73,12,27,11,99,65,79,100,41,49,8,83,43,84
grid_eq,srs,1620,80,52,87,77,22,36,92,96,5,75,35,79,40,90,25,19
grid_eq,srs,1621,54,57,28,73,62,68,67,44,89,100,29,77,5,35,45,19
grid_eq,srs,1622,63,85,22,41,39,52,47,3,84,73,40,11,44,66,27,79
grid_eq,srs,1623,77,32,58,57,36,50,79,76,61,63,19,49,3,59,75,62
grid_eq,srs,1624,28,62,20,16,17,19,70,82,97,57,83,53,69,1,58,35
grid_eq,srs,1625,51,26,63,44,1,47,81,43,19,87,5,3,7,48,21,17
grid_eq,srs,1626,30,88,89,32,26,85,48,18,51,24,47,84,39,86,1,46
grid_eq,srs,1627,57,3,85,30,49,2,28,50,62,93,12,10,77,21,92,39
grid_eq,srs,1628,15,6,14,71,68,19,53,45,50,32,2,56,95,10,7,73
grid_eq,srs,1629,33,7,77,38,28,47,98,62,56,67,4,16,63,83,24,32
grid_eq,srs,1630,52,75,87,5,8,65,84,44,50,1,33,57,13,48,10,92
grid_eq,srs,1631,82,72,75,30,39,77,65,24,60,55,35,20,57,41,32,33
grid_eq,srs,1632,97,17,8,3,99,28,83,80,32,2,36,98,75,49,46,1
grid_eq,srs,1633,44,12,94,20,50,72,93,49,46,76,97,96,69,1,57,59
grid_eq,srs,1634,86,98,68,32,80,48,41,28,27,8,19,67,88,2,26,36
grid_eq,srs,1635,76,56,92,12,26,1,59,2,4,16,86,39,32,17,70,58
grid_eq,srs,1636,55,2,34,44,62,8,81,26,24,22,21,47,16,12,80,68
grid_eq,srs,1637,27,21,18,25,58,65,28,61,44,43,4,85,40,76,48,49
grid_eq,srs,1638,71,81,33,29,7,50,49,89,11,56,6,21,80,77,24,32
grid_eq,srs,1639,80,99,6,48,20,85,43,19,90,34,29,47,88,59,96,89
grid_eq,srs,1640,40,25,79,10,34,35,81,30,76,21,97,53,41,78,69,55
grid_eq,srs,1641,7,38,51,84,81,2,44,27,10,82,78,85,69,59,25,54
grid_eq,srs,1642,87,22,54,1,78,66,60,20,27,4,46,85,47,37,91,71
grid_eq,srs,1643,69,40,61,7,75,83,25,14,84,99,39,87,33,34,100,90
grid_eq,srs,1644,46,87,43,84,13,58,49,82,93,99,51,76,6,71,77,10
grid_eq,srs,1645,43,62,52,18,33,12,9,47,36,27,3,98,83,16,73,80
grid_eq,srs,1646,99,71,73,5,27,30,62,78,82,13,38,31,15,42,46,24
grid_eq,srs,1647,87,82,7,38,56,36,26,95,93,94,23,83,2,46,24,33
grid_eq,srs,1648,19,15,27,60,8,63,68,25,4,46,36,40,13,95,57,24
grid_eq,srs,1649,65,56,89,81,75,45,4,71,76,8,1,27,36,11,52,9
grid_eq,srs,1650,86,51,54,71,42,27,84,39,21,26,83,29,7,76,82,38
grid_eq,srs,1651,41,11,78,4,10,19,36,14,16,9,54,62,70,66,15,86
grid_eq,srs,1652,40,2,4,43,77,59,91,41,14,31,44,60,97,35,23,56
grid_eq,srs,1653,18,63,86,41,99,91,42,93,81,95,65,76,19,5,24,84
grid_eq,srs,1654,42,1,85,68,35,71,34,67,43,4,78,19,99,3,11,40
grid_eq,srs,1655,15,48,27,38,89,87,57,79,32,80,10,36,35,25,98,91
grid_eq,srs,1656,35,41,82,5,81,15,48,27,59,62,46,17,51,90,52,6
grid_eq,srs,1657,55,14,9,12,64,49,58,79,38,6,78,50,10,27,66,25
grid_eq,srs,1658,43,84,65,23,66,10,9,12,35,39,100,78,49,29,99,11
grid_eq,srs,1659,67,56,41,35,79,62,32,75,40,37,45,91,10,18,89,63
grid_eq,srs,1660,14,83,100,53,12,20,98,75,48,87,42,8,99,63,61,13
grid_eq,srs,1661,78,43,99,25,31,55,81,96,69,75,73,39,66,48,54,98
grid_eq,srs,1662,51,53,15,21,37,69,28,71,30,11,10,13,81,27,63,54
grid_eq,srs,1663,10,23,99,69,70,42,87,32,48,35,79,57,96,93,73,45
grid_eq,srs,1664,71,87,35,63,17,29,8,90,92,36,86,5,72,46,60,14
grid_eq,srs,1665,37,10,25,24,96,65,97,88,89,17,1,86,79,32,16,26
grid_eq,srs,1666,26,70,28,47,99,37,72,14,42,29,25,53,96,9,41,67
grid_eq,srs,1667,8,7,12,29,49,76,51,37,52,44,87,15,70,30,80,91
grid_eq,srs,1668,70,92,58,21,76,67,77,71,33,51,88,60,10,72,26,83
grid_eq,srs,1669,37,62,93,56,58,5,66,60,22,82,7,100,29,33,18,23
grid_eq,srs,1670,96,29,49,51,47,39,33,62,16,71,92,38,11,72,52,90
grid_eq,srs,1671,8,14,52,81,50,25,94,92,6,67,59,77,13,17,87,78
grid_eq,srs,1672,80,83,84,86,13,6,30,99,59,57,56,45,60,61,5,69
grid_eq,srs,1673,26,82,83,31,22,65,89,35,10,56,87,66,8,37,20,80
grid_eq,srs,1674,3,69,26,70,48,10,87,11,57,28,25,52,44,33,78,89
grid_eq,srs,1675,72,98,73,20,5,83,39,85,15,74,27,91,34,58,33,69
grid_eq,srs,1676,78,19,21,45,46,51,59,67,23,3,95,2,96,17,71,74
grid_eq,srs,1677,30,26,20,11,18,70,31,61,36,41,50,62,35,66,53,3
grid_eq,srs,1678,63,30,24,95,36,8,71,88,93,51,28,76,16,90,50,29
grid_eq,srs,1679,76,8,30,84,93,94,10,26,81,59,95,83,71,65,23,63
grid_eq,srs,1680,33,68,84,86,58,39,94,99,37,90,9,4,48,59,87,16
grid_eq,srs,1681,24,68,16,59,49,95,20,35,64,47,71,22,34,75,53,44
grid_eq,srs,1682,26,88,25,33,89,70,23,45,93,60,5,24,80,72,71,97
grid_eq,srs,1683,69,28,49,27,8,94,6,53,4,56,7,13,90,29,58,98
grid_eq,srs,1684,77,64,59,87,97,86,69,79,24,82,8,41,65,72,100,58
grid_eq,srs,1685,64,59,74,89,47,40,57,5,41,96,38,81,35,58,94,93
grid_eq,srs,1686,5,60,31,1,93,61,77,73,96,53,97,59,55,99,45,16
grid_eq,srs,1687,73,91,86,28,35,15,90,70,95,51,27,2,3,60,76,14
grid_eq,srs,1688,92,48,40,53,47,72,39,7,23,38,65,96,90,82,70,78
grid_eq,srs,1689,16,39,82,75,71,84,78,87,83,3,61,38,9,28,46,88
grid_eq,srs,1690,15,77,9,33,44,67,30,78,49,91,72,56,69,31,79,66
grid_eq,srs,1691,14,61,56,43,42,77,47,55,26,7,83,25,94,38,16,48
grid_eq,srs,1692,4,9,31,96,62,41,34,90,5,73,66,75,94,8,72,37
grid_eq,srs,1693,23,83,63,18,16,60,75,50,57,1,73,80,39,52,31,24
grid_eq,srs,1694,37,9,70,20,30,100,10,48,52,27,22,79,91,41,1,55
grid_eq,srs,1695,55,25,57,83,9,38,59,8,70,54,45,50,39,63,49,88
grid_eq,srs,1696,58,6,75,23,61,13,5,7,95,32,89,8,44,27,1,16
grid_eq,srs,1697,46,65,100,56,77,44,48,55,7,16,87,60,1,96,47,59
grid_eq,srs,1698,99,66,26,41,49,38,96,15,25,72,4,79,68,86,61,87
grid_eq,srs,1699,89,29,98,14,95,30,96,76,70,15,59,67,79,41,80,91
grid_eq,srs,1700,10,52,63,18,2,31,90,16,3,48,8,17,12,42,36,57
grid_eq,srs,1701,24,82,19,30,44,62,2,86,74,65,47,57,96,31,93,66
grid_eq,srs,1702,9,55,72,48,36,57,62,59,23,65,32,91,12,61,85,39
grid_eq,srs,1703,36,52,60,19,43,91,55,99,46,85,30,51,81,73,82,68
grid_eq,srs,1704,65,9,81,12,87,36,98,6,86,73,96,79,55,100,59,39
grid_eq,srs,1705,34,89,6,58,88,37,55,44,97,74,49,45,28,94,47,40
grid_eq,srs,1706,29,89,17,63,10,84,79,74,22,47,51,38,45,26,56,35
grid_eq,srs,1707,7,90,97,76,63,16,27,52,18,37,10,54,4,15,46,91
grid_eq,srs,1708,50,88,69,6,61,80,11,91,70,47,32,85,31,76,20,45
grid_eq,srs,1709,4,47,20,22,61,28,93,1,90,74,58,46,91,6,44,13
grid_eq,srs,1710,95,42,59,46,45,89,13,94,36,24,11,27,80,47,4,85
grid_eq,srs,1711,89,15,66,79,50,91,24,77,75,96,56,23,72,35,80,54
grid_eq,srs,1712,1,62,12,66,37,68,40,24,87,14,35,48,59,78,75,57
grid_eq,srs,1713,11,94,58,36,54,72,74,8,64,82,25,39,43,27,48,33
grid_eq,srs,1714,85,61,59,95,83,88,19,9,30,55,68,5,4,43,65,69
grid_eq,srs,1715,73,71,21,94,27,39,9,1,11,16,91,88,28,50,38,8
grid_eq,srs,1716,56,19,80,58,83,72,62,27,78,49,22,14,86,13,65,81
grid_eq,srs,1717,87,18,33,52,16,93,51,50,68,56,72,32,25,35,69,82
grid_eq,srs,1718,33,45,88,79,81,16,53,62,66,73,48,9,40,24,86,96
grid_eq,srs,1719,99,6,90,82,57,62,10,35,58,45,50,55,76,28,34,41
grid_eq,srs,1720,60,30,57,14,77,16,19,23,44,41,38,20,11,86,31,18
grid_eq,srs,1721,18,87,6,40,38,23,31,27,81,48,26,24,54,97,21,17
grid_eq,srs,1722,17,27,2,78,68,98,46,42,40,18,21,62,75,23,20,64
grid_eq,srs,1723,60,94,61,65,54,79,24,1,4,45,26,33,22,20,62,9
grid_eq,srs,1724,73,14,62,50,11,71,84,7,80,85,12,64,98,26,38,87
grid_eq,srs,1725,55,93,88,99,60,28,33,71,46,89,6,49,18,57,22,47
grid_eq,srs,1726,20,56,72,84,9,31,54,53,24,16,75,76,26,97,58,38
grid_eq,srs,1727,1,81,55,28,75,93,92,46,19,20,82,94,58,59,54,91
grid_eq,srs,1728,55,34,40,50,43,57,98,10,48,85,49,84,21,2,25,58
grid_eq,srs,1729,42,79,78,46,47,91,3,68,37,85,11,54,59,64,66,15
grid_eq,srs,1730,62,11,71,28,53,32,82,87,77,48,65,72,8,58,92,18
grid_eq,srs,1731,8,43,64,87,76,31,79,71,99,74,48,97,56,21,34,66
grid_eq,srs,1732,64,27,22,77,3,39,82,100,86,75,70,67,56,47,30,73
grid_eq,srs,1733,5,29,1,11,4,57,89,91,53,52,39,31,12,16,94,47
grid_eq,srs,1734,28,95,72,46,49,25,26,39,71,92,40,94,8,19,85,62
grid_eq,srs,1735,58,40,69,45,35,4,80,10,81,20,99,97,66,12,43,92
grid_eq,srs,1736,82,80,5,63,52,8,24,42,20,90,68,64,50,74,71,59
grid_eq,srs,1737,47,5,53,37,39,84,69,66,27,62,7,21,19,76,89,25
grid_eq,srs,1738,24,56,28,81,64,4,70,14,25,55,92,91,72,86,80,82
grid_eq,srs,1739,59,12,95,43,44,25,18,76,1,68,72,48,37,88,89,39
grid_eq,srs,1740,75,17,70,15,64,10,31,76,95,13,6,91,44,24,52,35
grid_eq,srs,1741,38,27,6,44,86,36,42,59,76,4,9,57,67,54,39,48
grid_eq,srs,1742,79,75,53,19,84,70,77,72,54,34,32,61,100,68,49,85
grid_eq,srs,1743,73,100,44,10,16,19,92,12,83,69,23,60,11,52,36,77
grid_eq,srs,1744,52,1,30,69,49,74,21,90,35,51,23,81,34,13,64,54
grid_eq,srs,1745,85,43,70,56,55,84,26,32,68,18,51,77,35,75,13,88
grid_eq,srs,1746,63,27,4,25,12,37,74,21,30,34,24,45,43,2,17,83
grid_eq,srs,1747,44,74,71,41,63,58,97,96,49,8,14,33,78,7,35,87
grid_eq,srs,1748,30,94,19,26,27,69,85,91,64,55,9,50,49,81,95,66
grid_eq,srs,1749,58,89,36,33,51,68,66,13,90,48,21,18,32,98,99,80
grid_eq,srs,1750,94,95,66,61,86,28,50,14,51,52,92,54,80,34,26,75
grid_eq,srs,1751,20,2,46,12,19,29,86,76,30,71,11,15,34,10,55,91
grid_eq,srs,1752,60,55,21,73,30,95,78,26,37,31,91,56,3,59,58,20
grid_eq,srs,1753,48,62,36,18,86,8,37,16,40,39,97,17,49,94,5,19
grid_eq,srs,1754,71,99,72,29,64,17,19,25,48,45,84,38,70,55,26,32
grid_eq,srs,1755,87,20,26,62,54,25,81,48,11,98,91,3,99,17,56,63
grid_eq,srs,1756,66,7,26,64,72,77,43,70,40,39,13,23,31,33,53,34
grid_eq,srs,1757,32,76,81,95,24,85,48,21,82,63,77,6,40,10,73,3
grid_eq,srs,1758,30,86,35,83,19,23,56,4,75,20,31,85,40,17,53,76
grid_eq,srs,1759,3,18,99,60,61,92,48,43,95,16,31,98,14,29,87,13
grid_eq,srs,1760,65,16,24,50,67,13,28,61,12,32,49,83,85,84,82,58
grid_eq,srs,1761,79,87,4,11,18,44,86,90,47,85,67,40,89,38,81,2
grid_eq,srs,1762,91,87,63,28,56,37,48,82,55,73,52,30,97,29,93,12
grid_eq,srs,1763,33,48,72,84,12,23,4,49,7,20,61,62,64,6,89,32
grid_eq,srs,1764,66,33,31,46,74,22,12,13,57,98,27,40,44,10,99,21
grid_eq,srs,1765,43,20,76,95,99,83,87,49,80,50,94,70,58,37,14,39
grid_eq,srs,1766,35,76,58,98,6,80,12,31,55,27,84,64,43,15,66,69
grid_eq,srs,1767,78,17,79,56,58,5,39,22,86,74,40,90,10,28,48,29
grid_eq,srs,1768,55,70,81,61,9,20,96,80,43,95,98,87,67,31,44,14
grid_eq,srs,1769,1,28,89,44,33,21,80,19,85,38,83,5,47,13,23,45
grid_eq,srs,1770,67,100,57,4,62,68,84,82,45,7,27,79,85,71,73,54
grid_eq,srs,1771,1,61,42,29,30,57,60,13,6,18,93,21,65,86,11,16
grid_eq,srs,1772,87,50,20,85,1,56,28,31,70,27,9,24,3,33,90,100
grid_eq,srs,1773,51,10,70,76,35,19,43,4,89,80,36,68,79,81,2,56
grid_eq,srs,1774,36,39,50,19,99,15,79,2,31,38,87,42,68,16,62,69
grid_eq,srs,1775,53,77,47,79,49,38,69,36,50,37,34,93,19,15,52,11
grid_eq,srs,1776,76,4,68,29,32,17,88,37,11,84,23,63,50,6,48,14
grid_eq,srs,1777,62,21,23,30,43,9,86,52,67,58,47,25,15,27,54,5
grid_eq,srs,1778,61,15,43,85,82,70,92,18,46,35,21,32,69,11,45,88
grid_eq,srs,1779,93,26,100,92,48,77,12,20,84,6,28,68,1,90,46,61
grid_eq,srs,1780,88,80,11,49,68,18,56,12,20,1,35,51,94,13,78,59
grid_eq,srs,1781,47,10,24,16,50,54,99,70,82,61,78,51,26,87,13,81
grid_eq,srs,1782,62,81,80,25,69,44,60,34,28,66,67,91,23,68,54,30
grid_eq,srs,1783,48,41,7,63,44,45,78,90,40,73,6,47,26,74,70,66
grid_eq,srs,1784,60,31,24,85,88,23,86,56,87,69,71,53,95,41,79,32
grid_eq,srs,1785,78,48,19,88,68,24,100,55,95,90,42,89,4,60,63,8
grid_eq,srs,1786,75,79,86,13,17,43,19,69,56,87,18,29,100,32,83,8
grid_eq,srs,1787,63,79,16,38,1,100,94,6,59,45,46,88,78,11,34,8
grid_eq,srs,1788,65,27,99,3,15,69,20,82,52,61,49,19,57,4,28,46
grid_eq,srs,1789,49,14,4,96,19,100,17,63,3,77,94,62,13,78,80,20
grid_eq,srs,1790,21,37,27,52,9,84,68,4,22,91,49,93,90,98,51,38
grid_eq,srs,1791,9,59,81,16,93,45,73,24,3,62,8,47,57,17,22,36
grid_eq,srs,1792,69,98,37,39,48,41,58,14,87,2,56,13,91,25,18,26
grid_eq,srs,1793,97,39,46,6,87,99,54,79,18,51,8,53,74,29,59,7
grid_eq,srs,1794,15,24,32,8,79,68,97,19,45,6,90,54,27,98,9,30
grid_eq,srs,1795,99,37,88,68,41,42,76,96,7,6,78,24,25,23,64,86
grid_eq,srs,1796,18,96,56,17,36,10,27,32,40,66,3,46,58,48,75,20
grid_eq,srs,1797,89,54,12,86,8,38,70,59,55,96,79,30,83,78,1,24
grid_eq,srs,1798,23,60,58,57,82,55,48,72,27,6,99,25,100,76,78,2
grid_eq,srs,1799,98,6,30,1,53,69,64,35,5,87,31,45,81,90,78,12
grid_eq,srs,1800,63,86,45,19,43,60,56,24,36,39,92,78,37,89,29,58
grid_eq,srs,1801,64,48,12,32,38,16,81,36,99,1,9,67,6,71,73,19
grid_eq,srs,1802,32,11,69,68,39,30,10,79,62,93,33,44,72,100,92,64
grid_eq,srs,1803,69,63,32,75,76,85,23,81,55,19,94,21,82,73,64,67
grid_eq,srs,1804,20,28,89,34,70,17,97,27,25,92,14,9,43,12,35,32
grid_eq,srs,1805,94,14,7,44,78,83,80,32,75,4,58,88,67,46,60,10
grid_eq,srs,1806,75,76,44,16,74,84,78,29,8,30,45,17,35,65,22,79
grid_eq,srs,1807,17,25,96,4,49,61,63,83,72,8,70,16,3,80,37,60
grid_eq,srs,1808,24,60,39,63,86,14,3,38,99,15,47,76,49,19,32,69
grid_eq,srs,1809,58,25,28,79,84,32,86,38,22,80,83,10,44,11,82,55
grid_eq,srs,1810,79,91,56,82,83,38,77,7,72,24,33,80,96,63,52,34
grid_eq,srs,1811,64,88,85,71,63,38,42,53,3,52,77,86,96,7,67,18
grid_eq,srs,1812,17,70,31,23,43,75,19,7,88,99,20,87,3,14,65,48
grid_eq,srs,1813,95,38,51,72,19,80,9,45,98,64,50,100,93,44,74,22
grid_eq,srs,1814,12,63,79,85,3,54,38,55,20,37,62,33,66,16,84,72
grid_eq,srs,1815,61,39,85,96,8,88,43,55,77,72,73,84,5,2,58,81
grid_eq,srs,1816,95,62,32,40,98,70,58,42,99,76,9,69,89,91,36,67
grid_eq,srs,1817,41,2,22,60,20,81,9,94,69,25,93,8,30,32,65,45
grid_eq,srs,1818,18,58,12,57,10,38,52,94,86,32,85,21,68,81,7,8
grid_eq,srs,1819,86,84,11,37,54,16,4,85,47,56,75,65,62,6,53,43
grid_eq,srs,1820,77,45,84,23,28,42,69,55,52,53,13,75,3,83,40,96
grid_eq,srs,1821,25,29,97,14,28,76,20,77,63,42,52,65,60,19,36,35
grid_eq,srs,1822,32,72,16,45,51,39,34,2,92,15,100,31,86,20,66,55
grid_eq,srs,1823,99,62,69,56,11,50,7,24,2,96,40,13,91,38,20,25
grid_eq,srs,1824,26,79,59,35,48,23,4,70,82,46,14,93,19,50,74,27
grid_eq,srs,1825,73,35,85,7,61,3,59,92,8,13,75,10,28,21,58,96
grid_eq,srs,1826,2,9,99,21,43,78,31,76,10,16,55,32,36,60,75,47
grid_eq,srs,1827,22,46,70,75,88,89,15,14,94,68,80,7,9,55,42,63
grid_eq,srs,1828,22,89,80,71,98,5,25,37,28,31,7,99,67,60,94,56
grid_eq,srs,1829,43,69,27,76,23,73,62,28,26,19,50,100,60,63,89,65
grid_eq,srs,1830,89,84,96,79,55,51,93,82,69,47,46,30,12,38,71,39
grid_eq,srs,1831,8,35,4,89,18,63,59,81,3,11,93,33,37,71,69,70
grid_eq,srs,1832,7,97,59,31,100,89,1,21,78,73,66,80,93,32,6,29
grid_eq,srs,1833,16,83,6,1,33,9,50,81,67,80,99,34,25,55,8,27
grid_eq,srs,1834,10,57,8,23,26,46,75,68,60,48,9,25,61,33,98,18
grid_eq,srs,1835,87,43,57,46,6,55,100,82,25,18,16,19,81,91,69,53
grid_eq,srs,1836,88,19,81,73,74,5,52,71,63,86,83,22,16,51,12,26
grid_eq,srs,1837,16,33,75,83,90,41,92,52,62,67,24,61,20,13,58,29
grid_eq,srs,1838,15,75,37,63,2,68,21,100,47,26,88,38,83,84,85,45
grid_eq,srs,1839,25,32,13,16,43,35,27,50,62,36,19,77,39,42,40,98
grid_eq,srs,1840,18,32,22,69,58,8,41,23,100,12,25,78,52,31,72,19
grid_eq,srs,1841,14,91,71,43,4,31,45,28,49,87,41,19,23,13,32,69
grid_eq,srs,1842,67,96,70,78,73,8,64,69,38,22,61,42,5,51,6,52
grid_eq,srs,1843,77,13,44,56,94,69,16,92,80,50,97,63,40,96,3,29
grid_eq,srs,1844,18,43,53,13,82,1,41,66,26,49,67,35,94,69,4,36
grid_eq,srs,1845,97,90,10,65,24,3,82,72,87,60,55,74,79,69,7,68
grid_eq,srs,1846,8,88,89,21,57,67,19,31,36,84,13,44,60,100,20,52
grid_eq,srs,1847,80,26,78,37,47,91,18,48,92,6,87,45,93,42,8,1
grid_eq,srs,1848,3,75,63,6,57,54,37,52,41,30,81,92,28,8,7,13
grid_eq,srs,1849,73,18,53,76,93,69,19,56,45,58,26,52,96,33,11,83
grid_eq,srs,1850,99,28,88,70,68,76,31,20,13,67,86,100,15,38,51,95
grid_eq,srs,1851,8,81,31,48,95,12,9,74,22,43,35,76,84,63,14,88
grid_eq,srs,1852,4,91,44,38,5,34,77,17,72,3,78,36,13,29,89,39
grid_eq,srs,1853,86,29,11,24,1,52,98,64,14,100,78,89,75,84,94,95
grid_eq,srs,1854,47,39,100,18,64,6,32,25,69,65,38,84,67,41,82,77
grid_eq,srs,1855,68,87,82,2,38,45,93,32,80,35,92,62,83,40,24,46
grid_eq,srs,1856,69,30,5,91,96,7,26,94,59,74,93,10,89,95,61,48
grid_eq,srs,1857,100,50,42,39,54,94,19,88,97,56,59,64,85,11,43,70
grid_eq,srs,1858,23,18,51,100,46,65,41,93,58,61,31,38,39,36,60,78
grid_eq,srs,1859,57,92,39,66,34,11,35,2,24,31,97,60,98,27,7,14
grid_eq,srs,1860,39,98,90,40,3,6,82,4,33,79,37,65,73,94,50,12
grid_eq,srs,1861,14,27,51,23,15,52,17,85,8,84,68,97,11,1,79,53
grid_eq,srs,1862,64,71,15,11,88,12,37,10,54,41,96,74,46,78,31,89
grid_eq,srs,1863,43,94,55,66,56,5,96,91,97,19,37,58,88,41,7,64
grid_eq,srs,1864,35,30,51,22,86,10,87,23,21,68,24,78,94,55,18,88
grid_eq,srs,1865,70,93,59,26,62,79,95,23,38,36,15,96,56,20,47,2
grid_eq,srs,1866,18,76,75,69,67,85,24,74,45,30,58,79,26,57,1,91
grid_eq,srs,1867,78,71,68,100,25,57,19,14,42,59,62,33,27,87,4,95
grid_eq,srs,1868,55,48,58,33,64,42,12,82,97,90,96,40,38,68,66,81
grid_eq,srs,1869,56,6,5,98,11,46,66,12,9,50,59,25,1,93,38,43
grid_eq,srs,1870,99,75,2,45,26,76,44,87,18,35,42,11,66,57,17,54
grid_eq,srs,1871,18,24,99,76,71,26,20,5,12,33,60,8,70,65,78,59
grid_eq,srs,1872,83,85,15,57,1,63,72,76,12,81,27,66,87,31,14,80
grid_eq,srs,1873,72,16,92,67,42,91,48,21,51,63,7,25,93,53,56,32
grid_eq,srs,1874,12,90,35,14,74,24,92,9,5,10,16,76,98,85,78,40
grid_eq,srs,1875,69,48,61,42,90,60,77,45,22,91,96,59,53,63,67,3
grid_eq,srs,1876,45,29,74,90,62,65,8,61,75,71,94,79,59,49,66,25
grid_eq,srs,1877,36,50,17,53,31,89,11,63,48,62,52,10,76,87,91,80
grid_eq,srs,1878,97,68,44,51,64,41,40,65,24,12,91,19,96,84,50,74
grid_eq,srs,1879,59,48,17,13,50,53,39,25,34,82,99,49,55,66,30,36
grid_eq,srs,1880,51,76,41,80,98,87,89,82,5,12,42,69,78,18,20,85
grid_eq,srs,1881,82,58,12,29,100,45,69,90,75,79,91,54,35,61,98,6
grid_eq,srs,1882,94,90,100,76,25,82,46,27,29,70,47,10,8,33,61,85
grid_eq,srs,1883,76,27,26,83,37,54,77,25,38,24,81,36,15,72,82,84
grid_eq,srs,1884,29,50,17,3,56,53,8,35,45,90,24,33,19,11,60,80
grid_eq,srs,1885,32,24,86,11,30,34,10,41,56,23,64,62,33,9,49,98
grid_eq,srs,1886,85,15,43,63,56,71,11,18,4,38,53,57,55,83,60,23
grid_eq,srs,1887,61,23,27,57,76,81,44,90,40,50,9,32,84,1,62,18
grid_eq,srs,1888,76,39,77,11,46,50,15,61,37,51,17,38,16,71,83,13
grid_eq,srs,1889,78,54,35,44,67,74,49,81,87,73,14,94,88,7,98,27
grid_eq,srs,1890,57,21,41,18,68,28,58,77,95,25,6,66,73,55,8,93
grid_eq,srs,1891,58,8,98,74,18,82,75,87,28,56,91,44,14,34,36,57
grid_eq,srs,1892,39,51,7,64,93,37,46,35,25,16,100,80,63,74,40,99
grid_eq,srs,1893,16,66,54,49,10,87,9,52,56,95,77,24,71,51,47,85
grid_eq,srs,1894,90,73,42,35,63,27,67,97,81,84,44,100,23,49,98,95
grid_eq,srs,1895,78,9,61,96,86,42,22,8,95,94,44,73,77,38,85,7
grid_eq,srs,1896,48,21,30,19,63,55,51,39,83,61,68,25,52,89,41,10
grid_eq,srs,1897,45,22,15,18,84,41,62,51,66,33,55,3,99,6,35,8
grid_eq,srs,1898,56,50,20,51,70,69,73,25,47,97,19,21,77,85,89,17
grid_eq,srs,1899,38,41,19,42,23,20,3,13,9,7,96,67,5,4,39,28
grid_eq,srs,1900,58,54,22,1,75,4,76,30,44,72,69,85,50,16,60,23
grid_eq,srs,1901,63,31,36,96,76,41,64,38,65,12,59,93,13,74,27,89
grid_eq,srs,1902,3,58,30,70,12,24,27,50,45,28,16,52,91,96,99,13
grid_eq,srs,1903,96,75,83,33,25,94,88,11,1,35,90,97,85,44,89,82
grid_eq,srs,1904,15,21,73,86,9,87,38,16,13,95,18,70,96,24,42,43
grid_eq,srs,1905,59,36,29,85,41,19,9,69,80,72,87,40,100,96,34,51
grid_eq,srs,1906,14,80,33,47,30,6,84,58,100,37,73,3,60,4,16,93
grid_eq,srs,1907,43,91,8,88,15,5,96,35,62,61,73,97,16,95,58,1
grid_eq,srs,1908,29,68,90,74,4,11,82,34,72,42,77,98,38,65,73,21
grid_eq,srs,1909,58,27,65,82,20,35,84,29,73,85,75,76,50,83,72,49
grid_eq,srs,1910,64,59,89,85,15,32,71,94,35,91,7,61,31,63,28,80
grid_eq,srs,1911,58,76,78,40,37,86,93,71,2,26,67,54,68,72,55,94
grid_eq,srs,1912,74,79,72,7,82,75,6,23,2,58,8,99,12,48,26,1
grid_eq,srs,1913,20,66,8,63,62,31,61,91,94,81,30,29,97,64,36,44
grid_eq,srs,1914,50,5,100,49,88,98,19,60,72,14,85,86,90,65,61,68
grid_eq,srs,1915,62,46,18,23,43,58,12,77,98,59,65,67,47,71,30,13
grid_eq,srs,1916,48,30,69,99,36,43,10,68,84,39,91,75,34,62,66,44
grid_eq,srs,1917,15,34,74,29,30,100,7,87,81,76,86,97,4,56,10,39
grid_eq,srs,1918,12,58,97,78,6,92,76,100,27,96,94,52,99,82,25,22
grid_eq,srs,1919,44,31,27,72,87,63,15,33,41,62,55,50,34,49,22,43
grid_eq,srs,1920,42,1,17,10,70,49,85,68,32,12,84,35,18,69,100,63
grid_eq,srs,1921,74,73,41,2,97,4,28,58,85,95,99,76,62,64,77,32
grid_eq,srs,1922,65,24,16,77,34,23,43,58,42,2,22,67,90,57,38,86
grid_eq,srs,1923,62,10,5,87,81,56,11,67,78,91,34,46,98,77,41,15
grid_eq,srs,1924,90,93,16,38,62,2,48,65,27,76,63,13,47,69,28,1
grid_eq,srs,1925,71,43,82,29,1,66,10,8,89,72,100,87,32,33,59,53
grid_eq,srs,1926,73,59,22,23,63,76,50,55,49,8,91,98,25,7,62,37
grid_eq,srs,1927,89,61,84,76,15,59,63,91,86,49,29,78,73,98,37,5
grid_eq,srs,1928,94,4,3,29,23,63,97,5,58,46,59,56,10,31,65,89
grid_eq,srs,1929,61,100,44,26,71,94,91,39,46,85,52,43,27,89,12,24
grid_eq,srs,1930,94,62,57,6,26,78,2,21,17,8,42,28,90,92,31,80
grid_eq,srs,1931,13,27,97,81,86,41,30,60,96,68,45,59,24,84,46,55
grid_eq,srs,1932,87,64,73,60,89,21,51,79,28,85,75,81,77,92,23,66
grid_eq,srs,1933,55,13,32,93,66,87,80,94,79,2,43,58,39,60,76,98
grid_eq,srs,1934,69,3,14,51,4,53,76,59,63,2,58,25,56,67,47,44
grid_eq,srs,1935,71,12,91,58,9,50,40,4,8,11,62,47,77,81,64,54
grid_eq,srs,1936,25,37,48,50,26,1,89,56,54,59,87,21,92,44,73,93
grid_eq,srs,1937,75,12,13,55,19,97,79,6,29,90,72,37,96,17,2,16
grid_eq,srs,1938,26,76,97,58,81,33,34,43,27,32,73,71,16,85,4,23
grid_eq,srs,1939,45,40,58,66,14,22,51,25,93,20,91,78,77,54,24,35
grid_eq,srs,1940,13,90,63,55,70,77,88,19,58,11,26,53,33,24,84,29
grid_eq,srs,1941,19,93,39,13,42,25,69,62,28,44,59,72,20,96,79,46
grid_eq,srs,1942,28,58,1,93,21,5,54,56,77,9,31,50,15,94,98,6
grid_eq,srs,1943,17,55,52,58,39,78,22,71,66,11,41,18,8,3,51,2
grid_eq,srs,1944,99,98,68,79,81,90,50,6,93,62,87,5,78,64,10,23
grid_eq,srs,1945,43,94,36,25,59,76,83,62,56,46,69,87,37,42,10,65
grid_eq,srs,1946,27,78,8,73,6,24,17,86,21,11,44,31,19,70,98,29
grid_eq,srs,1947,62,23,15,14,88,34,75,98,78,32,2,69,4,7,72,84
grid_eq,srs,1948,62,19,46,25,93,48,61,83,73,70,58,63,94,88,47,4
grid_eq,srs,1949,51,42,8,67,99,75,23,79,33,46,47,68,86,87,54,65
grid_eq,srs,1950,37,92,67,91,17,77,57,47,41,14,82,46,11,36,72,28
grid_eq,srs,1951,4,88,93,89,100,31,10,39,2,42,45,81,5,94,43,44
grid_eq,srs,1952,62,7,46,22,5,84,86,80,16,92,94,75,87,41,89,56
grid_eq,srs,1953,38,46,91,62,37,96,23,3,55,11,13,18,24,32,64,4
grid_eq,srs,1954,25,70,38,74,19,30,16,7,20,60,22,61,94,84,90,89
grid_eq,srs,1955,77,19,79,21,48,18,82,41,86,64,7,60,24,47,85,2
grid_eq,srs,1956,29,1,66,22,21,98,17,83,26,35,47,11,28,45,20,58
grid_eq,srs,1957,92,68,30,25,3,70,74,73,100,34,46,98,43,7,99,23
grid_eq,srs,1958,33,63,36,67,9,14,16,46,37,6,42,26,1,45,50,29
grid_eq,srs,1959,22,32,29,42,54,77,59,5,19,2,93,81,88,20,76,85
grid_eq,srs,1960,68,69,79,92,42,47,90,55,72,63,74,8,11,49,98,27
grid_eq,srs,1961,85,86,25,50,73,37,88,77,84,3,98,99,96,52,13,74
grid_eq,srs,1962,9,17,29,89,19,78,36,28,23,97,96,90,25,6,82,52
grid_eq,srs,1963,53,86,37,58,26,30,75,39,40,83,68,6,79,67,57,99
grid_eq,srs,1964,68,40,97,53,80,61,27,33,50,13,4,38,65,32,49,100
grid_eq,srs,1965,91,94,61,31,65,20,39,28,77,82,57,27,53,78,14,80
grid_eq,srs,1966,15,87,41,21,47,86,20,51,25,31,78,71,2,8,82,1
grid_eq,srs,1967,58,57,93,23,77,25,78,42,87,84,11,75,13,29,91,99
grid_eq,srs,1968,55,48,46,92,22,4,53,1,86,98,31,90,57,100,96,19
grid_eq,srs,1969,22,71,4,95,65,78,68,44,92,46,52,10,88,33,7,61
grid_eq,srs,1970,98,70,45,85,90,14,39,99,7,94,13,60,63,15,18,2
grid_eq,srs,1971,30,94,57,15,67,59,65,85,88,82,10,20,81,95,34,27
grid_eq,srs,1972,97,54,12,62,66,61,30,72,56,69,60,24,16,65,67,50
grid_eq,srs,1973,76,7,95,100,63,43,89,73,24,18,96,19,22,71,2,34
grid_eq,srs,1974,18,39,21,15,11,49,93,92,66,26,6,81,85,68,48,16
grid_eq,srs,1975,8,94,33,35,23,25,65,71,6,86,10,32,52,44,34,50
grid_eq,srs,1976,83,14,84,67,10,37,16,43,94,50,96,21,11,9,85,44
grid_eq,srs,1977,95,51,90,35,28,79,18,66,14,74,49,70,25,92,21,57
grid_eq,srs,1978,57,75,51,25,26,36,10,18,97,3,35,40,68,55,92,72
grid_eq,srs,1979,19,85,4,73,13,42,20,41,22,8,10,59,2,39,69,89
grid_eq,srs,1980,95,38,82,37,51,60,21,28,52,80,100,71,16,10,44,35
grid_eq,srs,1981,44,74,8,82,53,76,31,1,87,2,25,56,61,40,10,33
grid_eq,srs,1982,7,37,42,13,100,73,86,93,33,44,57,52,68,72,90,65
grid_eq,srs,1983,38,94,80,4,12,1,79,92,100,82,60,66,11,33,90,99
grid_eq,srs,1984,35,80,9,19,43,4,45,71,41,31,42,61,32,15,46,17
grid_eq,srs,1985,93,76,99,33,32,65,46,50,88,28,35,18,56,29,16,13
grid_eq,srs,1986,26,80,30,94,89,83,82,31,3,100,67,70,45,6,2,54
grid_eq,srs,1987,8,63,57,42,52,70,48,55,88,37,47,31,43,29,65,20
grid_eq,srs,1988,24,52,13,96,56,75,61,97,30,51,79,63,74,7,26,6
grid_eq,srs,1989,16,24,59,84,100,2,57,97,89,35,71,10,11,98,3,96
grid_eq,srs,1990,57,32,10,58,28,53,87,95,91,1,23,74,3,48,17,82
grid_eq,srs,1991,96,45,24,10,27,86,8,48,23,12,93,15,91,80,81,49
grid_eq,srs,1992,96,26,58,25,60,3,99,51,83,97,56,19,30,91,18,12
grid_eq,srs,1993,63,62,98,24,97,41,96,44,19,3,9,21,78,23,34,36
grid_eq,srs,1994,25,16,63,61,77,69,55,64,30,50,97,57,17,8,90,95
grid_eq,srs,1995,57,36,66,59,5,21,6,19,9,61,96,49,43,4,67,87
grid_eq,srs,1996,30,83,61,29,46,1,67,7,82,98,66,27,19,25,44,16
grid_eq,srs,1997,52,42,82,59,75,10,58,60,78,2,62,76,37,15,25,72
grid_eq,srs,1998,17,80,71,10,84,99,47,77,73,30,38,8,42,68,89,24
grid_eq,srs,1999,80,100,39,64,47,67,62,28,1,71,31,18,48,29,12,59
grid_eq,srs,2000,47,97,13,86,50,43,88,96,90,4,11,80,10,25,24,99
clust_eq,UPmaxentropy,1,9,17,19,21,25,26,31,33,57,58,62,75,78,83,90,98
clust_eq,UPmaxentropy,2,8,9,20,23,24,25,40,47,51,56,62,66,67,73,79,97
clust_eq,UPmaxentropy,3,2,3,10,18,21,28,29,42,56,60,69,75,78,82,88,94
clust_eq,UPmaxentropy,4,1,2,4,5,6,19,31,38,40,42,53,57,68,88,93,97
clust_eq,UPmaxentropy,5,7,22,35,36,38,39,44,74,77,78,79,80,85,88,94,97
clust_eq,UPmaxentropy,6,1,2,7,8,17,34,45,49,51,58,68,79,82,86,90,98
clust_eq,UPmaxentropy,7,2,12,23,31,32,33,52,55,57,58,76,77,79,84,85,90
clust_eq,UPmaxentropy,8,1,4,5,11,12,19,23,42,47,49,61,63,68,76,96,99
clust_eq,UPmaxentropy,9,6,8,13,17,32,34,44,48,54,59,66,76,78,80,86,96
clust_eq,UPmaxentropy,10,1,5,10,12,22,27,29,30,61,67,69,89,91,97,98,100
clust_eq,UPmaxentropy,11,5,9,30,35,42,43,45,51,61,71,73,76,77,84,90,92
clust_eq,UPmaxentropy,12,14,15,24,36,37,47,48,50,51,58,65,69,75,78,91,99
clust_eq,UPmaxentropy,13,2,10,22,23,31,33,40,41,47,48,53,67,70,72,89,98
clust_eq,UPmaxentropy,14,1,13,15,16,23,29,31,33,40,44,47,52,53,55,73,91
clust_eq,UPmaxentropy,15,1,12,31,32,34,41,43,46,49,53,60,71,79,80,92,94
clust_eq,UPmaxentropy,16,4,5,8,25,28,37,47,50,52,54,57,62,67,70,75,94
clust_eq,UPmaxentropy,17,12,13,18,33,35,45,47,53,55,75,77,83,85,87,90,93
clust_eq,UPmaxentropy,18,3,19,22,28,36,37,41,42,49,51,55,81,87,88,89,98
clust_eq,UPmaxentropy,19,6,10,12,18,21,25,29,31,37,39,56,61,62,64,88,89
clust_eq,UPmaxentropy,20,5,8,19,22,38,42,43,46,47,51,55,58,59,90,93,98
clust_eq,UPmaxentropy,21,3,4,5,19,25,26,39,42,56,61,67,69,80,92,93,95
clust_eq,UPmaxentropy,22,3,6,16,19,20,24,25,31,41,42,51,56,68,73,74,89
clust_eq,UPmaxentropy,23,4,7,9,14,25,28,36,38,39,45,51,60,63,67,83,86
clust_eq,UPmaxentropy,24,8,11,17,28,32,46,58,59,60,61,68,71,75,86,98,100
clust_eq,UPmaxentropy,25,2,6,9,14,24,25,26,30,36,58,62,69,70,75,76,82
clust_eq,UPmaxentropy,26,4,9,19,25,26,32,36,40,48,56,64,75,87,91,98,100
clust_eq,UPmaxentropy,27,1,6,10,16,27,29,31,32,39,41,43,45,56,72,87,88
clust_eq,UPmaxentropy,28,1,3,22,26,35,48,49,50,51,53,56,64,67,89,93,96
clust_eq,UPmaxentropy,29,17,19,26,29,33,46,52,59,65,66,68,73,84,94,99,100
clust_eq,UPmaxentropy,30,8,12,16,21,22,25,28,35,56,61,66,69,78,85,95,97
clust_eq,UPmaxentropy,31,2,14,22,30,46,51,55,58,70,72,73,75,80,84,85,94
clust_eq,UPmaxentropy,32,3,12,14,18,29,36,43,53,72,74,79,88,92,93,96,98
clust_eq,UPmaxentropy,33,1,11,21,26,28,38,39,42,58,69,72,74,75,78,80,91
clust_eq,UPmaxentropy,34,5,14,24,30,48,49,50,53,57,64,66,69,75,76,77,100
clust_eq,UPmaxentropy,35,2,4,9,23,30,45,48,52,68,73,74,78,85,90,92,100
clust_eq,UPmaxentropy,36,3,5,9,14,29,36,41,47,48,50,54,55,57,68,75,78
clust_eq,UPmaxentropy,37,4,5,11,13,21,22,25,28,30,53,72,76,82,87,95,99
clust_eq,UPmaxentropy,38,5,8,14,22,26,27,29,30,40,45,52,72,75,77,91,98
clust_eq,UPmaxentropy,39,12,17,19,27,32,36,39,49,52,53,55,75,78,79,90,99
clust_eq,UPmaxentropy,40,22,24,28,29,31,32,35,36,46,48,52,57,59,68,81,97
clust_eq,UPmaxentropy,41,1,8,14,17,29,43,45,46,50,52,64,83,84,92,93,94
clust_eq,UPmaxentropy,42,8,10,13,17,21,22,24,36,40,68,85,87,91,92,94,97
clust_eq,UPmaxentropy,43,4,6,7,8,12,18,20,24,26,34,56,57,62,67,74,84
clust_eq,UPmaxentropy,44,11,15,19,23,29,39,46,58,70,75,78,81,82,93,98,99
clust_eq,UPmaxentropy,45,7,9,14,16,21,27,33,41,46,52,59,72,73,81,86,93
clust_eq,UPmaxentropy,46,3,12,31,34,37,40,43,45,48,66,74,78,83,86,87,94
clust_eq,UPmaxentropy,47,7,26,32,34,49,54,56,74,76,79,86,87,90,91,93,97
clust_eq,UPmaxentropy,48,11,22,23,25,26,30,45,63,74,75,78,79,88,95,97,100
clust_eq,UPmaxentropy,49,13,16,20,21,29,30,31,34,39,42,44,48,76,80,87,91
clust_eq,UPmaxentropy,50,4,29,31,36,41,42,45,51,57,66,72,82,91,95,97,100
clust_eq,UPmaxentropy,51,7,13,17,18,22,38,40,53,58,59,62,70,77,93,96,97
clust_eq,UPmaxentropy,52,1,2,15,19,27,30,43,49,60,62,63,64,72,83,95,98
clust_eq,UPmaxentropy,53,1,16,21,35,41,48,52,59,61,62,64,70,78,86,89,99
clust_eq,UPmaxentropy,54,6,11,14,15,18,46,53,59,62,73,74,75,86,91,92,96
clust_eq,UPmaxentropy,55,1,16,17,18,29,30,50,57,58,66,67,72,79,81,82,84
clust_eq,UPmaxentropy,56,4,7,18,24,27,36,45,60,63,64,70,80,86,88,92,93
clust_eq,UPmaxentropy,57,11,19,27,29,33,34,36,37,51,52,56,68,73,74,83,95
clust_eq,UPmaxentropy,58,13,19,32,33,41,42,45,53,55,59,73,83,92,93,94,96
clust_eq,UPmaxentropy,59,3,5,23,28,33,34,55,60,66,67,81,85,86,91,92,96
clust_eq,UPmaxentropy,60,1,5,9,13,22,23,27,29,41,51,56,58,59,63,69,74
clust_eq,UPmaxentropy,61,11,15,19,23,29,30,38,44,47,54,67,72,79,82,94,97
clust_eq,UPmaxentropy,62,1,4,6,20,26,31,32,46,52,62,65,73,76,88,89,99
clust_eq,UPmaxentropy,63,5,8,11,26,27,28,38,44,47,51,52,59,64,70,75,78
clust_eq,UPmaxentropy,64,1,7,11,25,26,30,31,49,57,65,68,77,78,80,89,100
clust_eq,UPmaxentropy,65,3,6,12,18,19,38,55,57,64,65,71,77,78,87,93,98
clust_eq,UPmaxentropy,66,3,7,13,16,33,35,37,46,48,50,59,63,66,81,88,96
clust_eq,UPmaxentropy,67,3,4,6,7,9,13,43,45,52,58,63,65,85,86,87,90
clust_eq,UPmaxentropy,68,18,23,28,29,32,39,41,46,50,57,58,62,85,87,90,92
clust_eq,UPmaxentropy,69,7,10,17,20,27,28,41,42,45,52,56,64,68,76,77,78
clust_eq,UPmaxentropy,70,6,8,12,28,39,48,52,57,66,68,76,78,79,81,85,93
clust_eq,UPmaxentropy,71,4,9,17,21,28,31,41,45,46,54,57,61,74,75,80,92
clust_eq,UPmaxentropy,72,18,20,25,50,59,61,69,70,74,82,83,84,86,90,92,96
clust_eq,UPmaxentropy,73,4,8,20,25,27,33,38,55,67,71,80,83,95,96,97,100
clust_eq,UPmaxentropy,74,6,7,15,26,38,43,44,56,64,67,70,78,82,86,88,92
clust_eq,UPmaxentropy,75,2,5,7,11,24,40,46,47,70,73,78,87,89,91,92,93
clust_eq,UPmaxentropy,76,13,14,18,23,33,43,47,50,63,70,84,90,92,93,94,96
clust_eq,UPmaxentropy,77,3,7,15,18,27,29,34,46,49,55,56,57,61,73,75,94
clust_eq,UPmaxentropy,78,5,12,29,35,42,43,44,62,63,74,79,84,89,91,93,97
clust_eq,UPmaxentropy,79,1,9,10,13,22,26,32,49,50,57,59,86,87,89,91,95
clust_eq,UPmaxentropy,80,8,14,16,24,25,28,31,35,40,42,45,52,57,78,80,97
clust_eq,UPmaxentropy,81,2,5,13,14,21,32,42,61,64,67,69,70,84,86,90,99
clust_eq,UPmaxentropy,82,10,14,22,25,31,43,48,62,66,69,70,72,81,88,89,99
clust_eq,UPmaxentropy,83,8,17,22,28,31,41,44,52,53,59,60,64,70,74,77,87
clust_eq,UPmaxentropy,84,7,21,23,26,28,29,30,32,44,45,50,55,57,66,78,96
clust_eq,UPmaxentropy,85,2,3,12,19,20,26,30,36,42,51,65,77,89,91,98,100
clust_eq,UPmaxentropy,86,1,18,24,27,33,48,52,56,65,70,72,73,75,88,97,99
clust_eq,UPmaxentropy,87,3,22,23,32,39,44,47,50,69,70,72,73,76,77,87,98
clust_eq,UPmaxentropy,88,13,18,30,39,42,43,50,51,52,62,70,76,78,80,85,98
clust_eq,UPmaxentropy,89,2,7,12,23,28,31,42,43,57,61,69,72,74,77,88,93
clust_eq,UPmaxentropy,90,1,16,32,35,38,44,45,50,51,56,57,67,74,86,88,100
clust_eq,UPmaxentropy,91,2,6,13,20,25,30,32,40,55,58,60,62,75,84,85,87
clust_eq,UPmaxentropy,92,5,15,19,26,41,44,46,47,61,71,76,77,79,86,87,97
clust_eq,UPmaxentropy,93,8,11,12,20,21,25,31,36,38,45,50,57,64,71,91,98
clust_eq,UPmaxentropy,94,12,13,19,26,49,55,58,60,61,64,69,71,74,77,92,99
clust_eq,UPmaxentropy,95,2,5,11,12,25,31,49,52,64,70,75,76,77,78,86,87
clust_eq,UPmaxentropy,96,4,6,17,24,30,31,35,50,58,60,62,66,70,82,95,100
clust_eq,UPmaxentropy,97,6,12,16,21,22,30,31,33,42,57,69,82,83,90,96,97
clust_eq,UPmaxentropy,98,9,11,27,28,38,40,43,48,49,51,56,61,62,71,74,92
clust_eq,UPmaxentropy,99,17,21,29,34,42,43,48,50,56,58,60,70,76,77,87,95
clust_eq,UPmaxentropy,100,1,4,7,16,20,21,24,28,36,46,60,66,80,89,98,100
clust_eq,UPmaxentropy,101,18,24,30,35,36,55,56,57,59,61,64,70,79,95,98,99
clust_eq,UPmaxentropy,102,4,22,26,28,31,32,33,39,60,64,65,74,79,84,88,99
clust_eq,UPmaxentropy,103,8,13,23,29,32,34,48,53,63,66,68,71,85,88,94,95
clust_eq,UPmaxentropy,104,13,15,16,17,18,24,40,43,49,62,64,86,90,95,98,99
clust_eq,UPmaxentropy,105,2,11,25,27,32,35,36,38,48,50,71,80,88,92,93,97
clust_eq,UPmaxentropy,106,13,17,20,42,58,59,60,64,65,72,76,83,89,92,94,99
clust_eq,UPmaxentropy,107,1,5,6,10,11,13,14,15,17,20,51,53,71,87,94,96
clust_eq,UPmaxentropy,108,2,3,4,6,14,20,23,27,34,45,58,71,88,92,97,98
clust_eq,UPmaxentropy,109,11,17,18,22,29,41,45,46,56,57,62,68,78,82,84,90
clust_eq,UPmaxentropy,110,4,19,20,26,28,29,34,38,43,44,54,69,73,80,86,88
clust_eq,UPmaxentropy,111,13,14,17,18,20,23,28,30,34,42,66,72,74,75,84,88
clust_eq,UPmaxentropy,112,3,9,15,17,25,41,42,47,48,67,71,77,83,86,96,98
clust_eq,UPmaxentropy,113,7,13,19,24,39,43,45,51,53,55,61,83,85,89,91,94
clust_eq,UPmaxentropy,114,11,14,17,24,25,41,43,45,54,59,63,72,76,79,86,88
clust_eq,UPmaxentropy,115,10,13,17,20,28,48,50,52,54,62,67,72,74,78,80,98
clust_eq,UPmaxentropy,116,2,21,25,27,34,39,55,67,68,69,77,80,81,82,88,98
clust_eq,UPmaxentropy,117,6,10,15,16,29,32,33,34,45,48,53,56,58,75,82,98
clust_eq,UPmaxentropy,118,7,17,24,25,27,28,30,34,43,49,55,71,73,79,84,95
clust_eq,UPmaxentropy,119,1,6,18,40,46,49,57,58,61,62,64,76,80,87,92,95
clust_eq,UPmaxentropy,120,1,6,15,23,37,49,57,61,62,63,77,85,89,92,93,95
clust_eq,UPmaxentropy,121,2,3,8,18,21,27,32,38,44,49,51,56,73,74,81,94
clust_eq,UPmaxentropy,122,12,23,24,26,27,29,33,39,40,47,50,57,86,93,96,99
clust_eq,UPmaxentropy,123,13,22,23,28,29,32,43,62,67,70,75,79,86,92,95,97
clust_eq,UPmaxentropy,124,2,5,8,12,13,14,18,24,43,54,68,70,71,82,90,97
clust_eq,UPmaxentropy,125,9,10,15,21,27,35,50,51,52,53,67,73,76,79,81,82
clust_eq,UPmaxentropy,126,10,22,23,25,32,36,37,45,50,72,74,82,86,91,95,97
clust_eq,UPmaxentropy,127,6,7,8,21,22,38,40,43,44,54,55,59,62,64,93,94
clust_eq,UPmaxentropy,128,14,16,19,20,21,23,25,34,37,45,48,54,55,64,70,90
clust_eq,UPmaxentropy,129,2,4,18,22,24,34,49,52,53,57,64,67,80,82,83,98
clust_eq,UPmaxentropy,130,3,19,20,27,28,34,36,39,44,45,46,75,90,91,99,100
clust_eq,UPmaxentropy,131,4,6,20,28,45,53,54,58,66,67,71,72,77,82,83,100
clust_eq,UPmaxentropy,132,4,9,18,20,37,39,40,47,56,59,72,85,87,92,96,98
clust_eq,UPmaxentropy,133,6,9,21,23,27,29,52,56,62,75,76,79,80,89,95,99
clust_eq,UPmaxentropy,134,2,3,7,15,25,33,45,54,61,63,74,81,83,91,95,96
clust_eq,UPmaxentropy,135,4,6,16,29,34,48,57,62,64,67,68,77,90,94,95,98
clust_eq,UPmaxentropy,136,1,14,21,33,35,42,43,47,54,62,65,73,75,78,90,96
clust_eq,UPmaxentropy,137,14,17,20,23,25,28,32,53,59,60,64,65,72,77,88,95
clust_eq,UPmaxentropy,138,1,14,17,31,33,44,53,64,65,67,68,70,75,77,79,95
clust_eq,UPmaxentropy,139,5,7,10,12,22,24,35,38,43,53,65,66,69,90,95,100
clust_eq,UPmaxentropy,140,6,13,14,16,18,29,46,47,66,71,72,84,85,94,96,100
clust_eq,UPmaxentropy,141,8,18,25,27,38,56,58,64,65,73,76,81,85,89,91,92
clust_eq,UPmaxentropy,142,1,15,19,27,28,44,50,58,62,68,78,84,87,93,95,100
clust_eq,UPmaxentropy,143,3,7,9,15,21,23,25,26,49,50,52,63,72,79,83,88
clust_eq,UPmaxentropy,144,3,11,12,17,20,32,36,40,45,47,48,50,55,71,87,89
clust_eq,UPmaxentropy,145,4,7,17,22,33,48,56,58,64,65,66,71,72,73,84,89
clust_eq,UPmaxentropy,146,12,15,21,25,33,39,41,42,48,49,55,61,68,73,80,81
clust_eq,UPmaxentropy,147,2,6,11,25,29,33,44,45,57,58,60,65,67,75,79,98
clust_eq,UPmaxentropy,148,13,26,40,65,67,69,79,80,81,84,87,91,92,93,99,100
clust_eq,UPmaxentropy,149,5,14,18,19,27,29,34,37,43,44,54,55,62,70,98,100
clust_eq,UPmaxentropy,150,5,20,27,37,38,40,46,61,63,64,66,76,77,86,92,94
clust_eq,UPmaxentropy,151,3,6,19,42,54,59,67,69,76,83,84,86,89,93,96,100
clust_eq,UPmaxentropy,152,14,15,20,24,32,40,41,52,61,64,74,77,78,79,82,91
clust_eq,UPmaxentropy,153,3,25,27,29,31,40,41,42,44,45,57,68,76,92,94,100
clust_eq,UPmaxentropy,154,5,6,11,22,23,46,70,77,79,82,86,88,89,95,99,100
clust_eq,UPmaxentropy,155,3,5,12,18,22,23,26,28,40,43,47,48,61,66,75,76
clust_eq,UPmaxentropy,156,16,25,31,32,33,42,45,52,66,68,70,71,75,84,85,100
clust_eq,UPmaxentropy,157,6,7,10,15,22,23,24,27,41,44,49,50,56,60,68,96
clust_eq,UPmaxentropy,158,8,29,33,35,36,46,47,54,60,67,73,74,86,89,91,94
clust_eq,UPmaxentropy,159,11,15,19,26,33,35,41,51,57,58,67,71,73,74,82,94
clust_eq,UPmaxentropy,160,6,11,15,17,22,36,44,53,55,63,65,89,93,94,97,98
clust_eq,UPmaxentropy,161,17,20,25,33,36,37,48,49,54,64,65,69,71,79,84,85
clust_eq,UPmaxentropy,162,13,16,38,42,43,45,50,62,64,69,70,76,78,85,97,99
clust_eq,UPmaxentropy,163,5,6,19,32,43,47,48,49,61,74,77,82,87,90,97,98
clust_eq,UPmaxentropy,164,5,6,15,21,26,30,39,42,43,56,58,60,62,64,73,86
clust_eq,UPmaxentropy,165,6,17,20,26,38,40,58,63,67,74,75,78,83,85,88,96
clust_eq,UPmaxentropy,166,3,7,15,31,39,41,44,46,50,53,58,61,72,74,92,99
clust_eq,UPmaxentropy,167,1,2,4,9,10,16,25,39,42,63,68,73,77,86,92,98
clust_eq,UPmaxentropy,168,5,14,18,19,41,43,44,63,65,68,74,83,92,93,96,97
clust_eq,UPmaxentropy,169,5,6,13,14,17,20,22,29,33,40,47,49,67,77,82,98
clust_eq,UPmaxentropy,170,2,18,19,31,37,42,43,47,55,65,69,73,82,85,90,97
clust_eq,UPmaxentropy,171,1,4,7,11,13,16,19,21,22,25,28,34,37,59,60,96
clust_eq,UPmaxentropy,172,11,13,15,21,24,25,27,31,46,57,60,68,75,84,88,95
clust_eq,UPmaxentropy,173,1,10,12,18,29,43,54,55,68,71,72,73,75,83,84,87
clust_eq,UPmaxentropy,174,6,14,21,24,25,40,49,50,55,57,63,70,76,77,84,89
clust_eq,UPmaxentropy,175,6,13,15,16,19,20,30,40,49,62,63,64,75,90,96,97
clust_eq,UPmaxentropy,176,1,4,7,10,14,38,41,43,47,53,58,62,63,74,90,99
clust_eq,UPmaxentropy,177,2,10,14,22,34,38,56,60,63,69,73,80,81,82,86,93
clust_eq,UPmaxentropy,178,12,18,31,34,35,45,51,59,61,64,69,76,80,85,96,100
clust_eq,UPmaxentropy,179,4,5,6,22,24,28,33,35,40,41,47,48,56,57,67,71
clust_eq,UPmaxentropy,180,3,12,13,23,25,33,42,45,48,56,68,82,83,88,91,96
clust_eq,UPmaxentropy,181,2,4,7,23,27,31,45,49,61,64,77,86,89,92,96,99
clust_eq,UPmaxentropy,182,9,16,18,23,29,30,34,45,64,70,76,80,90,91,96,99
clust_eq,UPmaxentropy,183,24,27,30,33,34,45,46,50,56,63,66,77,78,79,80,88
clust_eq,UPmaxentropy,184,3,12,15,17,30,43,47,60,65,70,71,73,82,87,90,94
clust_eq,UPmaxentropy,185,10,11,12,18,22,23,36,41,42,47,48,52,66,84,94,96
clust_eq,UPmaxentropy,186,11,27,41,53,55,61,75,76,79,81,82,83,86,93,94,99
clust_eq,UPmaxentropy,187,13,19,20,23,34,43,51,56,59,60,64,73,79,89,94,95
clust_eq,UPmaxentropy,188,2,7,17,22,37,38,41,59,66,70,71,76,81,86,94,98
clust_eq,UPmaxentropy,189,6,7,8,12,47,51,59,60,76,77,78,79,80,84,85,89
clust_eq,UPmaxentropy,190,12,15,26,28,34,38,52,56,60,64,68,73,85,86,93,98
clust_eq,UPmaxentropy,191,7,9,10,11,16,25,28,36,42,48,60,65,67,85,87,95
clust_eq,UPmaxentropy,192,11,14,17,18,23,31,36,41,51,59,61,67,81,84,96,100
clust_eq,UPmaxentropy,193,3,5,6,8,14,21,37,48,56,58,60,68,71,85,87,90
clust_eq,UPmaxentropy,194,2,3,19,23,26,27,31,34,47,48,56,58,73,82,89,93
clust_eq,UPmaxentropy,195,1,2,10,14,22,34,38,39,56,67,68,75,77,81,89,97
clust_eq,UPmaxentropy,196,11,13,14,16,22,24,31,34,37,47,48,50,63,73,74,98
clust_eq,UPmaxentropy,197,9,14,26,28,32,40,47,48,64,66,75,81,91,93,96,97
clust_eq,UPmaxentropy,198,1,10,18,23,25,43,44,51,55,66,68,79,80,89,95,100
clust_eq,UPmaxentropy,199,14,15,23,41,42,48,49,57,60,61,75,76,86,92,96,98
clust_eq,UPmaxentropy,200,2,4,12,19,23,24,42,44,62,63,65,70,71,76,83,93
clust_eq,UPmaxentropy,201,1,4,7,8,11,24,46,49,67,72,74,77,83,87,93,97
clust_eq,UPmaxentropy,202,9,11,13,20,29,31,44,46,58,63,71,77,78,88,89,92
clust_eq,UPmaxentropy,203,1,6,9,10,15,20,27,31,53,61,63,77,80,86,93,96
clust_eq,UPmaxentropy,204,1,2,21,23,25,41,52,58,65,72,77,83,84,88,90,94
clust_eq,UPmaxentropy,205,4,7,11,14,45,46,51,55,57,66,73,75,86,89,93,95
clust_eq,UPmaxentropy,206,6,7,11,18,31,34,41,45,49,51,59,68,70,71,77,78
clust_eq,UPmaxentropy,207,5,11,14,15,33,39,52,53,57,58,60,61,73,78,83,84
clust_eq,UPmaxentropy,208,17,24,28,31,34,36,38,52,54,60,65,66,70,75,86,96
clust_eq,UPmaxentropy,209,1,3,4,17,21,22,34,35,37,43,44,50,51,71,81,98
clust_eq,UPmaxentropy,210,3,6,10,21,46,49,51,54,55,60,64,68,70,79,92,96
clust_eq,UPmaxentropy,211,7,12,22,23,52,53,56,63,65,76,79,82,91,94,96,100
clust_eq,UPmaxentropy,212,1,4,5,11,12,20,29,35,36,49,53,54,71,86,92,93
clust_eq,UPmaxentropy,213,2,4,5,10,11,16,41,46,49,52,53,67,79,81,84,90
clust_eq,UPmaxentropy,214,3,20,21,26,32,33,41,42,46,69,75,79,80,85,94,97
clust_eq,UPmaxentropy,215,10,26,27,32,45,52,56,69,75,77,82,83,86,87,97,100
clust_eq,UPmaxentropy,216,16,23,29,37,42,47,49,50,53,54,55,60,72,80,89,100
clust_eq,UPmaxentropy,217,2,4,11,13,14,15,18,27,30,33,41,46,53,60,88,89
clust_eq,UPmaxentropy,218,4,7,21,30,36,39,40,42,50,54,56,69,92,93,95,99
clust_eq,UPmaxentropy,219,10,13,32,44,53,54,57,63,70,72,74,75,89,91,95,97
clust_eq,UPmaxentropy,220,7,24,28,34,36,45,48,52,54,66,70,72,80,86,94,98
clust_eq,UPmaxentropy,221,1,24,29,32,33,36,37,41,50,55,61,66,72,76,82,88
clust_eq,UPmaxentropy,222,8,18,20,26,31,45,46,52,54,62,70,72,82,83,84,85
clust_eq,UPmaxentropy,223,3,4,7,17,21,33,41,44,47,48,62,64,78,89,92,96
clust_eq,UPmaxentropy,224,9,10,16,25,38,40,47,56,62,65,66,67,68,79,83,95
clust_eq,UPmaxentropy,225,9,21,25,27,34,40,52,56,67,68,70,71,83,88,92,96
clust_eq,UPmaxentropy,226,5,14,18,20,25,28,46,49,54,82,85,89,91,96,97,100
clust_eq,UPmaxentropy,227,3,26,41,44,47,48,59,61,63,64,72,78,79,84,95,99
clust_eq,UPmaxentropy,228,4,10,12,13,15,18,20,27,29,51,53,71,72,81,88,92
clust_eq,UPmaxentropy,229,5,7,11,17,23,24,27,30,37,38,41,73,76,79,96,99
clust_eq,UPmaxentropy,230,4,19,23,30,44,45,46,51,53,57,62,66,77,84,88,94
clust_eq,UPmaxentropy,231,8,9,12,17,18,40,47,53,58,60,66,76,78,80,93,96
clust_eq,UPmaxentropy,232,5,10,11,13,26,37,54,57,58,67,70,86,89,93,97,99
clust_eq,UPmaxentropy,233,12,14,19,20,22,26,30,35,41,57,64,68,72,83,87,90
clust_eq,UPmaxentropy,234,11,12,14,16,29,34,39,51,55,60,68,69,72,75,77,96
clust_eq,UPmaxentropy,235,20,21,33,34,47,54,63,70,72,77,78,84,87,88,95,96
clust_eq,UPmaxentropy,236,6,7,22,29,31,32,33,39,44,45,59,78,80,93,97,99
clust_eq,UPmaxentropy,237,7,21,23,30,31,32,37,38,41,65,67,70,77,78,80,89
clust_eq,UPmaxentropy,238,5,7,8,25,30,38,46,48,54,85,88,89,92,93,95,97
clust_eq,UPmaxentropy,239,1,3,12,21,27,58,63,65,66,75,85,86,94,95,98,99
clust_eq,UPmaxentropy,240,1,3,11,22,26,31,37,41,42,46,57,65,69,78,82,90
clust_eq,UPmaxentropy,241,1,7,12,15,19,26,32,42,48,59,71,78,79,81,85,95
clust_eq,UPmaxentropy,242,2,12,16,25,28,29,42,70,72,73,74,75,76,77,81,82
clust_eq,UPmaxentropy,243,8,13,17,18,22,27,42,56,57,58,61,79,82,88,89,95
clust_eq,UPmaxentropy,244,1,3,32,39,54,58,59,62,64,67,69,75,83,91,98,99
clust_eq,UPmaxentropy,245,12,13,14,17,33,35,44,48,54,64,70,76,78,79,97,99
clust_eq,UPmaxentropy,246,8,12,17,21,26,29,32,56,59,65,72,75,80,91,94,97
clust_eq,UPmaxentropy,247,2,20,21,23,24,29,30,32,33,52,58,78,87,90,97,100
clust_eq,UPmaxentropy,248,13,22,25,28,36,39,46,47,51,54,60,75,76,79,80,97
clust_eq,UPmaxentropy,249,5,6,7,12,17,18,20,23,25,35,47,53,63,81,96,99
clust_eq,UPmaxentropy,250,2,6,9,13,14,15,30,33,34,36,42,50,52,63,80,82
clust_eq,UPmaxentropy,251,8,13,15,34,47,49,54,74,76,80,84,85,86,88,93,94
clust_eq,UPmaxentropy,252,5,17,19,20,30,39,45,46,53,63,69,70,76,90,93,96
clust_eq,UPmaxentropy,253,5,16,18,24,39,44,56,61,67,71,73,76,77,84,89,90
clust_eq,UPmaxentropy,254,9,13,17,21,34,35,37,45,47,54,55,65,71,74,76,95
clust_eq,UPmaxentropy,255,2,14,16,19,27,28,31,46,51,64,66,67,71,80,96,100
clust_eq,UPmaxentropy,256,7,8,11,14,15,19,25,27,41,53,58,70,71,78,90,92
clust_eq,UPmaxentropy,257,9,19,20,22,28,35,37,46,49,57,60,68,77,89,94,98
clust_eq,UPmaxentropy,258,4,9,14,18,19,25,36,44,46,49,57,64,67,75,76,87
clust_eq,UPmaxentropy,259,2,37,38,40,47,48,51,59,65,69,71,72,74,85,87,91
clust_eq,UPmaxentropy,260,1,2,4,12,16,18,20,21,22,31,48,50,70,85,95,98
clust_eq,UPmaxentropy,261,3,20,27,38,47,50,68,70,71,73,81,82,83,85,90,95
clust_eq,UPmaxentropy,262,12,15,20,27,29,30,32,35,52,58,59,60,84,87,88,97
clust_eq,UPmaxentropy,263,5,12,14,17,18,29,32,34,35,46,51,53,59,64,74,86
clust_eq,UPmaxentropy,264,2,24,28,32,33,39,40,52,53,55,58,69,70,75,91,94
clust_eq,UPmaxentropy,265,4,5,13,14,25,28,34,35,43,47,50,57,71,77,87,88
clust_eq,UPmaxentropy,266,1,5,12,17,18,26,31,39,44,45,46,51,52,67,75,77
clust_eq,UPmaxentropy,267,2,3,9,12,13,15,19,22,49,56,57,64,68,79,85,96
clust_eq,UPmaxentropy,268,3,7,12,16,26,30,32,37,38,42,44,45,52,74,86,97
clust_eq,UPmaxentropy,269,2,9,14,15,18,24,26,27,29,55,70,72,73,79,86,96
clust_eq,UPmaxentropy,270,6,7,14,27,35,44,51,53,56,61,62,73,75,85,92,98
clust_eq,UPmaxentropy,271,19,21,23,26,28,30,32,35,39,55,71,79,83,85,93,97
clust_eq,UPmaxentropy,272,1,2,5,16,21,22,28,29,42,44,48,76,77,84,91,95
clust_eq,UPmaxentropy,273,19,24,31,52,63,70,74,75,77,80,83,86,88,91,94,96
clust_eq,UPmaxentropy,274,2,4,25,26,31,34,40,46,51,56,61,68,72,80,86,98
clust_eq,UPmaxentropy,275,12,13,17,20,23,25,29,34,38,57,64,65,70,83,88,99
clust_eq,UPmaxentropy,276,23,24,33,43,45,48,49,51,55,65,77,78,86,93,95,100
clust_eq,UPmaxentropy,277,1,4,6,12,14,18,22,25,26,33,43,55,64,67,81,89
clust_eq,UPmaxentropy,278,9,15,19,21,56,67,70,74,75,79,80,81,90,91,94,97
clust_eq,UPmaxentropy,279,6,14,15,21,22,29,31,35,42,45,52,74,77,87,95,97
clust_eq,UPmaxentropy,280,5,8,21,25,30,31,34,41,51,53,67,72,85,90,93,94
clust_eq,UPmaxentropy,281,4,17,21,24,27,28,29,45,49,56,59,60,77,85,98,100
clust_eq,UPmaxentropy,282,5,10,16,22,24,35,40,45,53,55,67,74,80,84,92,94
clust_eq,UPmaxentropy,283,3,6,7,17,22,23,31,34,39,46,52,61,67,82,86,87
clust_eq,UPmaxentropy,284,18,32,33,40,46,47,50,51,59,62,66,74,76,84,96,98
clust_eq,UPmaxentropy,285,4,11,13,16,22,26,46,48,59,60,73,83,84,85,86,98
clust_eq,UPmaxentropy,286,5,9,18,24,25,30,38,42,47,50,51,67,70,71,72,97
clust_eq,UPmaxentropy,287,6,21,25,28,35,38,42,47,51,56,63,67,72,90,99,100
clust_eq,UPmaxentropy,288,11,12,23,27,30,33,43,48,49,58,69,84,86,87,89,93
clust_eq,UPmaxentropy,289,4,7,10,16,22,27,38,41,58,61,62,71,74,84,91,93
clust_eq,UPmaxentropy,290,8,11,16,17,26,27,28,33,40,43,51,52,75,76,86,99
clust_eq,UPmaxentropy,291,15,28,35,39,40,41,55,57,63,67,68,80,84,85,97,98
clust_eq,UPmaxentropy,292,8,19,25,26,30,31,44,47,57,60,65,71,78,83,84,92
clust_eq,UPmaxentropy,293,10,12,16,20,34,36,43,46,51,61,69,71,84,94,95,96
clust_eq,UPmaxentropy,294,1,4,8,31,32,38,43,45,54,56,57,64,67,74,78,94
clust_eq,UPmaxentropy,295,4,11,12,19,29,30,36,43,62,67,71,81,82,84,87,90
clust_eq,UPmaxentropy,296,4,7,16,31,34,49,56,57,63,67,71,78,92,94,95,97
clust_eq,UPmaxentropy,297,5,13,15,17,18,25,26,34,44,65,66,70,72,76,78,92
clust_eq,UPmaxentropy,298,1,18,30,34,36,52,60,63,66,71,77,78,79,84,92,95
clust_eq,UPmaxentropy,299,6,12,18,30,40,41,42,46,47,50,51,59,64,75,77,79
clust_eq,UPmaxentropy,300,9,20,21,25,29,30,31,36,38,50,58,72,88,89,92,95
clust_eq,UPmaxentropy,301,7,12,17,23,27,41,53,56,57,59,66,82,85,86,94,98
clust_eq,UPmaxentropy,302,14,16,25,26,30,31,38,42,43,49,54,58,65,78,81,90
clust_eq,UPmaxentropy,303,3,6,17,21,28,31,35,55,61,62,65,84,93,96,97,100
clust_eq,UPmaxentropy,304,4,15,17,45,52,65,67,72,73,75,77,88,91,94,95,100
clust_eq,UPmaxentropy,305,4,6,10,13,20,23,26,41,45,58,64,69,76,77,87,92
clust_eq,UPmaxentropy,306,17,44,49,60,64,66,67,74,79,82,84,86,91,93,96,99
clust_eq,UPmaxentropy,307,7,10,12,32,34,39,47,50,62,70,77,81,87,95,96,97
clust_eq,UPmaxentropy,308,4,25,28,30,31,34,51,54,56,61,64,72,80,81,91,99
clust_eq,UPmaxentropy,309,1,6,13,14,16,17,20,31,41,61,79,80,83,93,94,99
clust_eq,UPmaxentropy,310,25,28,41,46,49,50,71,74,75,76,81,86,88,94,96,99
clust_eq,UPmaxentropy,311,1,11,21,25,33,34,37,38,65,69,70,76,83,84,90,95
clust_eq,UPmaxentropy,312,17,23,26,35,40,48,56,60,63,81,83,93,95,96,99,100
clust_eq,UPmaxentropy,313,10,19,23,29,30,33,36,42,45,63,65,70,77,78,96,99
clust_eq,UPmaxentropy,314,7,10,15,16,21,23,29,35,36,42,44,48,62,63,86,90
clust_eq,UPmaxentropy,315,3,8,10,16,24,31,44,55,61,71,75,76,83,89,95,99
clust_eq,UPmaxentropy,316,2,37,42,45,50,53,56,72,79,83,84,85,93,94,95,98
clust_eq,UPmaxentropy,317,2,10,14,19,21,22,24,36,41,54,64,69,70,73,79,93
clust_eq,UPmaxentropy,318,4,8,15,19,26,27,36,42,44,49,73,82,87,89,90,95
clust_eq,UPmaxentropy,319,1,2,9,19,25,28,30,37,45,53,61,62,67,71,82,88
clust_eq,UPmaxentropy,320,4,9,12,28,35,42,44,47,67,80,83,85,86,92,97,98
clust_eq,UPmaxentropy,321,2,3,7,8,9,11,20,27,38,50,60,61,63,71,88,89
clust_eq,UPmaxentropy,322,5,13,17,24,30,31,35,36,45,54,60,66,67,68,78,89
clust_eq,UPmaxentropy,323,7,10,17,25,29,32,33,42,50,53,58,62,74,84,93,95
clust_eq,UPmaxentropy,324,5,12,13,20,21,27,28,30,33,39,49,52,80,90,91,95
clust_eq,UPmaxentropy,325,7,17,28,37,41,56,57,59,67,69,75,80,83,88,89,100
clust_eq,UPmaxentropy,326,3,5,6,14,15,25,26,27,38,55,62,66,67,73,83,95
clust_eq,UPmaxentropy,327,6,7,13,37,49,51,54,58,64,74,75,77,80,83,88,99
clust_eq,UPmaxentropy,328,20,33,36,48,52,54,58,67,73,77,80,85,88,92,95,99
clust_eq,UPmaxentropy,329,4,15,17,19,25,34,38,42,47,60,68,72,73,75,79,89
clust_eq,UPmaxentropy,330,13,17,19,22,32,40,41,58,63,72,73,76,87,89,91,94
clust_eq,UPmaxentropy,331,1,11,18,25,26,28,33,35,38,40,46,47,50,74,82,85
clust_eq,UPmaxentropy,332,1,13,15,25,32,40,43,47,61,65,67,84,86,93,96,100
clust_eq,UPmaxentropy,333,3,14,34,36,37,39,40,47,50,51,60,66,86,87,90,91
clust_eq,UPmaxentropy,334,2,3,5,13,25,27,30,31,40,56,58,63,64,80,85,95
clust_eq,UPmaxentropy,335,11,14,23,26,37,39,41,48,49,63,70,71,72,77,96,98
clust_eq,UPmaxentropy,336,1,12,20,34,51,53,55,64,67,70,73,83,84,91,96,97
clust_eq,UPmaxentropy,337,7,9,27,42,43,44,50,58,61,68,69,94,97,98,99,100
clust_eq,UPmaxentropy,338,4,6,7,28,31,33,38,49,52,58,61,70,91,95,99,100
clust_eq,UPmaxentropy,339,12,14,21,22,23,25,54,57,66,72,77,86,89,91,94,98
clust_eq,UPmaxentropy,340,11,15,28,34,42,47,49,64,67,68,71,76,81,95,99,100
clust_eq,UPmaxentropy,341,39,44,56,60,62,69,71,73,75,77,79,82,83,87,93,99
clust_eq,UPmaxentropy,342,8,14,22,26,29,31,37,43,44,47,50,51,53,62,74,86
clust_eq,UPmaxentropy,343,3,14,17,23,24,40,45,47,54,59,63,66,77,85,87,94
clust_eq,UPmaxentropy,344,3,4,12,13,16,31,35,38,39,40,71,79,86,88,89,96
clust_eq,UPmaxentropy,345,4,7,8,9,12,14,21,28,48,65,69,72,85,86,88,90
clust_eq,UPmaxentropy,346,1,3,5,14,20,24,26,29,30,31,55,56,63,70,71,98
clust_eq,UPmaxentropy,347,9,14,30,35,36,39,42,45,57,66,69,76,80,88,92,98
clust_eq,UPmaxentropy,348,3,8,12,17,20,24,25,36,51,55,65,79,82,84,94,96
clust_eq,UPmaxentropy,349,6,8,11,22,29,31,36,37,63,87,88,89,96,97,98,99
clust_eq,UPmaxentropy,350,1,3,8,12,13,15,34,35,42,49,50,52,69,75,76,78
clust_eq,UPmaxentropy,351,1,7,12,13,25,30,34,35,36,40,42,46,55,92,96,98
clust_eq,UPmaxentropy,352,12,21,23,36,37,43,44,45,48,49,62,67,68,71,91,98
clust_eq,UPmaxentropy,353,1,5,21,25,29,32,34,42,45,46,50,76,79,94,99,100
clust_eq,UPmaxentropy,354,3,22,32,36,41,50,55,57,59,61,68,69,74,80,83,99
clust_eq,UPmaxentropy,355,13,14,21,24,26,29,38,39,47,55,63,65,75,79,82,97
clust_eq,UPmaxentropy,356,1,4,11,22,29,30,36,37,44,45,48,50,58,67,78,96
clust_eq,UPmaxentropy,357,9,11,19,25,27,30,31,37,40,46,54,63,66,69,78,97
clust_eq,UPmaxentropy,358,5,11,12,15,16,24,36,39,58,61,68,73,76,81,84,93
clust_eq,UPmaxentropy,359,1,6,10,11,20,23,30,50,51,54,66,69,81,83,89,93
clust_eq,UPmaxentropy,360,4,20,22,34,42,48,57,59,75,77,83,86,91,92,96,100
clust_eq,UPmaxentropy,361,1,11,13,22,23,27,28,38,42,44,65,71,75,79,84,95
clust_eq,UPmaxentropy,362,2,5,6,15,16,34,36,45,46,63,66,76,81,87,94,100
clust_eq,UPmaxentropy,363,2,4,8,11,22,38,40,42,47,49,50,52,65,72,88,96
clust_eq,UPmaxentropy,364,5,13,35,39,45,52,56,57,59,62,63,79,81,82,91,93
clust_eq,UPmaxentropy,365,9,17,18,19,27,34,49,62,71,72,74,75,82,84,89,94
clust_eq,UPmaxentropy,366,1,5,29,32,35,37,43,53,55,64,65,71,87,89,92,94
clust_eq,UPmaxentropy,367,15,21,23,26,32,49,51,56,70,81,84,85,86,87,93,96
clust_eq,UPmaxentropy,368,6,8,9,16,17,21,22,44,53,63,67,79,80,88,89,95
clust_eq,UPmaxentropy,369,5,6,16,21,24,28,31,33,34,41,43,48,54,58,65,91
clust_eq,UPmaxentropy,370,1,7,8,20,40,44,53,55,64,66,67,73,80,86,89,99
clust_eq,UPmaxentropy,371,9,14,16,35,39,53,54,69,73,74,75,76,79,80,93,96
clust_eq,UPmaxentropy,372,1,11,15,20,30,34,39,40,41,44,48,61,65,88,96,99
clust_eq,UPmaxentropy,373,6,10,20,21,28,39,53,58,61,72,83,89,93,96,98,100
clust_eq,UPmaxentropy,374,6,7,10,28,30,34,60,72,75,76,77,80,83,84,87,98
clust_eq,UPmaxentropy,375,11,25,26,34,38,45,50,53,61,66,68,71,75,79,89,97
clust_eq,UPmaxentropy,376,11,15,22,26,28,29,41,51,53,55,66,69,83,89,90,95
clust_eq,UPmaxentropy,377,4,11,16,23,26,48,49,53,55,58,63,67,73,83,87,91
clust_eq,UPmaxentropy,378,8,9,25,27,28,34,39,50,57,58,62,85,87,89,90,93
clust_eq,UPmaxentropy,379,4,5,8,17,18,19,26,27,28,44,58,72,75,84,89,96
clust_eq,UPmaxentropy,380,4,14,15,19,39,42,44,46,55,65,67,68,74,79,83,88
clust_eq,UPmaxentropy,381,10,11,15,19,24,29,34,35,40,43,50,51,62,64,81,96
clust_eq,UPmaxentropy,382,4,15,18,25,26,29,38,43,46,47,50,53,68,73,76,85
clust_eq,UPmaxentropy,383,3,5,15,20,27,35,44,49,56,63,68,71,86,87,91,98
clust_eq,UPmaxentropy,384,15,19,22,32,48,49,55,74,79,82,85,89,90,91,98,100
clust_eq,UPmaxentropy,385,1,16,17,22,27,34,50,51,59,64,71,73,83,86,87,100
clust_eq,UPmaxentropy,386,10,12,15,25,32,35,39,43,45,57,58,68,71,74,87,91
clust_eq,UPmaxentropy,387,1,28,40,42,43,53,64,67,71,74,79,82,87,90,93,98
clust_eq,UPmaxentropy,388,2,5,12,24,33,34,36,38,44,48,49,51,61,73,82,95
clust_eq,UPmaxentropy,389,15,21,23,31,36,38,47,56,57,61,72,73,77,83,92,94
clust_eq,UPmaxentropy,390,2,19,24,31,34,36,38,40,42,52,53,55,68,69,83,99
clust_eq,UPmaxentropy,391,1,4,20,32,39,40,49,51,58,62,75,77,83,84,87,99
clust_eq,UPmaxentropy,392,6,8,10,16,25,44,49,58,65,66,70,83,84,87,97,98
clust_eq,UPmaxentropy,393,6,14,15,16,19,28,29,32,45,58,63,66,67,74,79,96
clust_eq,UPmaxentropy,394,2,22,23,25,38,40,42,44,46,48,57,68,84,91,96,97
clust_eq,UPmaxentropy,395,12,19,25,26,27,40,44,48,56,60,67,68,71,77,83,94
clust_eq,UPmaxentropy,396,6,7,16,32,34,51,52,56,60,82,88,89,91,94,96,97
clust_eq,UPmaxentropy,397,5,13,19,22,23,27,31,52,53,58,68,70,75,79,83,89
clust_eq,UPmaxentropy,398,4,7,9,10,11,13,14,18,57,73,80,83,86,90,94,96
clust_eq,UPmaxentropy,399,2,3,5,8,27,32,38,45,47,48,63,70,82,93,94,100
clust_eq,UPmaxentropy,400,9,10,15,29,38,43,46,51,61,65,68,71,89,93,95,100
clust_eq,UPmaxentropy,401,6,8,12,20,23,31,36,40,46,55,57,63,84,92,97,99
clust_eq,UPmaxentropy,402,2,8,14,17,18,23,30,31,45,65,70,77,86,92,96,99
clust_eq,UPmaxentropy,403,16,20,25,28,30,31,57,59,62,70,73,77,81,88,90,98
clust_eq,UPmaxentropy,404,6,12,15,17,20,22,23,24,29,34,51,56,68,82,92,95
clust_eq,UPmaxentropy,405,8,9,11,17,23,27,31,43,46,47,49,61,68,79,82,92
clust_eq,UPmaxentropy,406,1,18,19,43,44,51,55,58,62,63,67,73,83,87,93,96
clust_eq,UPmaxentropy,407,8,15,17,22,25,32,35,49,53,76,81,86,87,89,94,95
clust_eq,UPmaxentropy,408,4,9,17,20,41,50,51,52,58,70,75,81,86,91,92,94
clust_eq,UPmaxentropy,409,9,14,18,31,33,40,47,55,58,65,66,68,71,78,83,95
clust_eq,UPmaxentropy,410,9,13,14,20,23,25,26,42,47,51,56,68,70,79,88,98
clust_eq,UPmaxentropy,411,19,26,29,40,44,52,57,68,69,74,75,78,81,84,89,97
clust_eq,UPmaxentropy,412,5,6,8,14,31,32,37,38,44,47,50,63,64,68,87,97
clust_eq,UPmaxentropy,413,15,17,20,26,37,38,46,61,64,65,66,73,83,88,95,97
clust_eq,UPmaxentropy,414,2,5,9,11,28,29,51,52,57,58,63,69,80,83,85,86
clust_eq,UPmaxentropy,415,1,2,3,14,27,36,43,50,52,54,67,70,79,85,97,99
clust_eq,UPmaxentropy,416,2,4,12,16,21,27,34,35,39,43,44,53,75,82,84,94
clust_eq,UPmaxentropy,417,5,6,20,27,39,44,46,52,59,64,65,74,77,81,94,97
clust_eq,UPmaxentropy,418,16,20,23,26,28,33,34,35,41,60,74,78,82,85,97,99
clust_eq,UPmaxentropy,419,9,13,19,26,27,29,41,46,47,55,62,74,78,84,87,96
clust_eq,UPmaxentropy,420,4,8,11,21,24,35,51,55,62,71,76,83,84,85,87,97
clust_eq,UPmaxentropy,421,6,30,33,34,35,36,43,44,51,58,82,88,90,94,95,97
clust_eq,UPmaxentropy,422,2,7,15,16,17,29,42,43,53,56,60,69,71,74,84,97
clust_eq,UPmaxentropy,423,8,9,15,16,29,35,38,45,58,61,62,75,77,83,92,100
clust_eq,UPmaxentropy,424,1,6,25,41,42,45,47,49,52,55,58,59,71,81,85,99
clust_eq,UPmaxentropy,425,5,6,11,17,18,24,44,59,70,78,79,82,84,93,96,100
clust_eq,UPmaxentropy,426,6,14,26,29,36,39,43,58,61,66,71,72,80,81,84,88
clust_eq,UPmaxentropy,427,4,16,21,26,51,55,63,69,70,72,74,80,85,86,87,91
clust_eq,UPmaxentropy,428,5,6,17,26,42,51,53,57,61,66,69,70,71,72,73,80
clust_eq,UPmaxentropy,429,1,3,4,5,20,38,40,53,61,66,69,70,74,80,88,99
clust_eq,UPmaxentropy,430,9,13,23,25,29,31,42,45,60,75,78,79,87,91,93,98
clust_eq,UPmaxentropy,431,12,13,27,30,41,43,49,51,53,58,69,70,76,78,84,92
clust_eq,UPmaxentropy,432,8,9,11,16,22,47,50,58,72,75,80,87,90,91,94,98
clust_eq,UPmaxentropy,433,4,7,11,14,19,29,33,41,42,43,54,56,60,61,77,86
clust_eq,UPmaxentropy,434,2,3,6,11,19,27,30,42,47,48,63,73,77,94,95,98
clust_eq,UPmaxentropy,435,18,19,35,36,39,44,46,49,53,59,69,70,78,80,83,91
clust_eq,UPmaxentropy,436,11,17,30,34,51,52,53,58,71,72,83,86,87,92,94,100
clust_eq,UPmaxentropy,437,1,12,13,15,34,38,42,49,52,59,61,73,76,82,93,98
clust_eq,UPmaxentropy,438,2,5,13,19,29,34,40,55,56,70,75,77,83,88,91,98
clust_eq,UPmaxentropy,439,2,8,10,16,32,35,43,53,54,55,57,63,64,78,92,96
clust_eq,UPmaxentropy,440,2,13,15,24,25,28,29,37,48,52,70,73,81,87,91,100
clust_eq,UPmaxentropy,441,3,10,14,21,34,37,53,56,63,71,72,74,76,84,92,94
clust_eq,UPmaxentropy,442,2,4,26,34,37,41,58,60,63,64,67,68,72,79,81,84
clust_eq,UPmaxentropy,443,2,18,23,26,28,31,34,38,44,55,62,63,75,90,94,96
clust_eq,UPmaxentropy,444,2,6,13,16,34,43,52,54,61,66,67,71,75,88,90,95
clust_eq,UPmaxentropy,445,4,5,9,17,23,26,29,33,44,46,49,50,57,68,73,76
clust_eq,UPmaxentropy,446,10,12,13,18,31,32,38,44,47,51,52,56,64,66,76,77
clust_eq,UPmaxentropy,447,1,11,13,21,30,31,33,42,45,47,48,50,67,76,80,88
clust_eq,UPmaxentropy,448,6,9,18,25,34,37,53,56,59,64,73,77,79,84,86,90
clust_eq,UPmaxentropy,449,1,3,17,19,31,43,52,63,64,65,73,75,76,77,83,91
clust_eq,UPmaxentropy,450,14,22,25,35,41,47,63,67,71,73,74,75,79,84,94,99
clust_eq,UPmaxentropy,451,3,6,7,24,26,45,50,51,54,62,63,73,80,92,97,99
clust_eq,UPmaxentropy,452,8,16,18,33,39,49,52,74,77,80,81,82,83,85,87,88
clust_eq,UPmaxentropy,453,17,18,32,41,43,47,63,69,73,77,84,85,88,89,90,91
clust_eq,UPmaxentropy,454,7,8,14,29,35,38,47,49,55,57,58,77,79,80,81,100
clust_eq,UPmaxentropy,455,4,12,22,25,27,32,42,44,53,54,60,70,84,85,92,99
clust_eq,UPmaxentropy,456,1,2,3,13,15,17,24,32,35,41,66,69,70,75,81,87
clust_eq,UPmaxentropy,457,3,4,5,6,8,16,17,24,34,41,42,53,77,78,86,92
clust_eq,UPmaxentropy,458,8,10,11,15,16,30,44,50,51,56,62,80,81,93,94,97
clust_eq,UPmaxentropy,459,7,18,19,20,26,29,31,35,49,59,66,67,82,84,86,93
clust_eq,UPmaxentropy,460,2,3,14,15,23,34,46,51,53,67,76,83,84,90,91,100
clust_eq,UPmaxentropy,461,10,12,14,20,23,25,27,34,46,60,71,76,83,89,92,93
clust_eq,UPmaxentropy,462,5,8,9,11,22,30,31,33,36,43,70,78,87,90,92,93
clust_eq,UPmaxentropy,463,5,7,21,24,25,26,31,37,49,50,56,64,71,77,86,95
clust_eq,UPmaxentropy,464,2,8,10,12,14,22,24,32,35,39,41,49,63,65,73,96
clust_eq,UPmaxentropy,465,19,31,33,36,39,49,51,54,55,66,79,81,84,85,86,96
clust_eq,UPmaxentropy,466,3,5,17,26,28,34,35,36,56,66,68,72,73,80,90,97
clust_eq,UPmaxentropy,467,2,3,7,11,13,20,23,29,41,44,61,63,64,72,82,93
clust_eq,UPmaxentropy,468,9,11,12,15,18,27,28,36,66,71,75,81,88,95,96,100
clust_eq,UPmaxentropy,469,1,6,12,17,29,38,56,64,67,72,76,79,80,84,92,96
clust_eq,UPmaxentropy,470,3,6,7,10,16,18,26,28,30,37,63,76,82,90,98,99
clust_eq,UPmaxentropy,471,2,18,20,25,28,42,60,62,68,73,85,86,91,92,94,99
clust_eq,UPmaxentropy,472,1,3,4,16,20,37,44,49,55,58,59,78,84,86,91,93
clust_eq,UPmaxentropy,473,10,15,19,26,31,33,37,52,58,62,64,79,80,86,88,97
clust_eq,UPmaxentropy,474,3,7,16,30,34,38,48,51,56,57,58,62,64,69,70,71
clust_eq,UPmaxentropy,475,4,6,12,14,31,32,42,45,58,62,74,75,77,79,91,100
clust_eq,UPmaxentropy,476,1,2,7,13,14,15,16,42,45,47,51,52,66,74,88,97
clust_eq,UPmaxentropy,477,6,23,24,25,31,32,33,41,42,65,67,75,77,80,83,87
clust_eq,UPmaxentropy,478,15,32,35,38,42,48,51,52,54,57,62,64,66,67,73,89
clust_eq,UPmaxentropy,479,10,12,35,37,41,47,53,59,61,65,71,81,88,89,96,99
clust_eq,UPmaxentropy,480,15,21,23,25,42,44,45,51,54,59,74,77,81,84,93,94
clust_eq,UPmaxentropy,481,7,15,18,26,30,33,34,37,49,65,67,72,81,89,97,99
clust_eq,UPmaxentropy,482,7,9,14,16,17,19,29,47,62,67,77,78,85,89,93,100
clust_eq,UPmaxentropy,483,3,4,9,13,14,19,22,28,37,39,52,54,66,78,85,88
clust_eq,UPmaxentropy,484,1,9,13,15,17,19,24,30,44,46,64,66,73,74,86,98
clust_eq,UPmaxentropy,485,6,12,14,25,30,34,38,50,53,54,60,77,84,85,87,92
clust_eq,UPmaxentropy,486,11,15,16,17,32,37,45,47,57,64,69,76,79,82,89,100
clust_eq,UPmaxentropy,487,9,18,31,45,49,59,68,75,76,77,82,83,84,89,90,97
clust_eq,UPmaxentropy,488,7,18,22,23,24,40,50,54,59,61,68,73,81,87,89,95
clust_eq,UPmaxentropy,489,9,21,24,28,29,39,44,47,48,53,54,74,77,81,90,96
clust_eq,UPmaxentropy,490,3,12,16,24,26,32,35,42,59,63,72,78,84,92,94,98
clust_eq,UPmaxentropy,491,6,15,17,19,20,24,30,33,45,46,59,64,81,87,91,98
clust_eq,UPmaxentropy,492,20,24,34,37,38,39,40,44,60,62,71,76,81,91,96,99
clust_eq,UPmaxentropy,493,11,23,35,39,41,45,46,49,60,65,68,77,82,84,88,90
clust_eq,UPmaxentropy,494,5,19,22,24,28,38,42,47,52,62,63,65,68,74,96,98
clust_eq,UPmaxentropy,495,8,20,25,27,31,45,49,56,59,78,79,86,88,91,94,98
clust_eq,UPmaxentropy,496,2,6,18,26,28,29,31,51,57,65,69,71,76,80,86,97
clust_eq,UPmaxentropy,497,6,10,12,16,21,33,35,55,71,77,83,90,93,94,98,100
clust_eq,UPmaxentropy,498,4,5,6,7,29,30,53,62,64,68,72,73,85,92,93,96
clust_eq,UPmaxentropy,499,5,20,21,32,37,48,52,55,57,60,62,82,91,95,96,99
clust_eq,UPmaxentropy,500,4,5,6,18,22,26,30,34,56,59,61,76,80,81,91,100
clust_eq,UPmaxentropy,501,9,14,16,23,31,33,47,49,74,75,84,87,88,92,94,100
clust_eq,UPmaxentropy,502,2,4,10,13,16,27,31,46,59,60,62,66,71,73,74,97
clust_eq,UPmaxentropy,503,1,18,22,31,32,33,44,48,55,58,64,65,67,84,85,86
clust_eq,UPmaxentropy,504,2,8,21,28,38,41,46,51,52,54,56,61,66,72,82,86
clust_eq,UPmaxentropy,505,5,11,22,23,26,35,38,52,62,65,66,70,79,94,95,97
clust_eq,UPmaxentropy,506,3,7,10,13,15,17,29,36,41,45,50,53,62,68,70,95
clust_eq,UPmaxentropy,507,14,16,19,25,29,33,52,54,58,62,66,73,74,78,82,90
clust_eq,UPmaxentropy,508,1,4,6,10,15,22,23,31,33,42,58,60,63,74,79,89
clust_eq,UPmaxentropy,509,1,5,11,14,16,17,19,21,32,38,48,56,57,70,87,91
clust_eq,UPmaxentropy,510,4,15,19,23,24,34,38,39,47,56,74,84,89,90,95,99
clust_eq,UPmaxentropy,511,4,6,7,17,19,25,43,44,53,54,57,72,74,78,90,92
clust_eq,UPmaxentropy,512,2,3,11,16,37,46,55,57,62,73,78,83,89,90,92,95
clust_eq,UPmaxentropy,513,5,8,10,16,23,41,58,59,60,63,76,89,91,94,96,99
clust_eq,UPmaxentropy,514,6,19,21,29,37,52,54,59,60,65,69,72,83,91,95,99
clust_eq,UPmaxentropy,515,3,4,18,25,47,49,51,52,55,65,67,82,84,91,92,95
clust_eq,UPmaxentropy,516,2,7,13,15,25,26,33,37,39,54,57,60,78,80,81,100
clust_eq,UPmaxentropy,517,2,5,6,9,23,38,39,49,54,55,64,85,87,93,96,98
clust_eq,UPmaxentropy,518,1,11,15,16,26,37,50,59,62,66,68,71,75,79,83,93
clust_eq,UPmaxentropy,519,3,6,9,12,23,32,39,42,43,48,52,58,64,68,93,94
clust_eq,UPmaxentropy,520,2,10,22,27,32,37,49,52,66,77,80,86,87,95,98,100
clust_eq,UPmaxentropy,521,3,11,16,32,40,47,51,55,64,70,76,80,81,93,96,100
clust_eq,UPmaxentropy,522,4,5,6,13,28,44,47,48,49,52,59,60,71,77,82,87
clust_eq,UPmaxentropy,523,1,12,14,16,19,26,30,41,58,60,61,63,75,82,86,90
clust_eq,UPmaxentropy,524,1,7,12,44,48,49,63,67,68,72,73,84,88,91,97,98
clust_eq,UPmaxentropy,525,6,10,24,31,37,38,41,74,75,76,79,80,89,94,99,100
clust_eq,UPmaxentropy,526,4,6,15,17,25,42,43,50,51,62,76,83,87,90,93,97
clust_eq,UPmaxentropy,527,4,6,9,17,23,30,32,40,45,50,59,66,73,76,78,98
clust_eq,UPmaxentropy,528,14,34,40,42,43,44,52,55,57,58,70,74,78,81,87,100
clust_eq,UPmaxentropy,529,14,20,24,29,38,42,48,52,62,72,74,77,80,84,87,91
clust_eq,UPmaxentropy,530,12,14,32,35,41,42,49,52,58,60,61,76,77,92,96,100
clust_eq,UPmaxentropy,531,5,9,17,29,37,44,45,50,56,64,67,69,74,77,84,93
clust_eq,UPmaxentropy,532,6,12,16,35,39,44,48,49,52,64,72,78,79,81,90,100
clust_eq,UPmaxentropy,533,1,5,19,38,43,44,46,54,59,62,70,76,81,83,92,94
clust_eq,UPmaxentropy,534,3,5,11,34,40,41,49,51,54,55,68,78,84,89,95,98
clust_eq,UPmaxentropy,535,5,15,18,30,38,39,43,47,49,65,76,79,85,86,89,96
clust_eq,UPmaxentropy,536,1,2,4,23,34,46,56,60,62,64,65,69,79,82,92,98
clust_eq,UPmaxentropy,537,16,17,24,48,49,50,52,53,55,56,58,59,72,78,81,92
clust_eq,UPmaxentropy,538,14,15,17,21,24,31,33,34,43,44,45,51,56,63,69,87
clust_eq,UPmaxentropy,539,6,7,22,23,33,37,42,52,56,66,68,71,73,76,90,93
clust_eq,UPmaxentropy,540,11,18,24,36,37,52,58,62,65,68,70,75,81,82,83,92
clust_eq,UPmaxentropy,541,4,15,16,21,22,31,38,39,44,64,76,77,79,97,98,100
clust_eq,UPmaxentropy,542,3,4,14,15,19,28,38,42,45,50,52,61,69,76,77,92
clust_eq,UPmaxentropy,543,1,2,3,15,19,24,26,40,59,68,72,76,83,88,94,98
clust_eq,UPmaxentropy,544,7,10,13,37,38,40,49,55,61,71,73,77,83,95,97,99
clust_eq,UPmaxentropy,545,4,9,11,17,35,41,43,45,49,52,53,56,63,72,73,88
clust_eq,UPmaxentropy,546,2,4,8,9,16,24,31,34,44,46,52,56,82,90,95,99
clust_eq,UPmaxentropy,547,1,2,5,6,8,21,24,25,41,42,64,66,69,83,89,95
clust_eq,UPmaxentropy,548,4,10,22,25,27,35,42,56,62,63,67,71,74,82,95,99
clust_eq,UPmaxentropy,549,3,7,24,26,29,57,63,64,73,75,76,77,83,85,93,96
clust_eq,UPmaxentropy,550,1,5,15,19,20,22,32,35,39,47,51,59,64,74,89,93
clust_eq,UPmaxentropy,551,10,12,20,21,47,48,49,51,58,59,60,71,79,91,95,97
clust_eq,UPmaxentropy,552,5,6,7,15,16,19,22,32,42,51,52,74,77,80,85,91
clust_eq,UPmaxentropy,553,3,12,20,25,39,40,53,57,59,62,65,72,76,81,82,99
clust_eq,UPmaxentropy,554,1,5,8,9,13,24,30,33,53,54,57,58,73,77,94,97
clust_eq,UPmaxentropy,555,12,22,23,31,32,33,35,44,54,67,68,71,74,75,76,93
clust_eq,UPmaxentropy,556,4,11,15,16,23,29,38,42,53,63,64,69,82,93,98,99
clust_eq,UPmaxentropy,557,3,13,33,42,45,48,58,75,76,79,90,91,92,94,95,98
clust_eq,UPmaxentropy,558,5,12,17,18,35,53,54,55,59,61,74,76,78,79,88,100
clust_eq,UPmaxentropy,559,1,4,5,9,12,39,40,41,64,69,78,79,88,90,96,97
clust_eq,UPmaxentropy,560,14,16,31,32,36,37,38,43,44,50,57,69,84,90,97,99
clust_eq,UPmaxentropy,561,5,7,9,10,12,26,30,31,42,44,49,52,56,72,84,86
clust_eq,UPmaxentropy,562,4,12,20,32,44,59,62,69,71,72,77,79,82,89,90,97
clust_eq,UPmaxentropy,563,1,8,10,15,23,37,41,44,52,76,80,81,85,89,90,98
clust_eq,UPmaxentropy,564,1,14,18,30,42,44,53,54,56,60,65,76,79,93,95,98
clust_eq,UPmaxentropy,565,11,18,26,28,31,47,50,51,52,58,60,81,82,85,87,98
clust_eq,UPmaxentropy,566,3,5,21,22,26,32,47,55,57,64,68,83,86,88,89,98
clust_eq,UPmaxentropy,567,5,10,16,18,26,27,32,33,41,42,43,45,50,78,81,83
clust_eq,UPmaxentropy,568,8,13,20,23,24,39,44,59,63,65,68,69,75,86,89,90
clust_eq,UPmaxentropy,569,3,7,9,11,16,42,50,51,59,67,77,82,83,93,94,95
clust_eq,UPmaxentropy,570,3,9,28,30,31,42,44,48,59,65,70,71,72,78,84,95
clust_eq,UPmaxentropy,571,2,6,17,19,20,33,35,45,67,69,72,83,84,85,91,95
clust_eq,UPmaxentropy,572,2,6,7,9,14,17,18,30,50,52,60,63,66,67,83,89
clust_eq,UPmaxentropy,573,2,6,9,11,20,32,34,38,42,53,69,70,79,82,83,89
clust_eq,UPmaxentropy,574,4,7,13,22,30,31,32,59,65,67,70,72,83,85,98,100
clust_eq,UPmaxentropy,575,5,18,19,21,23,27,34,48,55,58,61,64,88,92,94,100
clust_eq,UPmaxentropy,576,24,30,35,37,40,43,49,59,73,75,78,81,82,85,87,93
clust_eq,UPmaxentropy,577,1,4,29,30,33,35,43,56,58,60,65,68,71,90,91,100
clust_eq,UPmaxentropy,578,8,23,40,47,50,53,59,60,70,71,79,84,93,95,97,99
clust_eq,UPmaxentropy,579,8,12,23,26,29,32,36,54,61,68,81,83,87,90,92,95
clust_eq,UPmaxentropy,580,1,2,21,24,25,26,45,46,55,63,72,79,82,83,95,98
clust_eq,UPmaxentropy,581,11,21,22,26,28,39,49,53,60,62,63,68,70,82,93,99
clust_eq,UPmaxentropy,582,2,9,12,18,19,23,25,27,28,36,43,49,62,82,88,94
clust_eq,UPmaxentropy,583,10,13,20,23,38,45,47,48,51,56,59,69,71,75,77,92
clust_eq,UPmaxentropy,584,4,9,10,12,15,19,25,43,61,63,70,76,79,84,90,98
clust_eq,UPmaxentropy,585,4,16,18,23,40,41,42,43,47,50,54,55,56,65,81,100
clust_eq,UPmaxentropy,586,17,18,23,29,34,36,43,50,56,60,71,81,85,88,94,99
clust_eq,UPmaxentropy,587,4,6,8,10,13,15,16,29,31,32,33,42,68,77,82,97
clust_eq,UPmaxentropy,588,14,18,22,25,33,46,59,60,63,66,69,72,80,84,94,98
clust_eq,UPmaxentropy,589,2,7,17,19,20,21,32,36,37,38,42,44,45,81,93,100
clust_eq,UPmaxentropy,590,1,8,11,16,25,42,48,50,63,71,76,81,85,86,93,99
clust_eq,UPmaxentropy,591,23,25,26,32,35,48,53,58,59,63,69,76,82,85,91,100
clust_eq,UPmaxentropy,592,7,20,21,27,29,31,32,48,53,55,57,76,79,80,88,94
clust_eq,UPmaxentropy,593,8,9,12,13,44,45,51,60,64,75,77,78,93,96,99,100
clust_eq,UPmaxentropy,594,2,4,23,25,26,27,34,42,68,70,72,80,82,85,86,100
clust_eq,UPmaxentropy,595,17,19,22,28,38,42,47,48,66,73,78,79,86,90,93,98
clust_eq,UPmaxentropy,596,8,13,20,22,25,27,28,32,37,43,44,50,56,59,78,90
clust_eq,UPmaxentropy,597,9,25,34,52,53,59,66,70,73,76,78,80,82,84,93,95
clust_eq,UPmaxentropy,598,1,15,17,24,45,48,56,57,59,66,80,91,93,95,97,98
clust_eq,UPmaxentropy,599,5,6,12,13,34,50,55,65,69,73,79,83,84,91,92,99
clust_eq,UPmaxentropy,600,3,7,9,13,16,20,36,42,47,59,78,81,88,94,99,100
clust_eq,UPmaxentropy,601,24,25,32,45,59,60,61,74,75,77,79,89,90,92,96,97
clust_eq,UPmaxentropy,602,2,8,11,13,19,23,25,31,32,43,49,62,66,79,91,92
clust_eq,UPmaxentropy,603,24,38,40,42,46,54,55,56,59,70,72,78,83,85,88,94
clust_eq,UPmaxentropy,604,3,9,17,21,27,32,34,47,60,65,73,88,92,95,96,100
clust_eq,UPmaxentropy,605,12,19,30,34,35,36,39,47,50,60,63,70,74,75,76,98
clust_eq,UPmaxentropy,606,2,10,12,13,24,28,37,48,62,63,65,75,77,88,94,97
clust_eq,UPmaxentropy,607,4,8,21,30,33,35,46,54,55,58,64,75,86,94,95,99
clust_eq,UPmaxentropy,608,8,17,20,21,22,23,24,26,42,48,57,60,80,88,93,97
clust_eq,UPmaxentropy,609,12,14,18,28,31,35,40,43,51,63,70,76,83,87,92,97
clust_eq,UPmaxentropy,610,1,2,9,29,37,40,41,42,44,49,51,53,74,85,89,97
clust_eq,UPmaxentropy,611,12,14,18,22,27,48,52,59,60,61,67,75,76,86,91,99
clust_eq,UPmaxentropy,612,2,5,6,11,26,27,36,48,55,57,66,80,86,89,96,98
clust_eq,UPmaxentropy,613,7,11,14,19,27,30,37,53,57,80,85,86,87,88,94,98
clust_eq,UPmaxentropy,614,1,9,11,26,29,38,40,45,50,54,60,71,73,77,80,87
clust_eq,UPmaxentropy,615,6,12,13,19,21,30,37,45,46,69,76,77,84,87,90,94
clust_eq,UPmaxentropy,616,7,12,15,18,26,35,58,60,73,77,81,83,85,86,87,97
clust_eq,UPmaxentropy,617,5,13,28,37,46,50,51,52,55,59,63,67,68,89,92,97
clust_eq,UPmaxentropy,618,8,12,13,19,25,28,39,41,45,50,52,55,75,85,87,92
clust_eq,UPmaxentropy,619,8,20,32,36,37,45,46,54,55,69,78,81,94,95,97,100
clust_eq,UPmaxentropy,620,2,6,9,23,27,28,35,52,71,79,87,92,93,95,98,100
clust_eq,UPmaxentropy,621,1,3,5,17,21,27,31,42,43,59,70,74,76,79,83,88
clust_eq,UPmaxentropy,622,12,30,33,46,48,50,56,66,71,75,81,82,83,91,95,97
clust_eq,UPmaxentropy,623,8,13,16,21,26,35,49,50,52,59,62,64,70,84,86,90
clust_eq,UPmaxentropy,624,2,10,23,24,25,30,31,39,57,65,68,79,81,85,95,97
clust_eq,UPmaxentropy,625,2,9,28,29,31,33,37,39,51,55,78,79,83,85,93,100
clust_eq,UPmaxentropy,626,1,6,7,10,14,15,30,36,42,47,58,61,65,67,68,92
clust_eq,UPmaxentropy,627,10,21,27,31,36,41,43,49,52,55,60,63,75,78,79,87
clust_eq,UPmaxentropy,628,3,6,12,17,25,32,41,62,74,76,77,78,79,84,88,91
clust_eq,UPmaxentropy,629,1,8,19,24,25,26,31,47,48,49,57,59,60,61,63,91
clust_eq,UPmaxentropy,630,10,28,29,39,44,48,49,50,58,65,73,83,89,93,98,100
clust_eq,UPmaxentropy,631,2,29,31,38,40,41,42,48,50,56,66,71,74,85,87,98
clust_eq,UPmaxentropy,632,2,3,11,13,36,39,49,52,56,58,61,62,75,76,82,95
clust_eq,UPmaxentropy,633,11,13,19,24,27,42,49,54,58,73,76,86,90,91,96,99
clust_eq,UPmaxentropy,634,6,7,8,14,15,19,42,47,55,63,67,73,82,84,86,94
clust_eq,UPmaxentropy,635,6,10,12,17,19,22,27,29,44,45,62,67,70,72,93,96
clust_eq,UPmaxentropy,636,12,16,18,24,28,45,47,55,62,72,75,77,83,86,90,99
clust_eq,UPmaxentropy,637,13,16,20,31,34,35,41,55,56,64,65,71,76,78,93,100
clust_eq,UPmaxentropy,638,14,15,27,31,40,45,55,61,66,69,70,85,88,92,96,99
clust_eq,UPmaxentropy,639,4,5,8,18,34,36,46,62,63,70,75,83,86,96,97,98
clust_eq,UPmaxentropy,640,6,8,11,22,27,35,43,44,47,49,56,59,60,75,91,92
clust_eq,UPmaxentropy,641,3,19,22,24,25,33,37,55,57,58,62,71,83,84,86,97
clust_eq,UPmaxentropy,642,6,17,22,43,53,54,58,65,78,79,83,84,88,91,94,99
clust_eq,UPmaxentropy,643,4,6,7,8,14,16,26,35,50,52,58,66,70,72,78,84
clust_eq,UPmaxentropy,644,7,9,12,17,23,27,28,34,48,52,59,68,72,74,92,97
clust_eq,UPmaxentropy,645,2,4,9,15,24,36,40,43,44,56,68,83,84,89,90,95
clust_eq,UPmaxentropy,646,9,24,27,33,36,37,39,41,48,51,54,65,79,80,91,94
clust_eq,UPmaxentropy,647,1,11,12,22,24,34,37,50,60,61,64,66,82,83,86,88
clust_eq,UPmaxentropy,648,12,14,39,43,44,46,49,55,56,59,66,68,75,82,90,95
clust_eq,UPmaxentropy,649,1,26,32,44,49,53,58,59,65,67,75,77,85,92,94,95
clust_eq,UPmaxentropy,650,5,16,32,36,40,46,47,53,54,56,68,75,81,82,88,89
clust_eq,UPmaxentropy,651,21,25,29,32,38,42,45,46,48,56,59,72,82,83,85,87
clust_eq,UPmaxentropy,652,2,13,15,16,22,25,33,36,43,52,68,87,91,93,97,100
clust_eq,UPmaxentropy,653,9,10,17,20,21,25,57,68,76,77,78,87,88,92,93,99
clust_eq,UPmaxentropy,654,1,7,9,10,11,37,38,51,53,58,64,65,69,81,91,100
clust_eq,UPmaxentropy,655,7,12,23,43,45,47,48,54,60,63,66,70,73,76,89,91
clust_eq,UPmaxentropy,656,17,21,29,30,32,37,46,47,59,65,66,75,76,88,91,92
clust_eq,UPmaxentropy,657,1,5,12,18,26,34,40,57,58,72,74,77,85,95,96,99
clust_eq,UPmaxentropy,658,7,22,29,49,52,60,62,70,72,73,76,79,80,90,94,96
clust_eq,UPmaxentropy,659,8,10,15,38,49,58,60,69,70,79,81,84,89,92,94,96
clust_eq,UPmaxentropy,660,7,9,11,14,23,30,35,47,48,53,54,75,76,82,83,92
clust_eq,UPmaxentropy,661,16,17,28,38,41,48,51,59,60,67,72,73,78,85,93,96
clust_eq,UPmaxentropy,662,10,30,32,35,38,40,52,64,67,68,69,71,78,81,91,96
clust_eq,UPmaxentropy,663,1,3,8,16,26,31,38,44,47,48,52,55,56,72,85,93
clust_eq,UPmaxentropy,664,1,3,6,25,36,38,45,59,61,63,64,74,78,82,85,95
clust_eq,UPmaxentropy,665,9,16,17,23,25,30,34,39,61,65,71,75,79,81,92,99
clust_eq,UPmaxentropy,666,1,12,14,36,39,43,44,48,51,53,54,71,74,84,90,96
clust_eq,UPmaxentropy,667,1,10,11,12,25,36,41,43,45,50,56,60,76,77,87,88
clust_eq,UPmaxentropy,668,6,8,17,24,33,38,44,49,53,68,70,72,81,89,96,99
clust_eq,UPmaxentropy,669,7,8,10,16,23,33,49,53,55,57,58,68,82,83,86,98
clust_eq,UPmaxentropy,670,4,12,23,24,25,29,32,34,43,47,48,76,82,83,86,100
clust_eq,UPmaxentropy,671,1,23,36,43,44,47,52,53,57,62,63,65,68,70,96,99
clust_eq,UPmaxentropy,672,1,9,10,21,23,24,31,34,42,54,57,69,79,82,91,94
clust_eq,UPmaxentropy,673,5,6,16,24,26,33,37,44,54,55,60,66,70,76,83,95
clust_eq,UPmaxentropy,674,3,15,21,31,34,43,50,55,64,68,75,78,82,84,88,97
clust_eq,UPmaxentropy,675,1,13,16,24,27,28,30,38,40,43,51,69,77,86,88,91
clust_eq,UPmaxentropy,676,6,17,23,25,37,38,39,40,45,48,58,59,62,83,94,99
clust_eq,UPmaxentropy,677,10,18,22,30,31,33,46,55,58,61,71,83,92,95,96,97
clust_eq,UPmaxentropy,678,6,16,20,27,41,43,46,55,62,64,67,74,76,79,83,96
clust_eq,UPmaxentropy,679,3,5,7,8,10,11,18,31,48,50,55,61,70,87,89,93
clust_eq,UPmaxentropy,680,2,5,23,25,32,40,45,49,53,56,57,62,73,76,79,94
clust_eq,UPmaxentropy,681,2,4,5,9,11,12,16,18,36,49,61,64,65,76,89,92
clust_eq,UPmaxentropy,682,1,6,17,31,35,41,50,52,64,66,76,79,81,83,84,97
clust_eq,UPmaxentropy,683,6,8,9,22,26,29,32,39,46,58,63,68,73,90,94,100
clust_eq,UPmaxentropy,684,7,11,20,24,38,42,45,48,54,55,57,76,80,87,92,93
clust_eq,UPmaxentropy,685,14,27,32,45,53,56,59,63,66,67,68,72,77,85,88,100
clust_eq,UPmaxentropy,686,6,9,12,13,14,27,30,33,34,37,40,46,63,76,87,96
clust_eq,UPmaxentropy,687,5,11,14,39,41,45,52,58,68,69,73,77,81,93,97,100
clust_eq,UPmaxentropy,688,5,9,10,28,31,42,45,49,57,65,71,79,80,82,84,88
clust_eq,UPmaxentropy,689,4,23,25,32,34,35,37,41,42,47,60,70,72,73,78,92
clust_eq,UPmaxentropy,690,7,19,30,31,37,39,44,59,61,63,64,67,87,88,93,100
clust_eq,UPmaxentropy,691,3,14,15,26,37,40,46,50,51,52,61,64,80,82,85,98
clust_eq,UPmaxentropy,692,8,10,19,21,24,32,33,36,42,49,51,56,61,69,86,99
clust_eq,UPmaxentropy,693,2,4,8,11,23,31,41,48,50,53,56,65,76,83,90,92
clust_eq,UPmaxentropy,694,3,18,21,23,28,31,34,40,50,55,56,60,61,66,67,80
clust_eq,UPmaxentropy,695,14,27,36,43,45,50,54,55,57,67,79,82,83,88,93,98
clust_eq,UPmaxentropy,696,5,9,11,12,19,29,33,34,44,51,82,85,88,95,98,99
clust_eq,UPmaxentropy,697,11,17,18,22,24,26,32,43,57,62,64,69,74,83,93,97
clust_eq,UPmaxentropy,698,1,3,4,5,6,21,22,55,69,71,78,84,87,89,95,99
clust_eq,UPmaxentropy,699,6,9,19,20,21,22,25,33,38,40,45,49,54,62,63,80
clust_eq,UPmaxentropy,700,2,8,12,14,17,18,35,42,43,59,70,71,76,86,95,96
clust_eq,UPmaxentropy,701,4,6,20,29,37,45,49,51,54,57,62,66,67,78,79,86
clust_eq,UPmaxentropy,702,1,20,26,35,36,37,47,56,62,65,66,76,77,78,93,99
clust_eq,UPmaxentropy,703,9,16,19,22,26,28,34,44,52,57,64,70,71,81,91,100
clust_eq,UPmaxentropy,704,4,21,22,25,29,42,67,70,73,76,78,85,86,91,94,98
clust_eq,UPmaxentropy,705,1,8,14,17,18,25,32,40,43,47,77,78,79,83,86,97
clust_eq,UPmaxentropy,706,5,20,21,26,35,37,39,51,53,56,62,63,85,91,98,99
clust_eq,UPmaxentropy,707,3,28,31,34,35,45,49,65,73,75,79,84,92,94,98,99
clust_eq,UPmaxentropy,708,1,10,16,25,34,42,43,45,49,51,53,79,85,87,95,99
clust_eq,UPmaxentropy,709,14,19,25,31,48,51,57,63,66,77,83,87,90,93,98,99
clust_eq,UPmaxentropy,710,6,8,24,31,34,45,48,52,62,68,74,75,77,82,84,85
clust_eq,UPmaxentropy,711,4,9,15,22,29,31,43,49,54,62,69,73,74,87,89,97
clust_eq,UPmaxentropy,712,5,9,13,18,20,31,42,53,54,65,66,67,71,78,82,100
clust_eq,UPmaxentropy,713,10,28,38,45,50,52,53,62,67,80,81,83,90,94,96,100
clust_eq,UPmaxentropy,714,5,15,20,28,29,39,40,47,53,58,65,68,71,74,75,79
clust_eq,UPmaxentropy,715,5,11,16,26,28,41,53,57,61,63,69,70,78,87,89,90
clust_eq,UPmaxentropy,716,5,16,17,19,31,37,38,47,63,67,71,75,83,85,91,92
clust_eq,UPmaxentropy,717,4,6,9,14,35,37,43,57,79,80,81,83,84,85,87,91
clust_eq,UPmaxentropy,718,2,3,17,22,24,26,27,34,37,44,47,48,63,81,84,90
clust_eq,UPmaxentropy,719,9,10,15,25,31,41,46,49,53,62,64,82,85,86,87,97
clust_eq,UPmaxentropy,720,5,8,12,13,26,31,39,43,46,50,52,67,76,77,90,91
clust_eq,UPmaxentropy,721,4,8,13,14,15,21,31,43,58,65,73,82,83,90,91,99
clust_eq,UPmaxentropy,722,11,15,33,39,44,45,47,48,55,57,63,64,83,88,91,96
clust_eq,UPmaxentropy,723,2,8,11,17,22,24,41,46,52,53,68,69,72,74,80,99
clust_eq,UPmaxentropy,724,17,25,30,33,44,47,49,51,53,54,67,72,80,82,98,99
clust_eq,UPmaxentropy,725,1,4,21,36,54,57,60,67,70,72,73,76,78,80,87,88
clust_eq,UPmaxentropy,726,7,11,14,15,20,26,32,44,61,68,75,78,85,87,94,100
clust_eq,UPmaxentropy,727,19,24,50,51,55,57,58,60,66,69,80,84,85,88,97,100
clust_eq,UPmaxentropy,728,10,13,26,28,35,46,49,53,54,71,74,80,82,88,96,97
clust_eq,UPmaxentropy,729,2,15,28,29,30,35,39,58,59,62,65,68,79,91,97,99
clust_eq,UPmaxentropy,730,1,10,12,15,17,18,25,37,51,60,70,75,76,85,87,99
clust_eq,UPmaxentropy,731,2,5,32,41,52,53,55,56,57,63,65,82,87,88,91,98
clust_eq,UPmaxentropy,732,3,23,26,29,30,36,42,43,46,50,55,72,78,82,83,100
clust_eq,UPmaxentropy,733,4,24,37,45,47,54,55,61,66,68,73,77,78,82,94,97
clust_eq,UPmaxentropy,734,12,13,20,24,25,27,32,33,34,44,54,55,61,83,87,99
clust_eq,UPmaxentropy,735,3,4,5,27,32,38,54,59,66,71,76,80,85,91,94,100
clust_eq,UPmaxentropy,736,5,11,13,15,16,22,35,37,48,49,52,72,89,91,92,95
clust_eq,UPmaxentropy,737,3,18,25,47,48,54,60,67,75,77,79,83,88,93,94,96
clust_eq,UPmaxentropy,738,5,7,8,12,18,19,26,36,47,56,59,91,92,94,97,100
clust_eq,UPmaxentropy,739,2,12,19,23,24,40,54,57,58,59,64,71,76,82,89,96
clust_eq,UPmaxentropy,740,1,2,6,7,21,42,50,52,64,70,72,78,79,89,92,93
clust_eq,UPmaxentropy,741,7,8,13,17,19,27,34,38,42,43,44,56,57,70,72,88
clust_eq,UPmaxentropy,742,2,21,24,26,27,34,46,59,66,68,77,81,84,86,92,97
clust_eq,UPmaxentropy,743,1,10,16,19,25,26,32,40,41,54,68,78,82,85,87,89
clust_eq,UPmaxentropy,744,2,8,9,13,14,21,27,33,38,47,48,75,81,88,89,98
clust_eq,UPmaxentropy,745,10,16,20,24,26,27,41,47,51,53,67,70,75,82,84,95
clust_eq,UPmaxentropy,746,6,10,16,17,19,20,26,31,43,52,55,57,60,66,73,78
clust_eq,UPmaxentropy,747,1,7,15,22,28,32,43,59,70,72,77,79,88,89,91,97
clust_eq,UPmaxentropy,748,3,5,7,21,22,29,33,36,59,72,76,83,89,97,98,99
clust_eq,UPmaxentropy,749,4,18,19,25,29,35,47,48,49,50,60,64,68,79,81,83
clust_eq,UPmaxentropy,750,9,10,18,22,25,34,41,48,50,51,52,56,63,67,76,79
clust_eq,UPmaxentropy,751,40,45,57,58,59,61,65,76,79,81,85,92,94,96,97,98
clust_eq,UPmaxentropy,752,11,15,16,22,23,31,42,47,49,50,66,69,72,83,94,96
clust_eq,UPmaxentropy,753,1,7,32,35,42,50,56,57,60,79,80,84,85,91,92,98
clust_eq,UPmaxentropy,754,3,17,29,30,40,44,46,53,64,69,78,79,80,84,86,94
clust_eq,UPmaxentropy,755,8,11,14,17,24,29,30,31,38,42,45,53,64,73,75,98
clust_eq,UPmaxentropy,756,4,5,8,25,29,41,42,43,45,47,51,62,77,81,83,99
clust_eq,UPmaxentropy,757,6,12,13,26,28,36,38,45,66,70,74,83,85,87,90,91
clust_eq,UPmaxentropy,758,5,6,7,9,27,41,43,44,49,55,56,60,62,84,87,97
clust_eq,UPmaxentropy,759,4,9,12,26,34,42,50,51,52,55,58,64,69,75,88,96
clust_eq,UPmaxentropy,760,3,6,12,20,28,30,34,35,38,45,51,60,74,80,92,96
clust_eq,UPmaxentropy,761,11,14,36,42,46,49,50,55,62,68,69,73,91,94,95,97
clust_eq,UPmaxentropy,762,2,6,14,19,22,30,31,39,61,66,72,82,87,93,97,99
clust_eq,UPmaxentropy,763,2,8,10,11,13,20,25,32,38,41,47,65,69,71,75,97
clust_eq,UPmaxentropy,764,1,2,4,7,11,20,33,39,47,62,65,66,73,77,81,91
clust_eq,UPmaxentropy,765,5,18,20,21,23,24,46,48,59,65,69,81,86,95,96,99
clust_eq,UPmaxentropy,766,2,11,14,21,31,34,35,36,48,49,52,61,64,65,68,91
clust_eq,UPmaxentropy,767,1,3,5,16,27,34,35,37,52,73,74,76,80,81,84,86
clust_eq,UPmaxentropy,768,1,2,7,14,16,21,22,25,43,44,46,51,61,70,71,93
clust_eq,UPmaxentropy,769,2,4,14,20,22,26,29,30,32,34,38,85,87,93,97,99
clust_eq,UPmaxentropy,770,3,5,6,12,21,27,31,38,42,44,67,71,82,96,97,98
clust_eq,UPmaxentropy,771,11,25,31,35,37,41,47,59,68,71,74,79,83,85,86,88
clust_eq,UPmaxentropy,772,1,8,14,19,24,34,43,68,69,70,76,77,78,88,90,96
clust_eq,UPmaxentropy,773,2,3,7,9,19,34,42,48,72,76,79,84,87,96,98,99
clust_eq,UPmaxentropy,774,4,14,16,32,43,46,49,53,54,64,65,80,81,85,97,100
clust_eq,UPmaxentropy,775,9,12,16,21,34,38,62,63,65,67,68,70,74,81,90,97
clust_eq,UPmaxentropy,776,2,3,4,7,9,36,45,46,53,58,61,65,66,79,95,96
clust_eq,UPmaxentropy,777,3,7,21,24,31,33,41,42,47,51,56,65,83,85,94,97
clust_eq,UPmaxentropy,778,3,7,15,16,27,41,45,52,62,65,73,77,78,89,90,100
clust_eq,UPmaxentropy,779,1,4,9,10,14,19,33,41,44,45,55,69,72,76,88,99
clust_eq,UPmaxentropy,780,7,8,11,14,19,26,31,34,39,40,69,74,77,83,85,96
clust_eq,UPmaxentropy,781,6,12,17,19,34,40,42,43,51,52,56,66,71,91,93,94
clust_eq,UPmaxentropy,782,5,8,10,12,14,21,31,43,44,47,63,65,82,96,97,100
clust_eq,UPmaxentropy,783,6,8,10,17,29,36,39,48,50,52,60,70,74,78,83,87
clust_eq,UPmaxentropy,784,4,8,14,16,26,33,39,44,56,58,59,73,80,92,94,97
clust_eq,UPmaxentropy,785,6,8,10,12,26,30,38,39,47,48,51,64,72,82,89,91
clust_eq,UPmaxentropy,786,3,11,14,17,19,23,35,36,44,46,58,59,60,61,90,98
clust_eq,UPmaxentropy,787,15,18,24,26,32,33,34,35,44,50,70,72,80,85,89,94
clust_eq,UPmaxentropy,788,7,9,24,27,50,51,52,56,65,73,76,77,85,92,96,98
clust_eq,UPmaxentropy,789,9,13,23,27,29,30,33,41,43,58,64,65,83,93,95,99
clust_eq,UPmaxentropy,790,9,10,14,22,31,41,44,53,57,59,73,74,86,94,96,100
clust_eq,UPmaxentropy,791,4,9,13,15,18,28,31,41,44,52,61,64,65,67,68,91
clust_eq,UPmaxentropy,792,2,5,7,13,22,38,40,48,50,54,68,74,75,93,98,100
clust_eq,UPmaxentropy,793,14,20,23,24,34,37,40,46,55,64,66,69,77,81,86,91
clust_eq,UPmaxentropy,794,2,9,18,24,26,28,42,64,65,71,72,76,77,78,84,98
clust_eq,UPmaxentropy,795,5,16,19,21,32,39,43,50,55,57,63,66,68,71,76,100
clust_eq,UPmaxentropy,796,3,15,17,20,25,32,35,38,45,53,57,58,59,78,79,98
clust_eq,UPmaxentropy,797,8,11,14,16,21,27,29,32,35,46,53,59,62,81,83,93
clust_eq,UPmaxentropy,798,13,14,24,30,33,37,38,39,41,46,53,60,63,80,81,84
clust_eq,UPmaxentropy,799,1,3,8,9,14,16,18,45,52,53,62,67,68,75,77,78
clust_eq,UPmaxentropy,800,5,23,26,27,34,36,40,48,59,61,65,77,88,90,92,96
clust_eq,UPmaxentropy,801,16,20,24,31,40,42,43,51,59,60,61,62,73,78,88,92
clust_eq,UPmaxentropy,802,5,14,27,28,50,55,57,59,62,63,65,74,79,80,84,92
clust_eq,UPmaxentropy,803,3,4,16,17,25,35,37,56,57,59,61,64,79,82,90,94
clust_eq,UPmaxentropy,804,5,14,20,22,23,24,34,37,43,44,56,83,87,90,96,97
clust_eq,UPmaxentropy,805,4,8,16,41,51,57,60,66,74,75,79,86,88,95,96,97
clust_eq,UPmaxentropy,806,2,12,14,16,22,35,39,40,44,66,74,78,86,90,91,100
clust_eq,UPmaxentropy,807,13,16,33,38,40,42,48,50,61,65,73,74,78,79,85,90
clust_eq,UPmaxentropy,808,1,2,5,9,16,24,25,38,59,63,68,70,74,80,87,95
clust_eq,UPmaxentropy,809,1,12,27,31,41,45,50,58,63,65,67,68,73,86,92,99
clust_eq,UPmaxentropy,810,13,16,25,29,47,56,58,59,68,78,81,82,89,93,94,95
clust_eq,UPmaxentropy,811,6,16,20,29,30,31,42,46,49,50,60,68,69,78,80,91
clust_eq,UPmaxentropy,812,8,10,15,27,33,40,44,47,49,56,57,58,74,79,87,88
clust_eq,UPmaxentropy,813,13,19,32,38,42,50,57,58,62,73,74,80,86,91,93,95
clust_eq,UPmaxentropy,814,3,4,6,7,19,33,52,57,67,69,72,73,92,93,98,99
clust_eq,UPmaxentropy,815,14,15,21,27,34,42,58,66,69,72,76,82,83,87,88,96
clust_eq,UPmaxentropy,816,4,5,30,33,35,43,52,53,59,69,70,73,77,93,96,97
clust_eq,UPmaxentropy,817,10,14,15,23,29,35,40,46,55,63,76,77,81,86,89,91
clust_eq,UPmaxentropy,818,9,14,15,18,20,25,29,34,43,45,50,57,61,75,91,98
clust_eq,UPmaxentropy,819,5,9,13,22,43,54,61,78,80,81,82,86,89,91,93,99
clust_eq,UPmaxentropy,820,2,14,20,21,27,41,42,46,58,66,76,84,88,90,91,98
clust_eq,UPmaxentropy,821,1,2,5,7,8,16,21,34,45,47,63,64,70,73,82,100
clust_eq,UPmaxentropy,822,4,15,23,32,37,43,44,52,56,58,60,61,79,85,97,98
clust_eq,UPmaxentropy,823,6,7,20,28,32,34,48,52,54,57,67,75,78,82,89,92
clust_eq,UPmaxentropy,824,1,5,12,13,15,25,35,50,51,52,55,60,68,75,77,83
clust_eq,UPmaxentropy,825,9,15,18,24,36,42,44,50,52,55,57,61,64,84,87,93
clust_eq,UPmaxentropy,826,3,9,12,23,39,42,49,52,63,68,69,75,76,78,87,95
clust_eq,UPmaxentropy,827,2,7,30,37,47,50,53,59,60,63,74,76,79,85,88,100
clust_eq,UPmaxentropy,828,6,8,10,13,16,31,38,39,57,58,63,68,76,78,87,100
clust_eq,UPmaxentropy,829,2,3,14,21,23,49,52,57,63,67,69,71,81,90,92,96
clust_eq,UPmaxentropy,830,4,7,10,21,27,41,44,53,64,68,70,72,81,84,86,96
clust_eq,UPmaxentropy,831,7,16,23,26,33,44,46,47,53,58,61,63,74,86,87,92
clust_eq,UPmaxentropy,832,5,9,12,17,18,21,25,30,40,43,45,49,65,76,92,96
clust_eq,UPmaxentropy,833,8,17,18,27,29,35,38,41,46,47,49,53,56,58,66,90
clust_eq,UPmaxentropy,834,7,9,10,13,20,26,30,45,46,47,65,69,75,76,86,94
clust_eq,UPmaxentropy,835,6,7,8,16,21,34,39,40,46,49,63,64,66,71,83,89
clust_eq,UPmaxentropy,836,3,7,9,11,12,17,18,40,53,54,61,63,85,90,92,97
clust_eq,UPmaxentropy,837,3,9,19,35,37,43,47,52,55,59,74,75,77,88,90,99
clust_eq,UPmaxentropy,838,10,17,23,27,36,44,47,78,80,81,82,84,87,93,98,99
clust_eq,UPmaxentropy,839,4,12,13,14,19,30,35,49,50,57,58,63,69,98,99,100
clust_eq,UPmaxentropy,840,3,7,8,16,18,21,24,30,32,39,46,52,55,71,79,95
clust_eq,UPmaxentropy,841,7,11,18,21,23,27,33,42,47,54,71,73,81,83,84,93
clust_eq,UPmaxentropy,842,11,20,25,30,34,38,39,44,45,48,60,62,66,75,89,97
clust_eq,UPmaxentropy,843,4,20,21,30,35,43,49,54,55,58,60,83,87,90,96,98
clust_eq,UPmaxentropy,844,9,10,16,20,23,26,31,39,43,47,55,58,68,73,89,98
clust_eq,UPmaxentropy,845,16,25,34,35,38,43,51,59,60,63,70,73,76,78,89,100
clust_eq,UPmaxentropy,846,2,12,26,37,40,43,53,56,66,68,73,75,82,85,95,100
clust_eq,UPmaxentropy,847,3,6,10,12,13,16,27,34,40,44,48,49,53,55,71,87
clust_eq,UPmaxentropy,848,2,8,10,20,23,42,43,44,46,58,63,66,69,72,76,85
clust_eq,UPmaxentropy,849,3,14,20,31,32,37,42,47,52,54,65,70,75,80,82,83
clust_eq,UPmaxentropy,850,10,17,24,29,37,53,54,55,56,57,64,65,68,76,84,85
clust_eq,UPmaxentropy,851,1,8,11,16,20,31,58,61,62,64,73,85,88,91,94,99
clust_eq,UPmaxentropy,852,7,9,15,16,24,30,39,47,57,58,63,65,66,80,81,83
clust_eq,UPmaxentropy,853,10,11,15,24,30,47,48,51,54,55,57,59,63,65,76,91
clust_eq,UPmaxentropy,854,3,12,15,18,19,21,23,24,33,37,39,74,75,78,80,99
clust_eq,UPmaxentropy,855,8,17,31,39,40,59,64,66,70,72,79,81,82,83,91,94
clust_eq,UPmaxentropy,856,8,22,26,41,43,54,61,63,68,71,73,74,84,92,94,98
clust_eq,UPmaxentropy,857,3,5,31,32,35,47,52,59,64,69,77,79,81,87,92,100
clust_eq,UPmaxentropy,858,2,5,13,18,28,29,44,51,53,56,58,70,81,83,93,100
clust_eq,UPmaxentropy,859,2,24,25,36,38,41,44,53,60,64,68,73,85,89,98,99
clust_eq,UPmaxentropy,860,1,2,11,16,17,27,37,39,45,46,49,52,54,60,83,92
clust_eq,UPmaxentropy,861,12,13,37,39,44,48,68,71,77,80,81,83,89,95,96,97
clust_eq,UPmaxentropy,862,3,9,22,26,30,32,34,37,41,61,62,69,71,84,86,90
clust_eq,UPmaxentropy,863,13,14,17,44,48,54,60,65,75,83,84,86,87,89,91,95
clust_eq,UPmaxentropy,864,12,43,45,48,54,56,57,62,70,71,72,77,78,86,90,91
clust_eq,UPmaxentropy,865,6,7,13,25,31,36,39,54,55,63,66,76,78,84,87,96
clust_eq,UPmaxentropy,866,2,5,12,21,25,27,31,41,48,65,74,84,87,93,97,99
clust_eq,UPmaxentropy,867,3,28,41,45,52,55,63,64,69,78,81,82,87,97,98,99
clust_eq,UPmaxentropy,868,1,3,9,12,24,27,33,34,39,42,45,53,62,78,91,99
clust_eq,UPmaxentropy,869,3,7,8,20,33,40,50,61,69,82,83,85,86,92,93,95
clust_eq,UPmaxentropy,870,4,13,17,22,31,44,60,66,67,69,77,79,85,93,95,96
clust_eq,UPmaxentropy,871,11,15,25,27,31,39,55,56,57,64,69,70,75,82,92,97
clust_eq,UPmaxentropy,872,12,13,20,25,30,33,34,37,39,41,46,72,86,90,92,100
clust_eq,UPmaxentropy,873,4,8,20,27,28,31,32,37,44,48,54,55,66,71,72,88
clust_eq,UPmaxentropy,874,1,12,15,18,25,27,38,39,41,48,61,68,72,81,84,99
clust_eq,UPmaxentropy,875,2,4,10,12,32,38,40,58,62,69,70,73,76,78,84,89
clust_eq,UPmaxentropy,876,2,8,12,29,42,51,52,53,56,58,67,73,89,91,92,95
clust_eq,UPmaxentropy,877,8,27,38,42,47,57,58,63,64,67,70,74,83,84,90,98
clust_eq,UPmaxentropy,878,2,13,18,31,32,47,61,68,69,74,75,79,81,94,96,98
clust_eq,UPmaxentropy,879,2,5,6,11,15,21,40,50,61,68,78,81,87,88,91,96
clust_eq,UPmaxentropy,880,8,12,27,37,39,41,48,59,62,63,72,76,82,92,93,100
clust_eq,UPmaxentropy,881,12,23,26,27,30,38,40,44,48,56,58,65,68,74,75,84
clust_eq,UPmaxentropy,882,7,14,19,25,31,34,35,39,54,60,67,71,72,80,90,97
clust_eq,UPmaxentropy,883,4,8,13,17,24,29,32,35,48,49,50,52,57,66,85,89
clust_eq,UPmaxentropy,884,2,3,13,17,18,26,40,46,61,66,69,77,80,83,94,100
clust_eq,UPmaxentropy,885,5,19,22,24,29,34,38,45,54,60,70,87,88,96,97,100
clust_eq,UPmaxentropy,886,10,21,22,28,36,37,53,55,58,59,60,72,81,84,91,99
clust_eq,UPmaxentropy,887,8,11,18,20,21,22,23,32,34,41,51,52,54,71,76,95
clust_eq,UPmaxentropy,888,1,8,9,19,20,23,27,30,31,39,51,52,61,64,87,100
clust_eq,UPmaxentropy,889,10,22,26,27,37,38,46,47,48,56,62,69,71,77,97,98
clust_eq,UPmaxentropy,890,8,23,26,31,38,41,46,48,53,57,66,67,71,78,83,92
clust_eq,UPmaxentropy,891,1,5,21,22,33,41,46,51,53,57,58,72,76,80,90,99
clust_eq,UPmaxentropy,892,3,4,9,14,35,36,38,39,40,48,58,68,71,73,87,96
clust_eq,UPmaxentropy,893,6,19,20,22,42,50,52,53,55,62,64,65,80,86,97,98
clust_eq,UPmaxentropy,894,10,24,26,31,35,47,48,49,60,61,66,70,77,86,92,99
clust_eq,UPmaxentropy,895,13,29,32,36,45,46,48,51,66,72,74,75,76,92,93,99
clust_eq,UPmaxentropy,896,4,5,12,27,35,38,39,42,43,58,63,80,81,82,84,88
clust_eq,UPmaxentropy,897,2,3,17,32,37,45,55,58,61,66,67,69,73,83,88,97
clust_eq,UPmaxentropy,898,10,12,15,18,30,33,38,48,53,55,57,63,65,68,95,96
clust_eq,UPmaxentropy,899,16,31,32,33,36,37,42,46,49,51,52,59,72,84,88,92
clust_eq,UPmaxentropy,900,8,23,25,26,27,28,33,55,60,62,64,65,74,83,88,96
clust_eq,UPmaxentropy,901,5,11,22,25,27,35,43,45,51,52,57,62,64,77,89,97
clust_eq,UPmaxentropy,902,3,8,11,13,15,16,20,21,24,29,32,33,53,60,76,86
clust_eq,UPmaxentropy,903,1,5,7,21,23,29,46,57,75,76,80,81,85,87,90,95
clust_eq,UPmaxentropy,904,10,17,19,27,28,32,38,39,54,63,64,65,73,75,91,95
clust_eq,UPmaxentropy,905,3,11,19,22,24,30,33,43,52,54,58,71,78,81,85,96
clust_eq,UPmaxentropy,906,13,18,24,34,38,41,45,47,58,59,74,75,77,95,98,99
clust_eq,UPmaxentropy,907,17,18,20,23,24,28,32,36,43,44,62,66,72,74,83,85
clust_eq,UPmaxentropy,908,4,6,7,9,13,17,19,24,27,41,59,60,66,70,71,72
clust_eq,UPmaxentropy,909,2,9,12,20,26,39,41,42,53,58,59,69,82,93,95,98
clust_eq,UPmaxentropy,910,6,7,10,20,26,28,34,49,59,60,61,65,73,82,85,89
clust_eq,UPmaxentropy,911,4,16,22,26,34,42,45,54,69,74,77,82,83,84,88,100
clust_eq,UPmaxentropy,912,4,11,14,17,23,25,28,38,52,57,64,66,68,71,72,76
clust_eq,UPmaxentropy,913,2,15,20,22,30,33,43,45,53,59,87,89,92,93,96,100
clust_eq,UPmaxentropy,914,1,5,8,16,32,34,42,45,47,50,60,70,74,79,95,100
clust_eq,UPmaxentropy,915,4,7,18,22,33,45,56,59,60,65,66,70,76,82,86,94
clust_eq,UPmaxentropy,916,6,16,26,45,49,55,56,57,60,61,78,80,85,86,93,95
clust_eq,UPmaxentropy,917,1,13,16,19,24,30,34,36,56,64,68,81,86,90,91,93
clust_eq,UPmaxentropy,918,4,7,15,16,25,44,54,55,61,62,68,69,74,80,83,100
clust_eq,UPmaxentropy,919,4,12,21,26,29,37,39,47,48,56,59,79,83,86,87,93
clust_eq,UPmaxentropy,920,6,11,20,27,37,43,50,54,61,67,75,79,92,94,98,99
clust_eq,UPmaxentropy,921,1,5,9,17,22,30,40,55,61,66,77,78,81,82,85,99
clust_eq,UPmaxentropy,922,2,3,5,6,7,11,13,14,22,28,31,75,78,81,82,98
clust_eq,UPmaxentropy,923,3,10,12,19,24,27,31,41,52,59,64,68,72,76,83,99
clust_eq,UPmaxentropy,924,3,4,14,21,22,28,29,40,64,72,73,80,86,88,90,99
clust_eq,UPmaxentropy,925,17,28,31,36,38,40,41,45,54,58,67,76,84,90,94,98
clust_eq,UPmaxentropy,926,4,5,8,20,22,23,27,48,52,63,65,66,76,77,87,98
clust_eq,UPmaxentropy,927,4,8,10,14,21,28,38,39,52,54,59,73,74,76,91,96
clust_eq,UPmaxentropy,928,2,14,19,26,29,31,39,43,45,49,52,56,58,61,68,76
clust_eq,UPmaxentropy,929,2,7,15,28,30,38,43,48,55,61,68,70,71,78,86,96
clust_eq,UPmaxentropy,930,7,14,23,43,50,52,62,65,67,68,75,79,84,88,94,100
clust_eq,UPmaxentropy,931,5,7,9,10,11,16,18,22,27,34,40,44,56,74,85,99
clust_eq,UPmaxentropy,932,4,41,43,47,48,50,56,60,63,78,79,83,84,89,94,96
clust_eq,UPmaxentropy,933,8,11,13,21,25,27,32,60,64,65,66,81,83,91,92,94
clust_eq,UPmaxentropy,934,5,6,14,18,23,26,34,38,41,42,43,49,66,77,85,95
clust_eq,UPmaxentropy,935,13,24,25,32,36,39,40,49,56,69,74,77,89,91,95,97
clust_eq,UPmaxentropy,936,2,3,14,32,34,37,44,46,49,54,61,68,70,74,76,84
clust_eq,UPmaxentropy,937,2,7,14,17,28,30,32,38,42,50,53,68,72,76,78,89
clust_eq,UPmaxentropy,938,3,6,13,30,33,37,49,54,56,65,66,78,82,86,93,94
clust_eq,UPmaxentropy,939,10,12,13,14,20,26,30,34,35,52,55,61,64,77,85,98
clust_eq,UPmaxentropy,940,6,13,14,15,17,21,22,39,42,43,57,75,77,80,95,98
clust_eq,UPmaxentropy,941,1,2,17,24,41,50,57,62,63,78,85,86,88,90,93,94
clust_eq,UPmaxentropy,942,8,12,17,19,26,31,38,40,44,45,51,76,79,88,89,90
clust_eq,UPmaxentropy,943,6,8,14,15,17,20,23,25,36,42,54,63,68,70,71,95
clust_eq,UPmaxentropy,944,7,8,9,11,14,18,28,36,40,44,55,56,57,67,68,87
clust_eq,UPmaxentropy,945,10,15,20,43,47,49,51,60,63,69,76,85,87,89,90,97
clust_eq,UPmaxentropy,946,4,7,18,19,27,28,31,32,36,39,52,60,61,67,72,99
clust_eq,UPmaxentropy,947,1,7,8,11,20,24,29,30,36,45,48,52,83,85,89,96
clust_eq,UPmaxentropy,948,1,5,11,12,25,27,31,46,57,60,62,69,71,74,90,98
clust_eq,UPmaxentropy,949,3,23,32,34,39,40,54,55,56,64,71,79,83,86,97,99
clust_eq,UPmaxentropy,950,5,9,12,19,33,40,46,48,58,66,71,74,91,94,96,97
clust_eq,UPmaxentropy,951,3,5,9,10,12,19,22,41,51,55,57,75,76,88,90,93
clust_eq,UPmaxentropy,952,16,22,28,37,40,41,47,59,69,72,73,81,85,87,93,96
clust_eq,UPmaxentropy,953,16,19,32,40,42,44,47,49,52,61,68,69,76,88,90,99
clust_eq,UPmaxentropy,954,11,13,17,24,30,37,40,53,62,67,70,77,84,91,93,96
clust_eq,UPmaxentropy,955,11,24,30,34,41,55,64,66,68,71,73,75,80,89,90,94
clust_eq,UPmaxentropy,956,5,10,11,12,24,34,38,63,66,69,71,74,85,86,87,88
clust_eq,UPmaxentropy,957,4,25,29,37,40,64,65,69,78,80,81,83,87,91,95,97
clust_eq,UPmaxentropy,958,7,13,31,35,36,40,41,58,64,66,72,73,76,94,96,97
clust_eq,UPmaxentropy,959,1,4,8,13,17,24,26,33,37,48,51,53,61,65,69,70
clust_eq,UPmaxentropy,960,4,20,22,26,40,41,46,52,53,61,82,84,92,94,99,100
clust_eq,UPmaxentropy,961,7,8,16,20,40,43,55,56,66,72,73,74,75,81,84,95
clust_eq,UPmaxentropy,962,10,12,14,17,29,32,35,38,42,45,52,60,72,74,77,100
clust_eq,UPmaxentropy,963,14,18,21,22,25,39,53,64,65,72,73,77,86,87,89,90
clust_eq,UPmaxentropy,964,9,13,14,21,22,25,26,27,53,54,75,78,79,84,89,93
clust_eq,UPmaxentropy,965,6,13,29,30,37,39,44,51,65,71,74,89,91,92,96,100
clust_eq,UPmaxentropy,966,12,15,17,29,32,41,44,51,55,63,67,69,76,88,93,96
clust_eq,UPmaxentropy,967,6,9,14,22,25,32,33,44,52,53,59,67,74,87,89,98
clust_eq,UPmaxentropy,968,17,20,22,36,38,41,50,57,58,59,61,75,92,93,96,99
clust_eq,UPmaxentropy,969,14,20,32,35,36,45,46,53,57,72,73,80,96,98,99,100
clust_eq,UPmaxentropy,970,9,12,13,23,30,33,45,59,66,73,76,81,83,89,91,98
clust_eq,UPmaxentropy,971,1,8,19,33,42,43,58,65,66,72,74,83,85,87,91,98
clust_eq,UPmaxentropy,972,2,4,6,7,13,15,18,19,25,35,39,43,50,62,69,81
clust_eq,UPmaxentropy,973,7,15,20,24,31,46,47,48,57,58,67,77,78,85,90,96
clust_eq,UPmaxentropy,974,3,4,6,22,27,36,38,46,54,74,76,79,80,83,90,95
clust_eq,UPmaxentropy,975,2,9,17,20,23,31,33,37,41,49,52,67,77,83,84,98
clust_eq,UPmaxentropy,976,5,19,24,27,28,34,40,41,49,51,58,63,69,72,73,99
clust_eq,UPmaxentropy,977,10,18,21,29,34,35,47,49,58,60,74,79,80,81,92,97
clust_eq,UPmaxentropy,978,8,15,16,22,35,38,45,47,48,49,73,78,80,81,83,89
clust_eq,UPmaxentropy,979,12,13,15,20,42,44,52,53,54,55,59,62,63,64,66,99
clust_eq,UPmaxentropy,980,15,17,23,44,63,65,66,72,74,78,83,88,90,92,93,98
clust_eq,UPmaxentropy,981,3,10,13,16,21,29,31,43,68,70,82,86,92,96,98,99
clust_eq,UPmaxentropy,982,2,6,12,16,27,29,32,33,40,45,47,60,67,70,75,100
clust_eq,UPmaxentropy,983,12,18,19,26,28,32,34,36,37,58,61,72,75,83,84,100
clust_eq,UPmaxentropy,984,3,12,27,39,40,46,48,54,62,68,78,79,83,86,92,97
clust_eq,UPmaxentropy,985,8,12,28,29,33,46,57,65,68,73,80,87,92,93,95,96
clust_eq,UPmaxentropy,986,5,10,20,25,29,54,55,61,63,69,72,74,83,84,90,95
clust_eq,UPmaxentropy,987,1,2,10,12,29,34,44,56,58,71,72,77,88,89,95,98
clust_eq,UPmaxentropy,988,4,19,25,33,43,49,50,51,61,64,65,68,81,85,90,98
clust_eq,UPmaxentropy,989,2,6,20,28,29,42,43,52,64,71,73,79,82,88,91,100
clust_eq,UPmaxentropy,990,5,7,9,10,14,16,20,47,63,69,70,77,78,81,82,85
clust_eq,UPmaxentropy,991,11,14,16,24,36,39,43,47,51,66,71,73,86,89,90,95
clust_eq,UPmaxentropy,992,8,9,10,22,31,37,41,53,58,65,66,76,78,91,95,100
clust_eq,UPmaxentropy,993,2,13,19,25,28,35,45,52,56,61,69,70,71,84,93,97
clust_eq,UPmaxentropy,994,6,7,14,20,25,30,36,37,49,50,62,84,88,91,95,100
clust_eq,UPmaxentropy,995,5,8,9,14,23,33,34,35,63,65,69,83,87,90,91,92
clust_eq,UPmaxentropy,996,7,14,22,26,41,48,49,59,60,67,77,79,85,86,89,94
clust_eq,UPmaxentropy,997,7,8,12,13,24,26,47,48,55,57,62,68,79,84,85,100
clust_eq,UPmaxentropy,998,3,28,30,32,42,43,44,47,50,55,69,80,81,87,88,96
clust_eq,UPmaxentropy,999,7,10,12,18,22,34,46,53,60,61,64,72,73,77,88,95
clust_eq,UPmaxentropy,1000,1,3,7,18,28,29,30,31,33,35,37,44,58,69,72,78
clust_eq,UPmaxentropy,1001,7,23,25,26,29,33,34,54,57,58,62,75,84,86,89,99
clust_eq,UPmaxentropy,1002,7,16,23,24,25,33,35,39,40,45,46,59,62,69,80,90
clust_eq,UPmaxentropy,1003,4,20,25,26,32,35,36,37,40,53,62,67,75,85,97,98
clust_eq,UPmaxentropy,1004,2,14,15,17,40,44,46,53,57,58,67,68,74,80,82,100
clust_eq,UPmaxentropy,1005,8,10,20,21,23,29,36,56,57,58,76,80,87,91,94,98
clust_eq,UPmaxentropy,1006,3,6,14,20,21,36,51,65,79,80,83,84,86,92,95,98
clust_eq,UPmaxentropy,1007,2,23,26,27,29,44,47,58,64,65,72,82,96,98,99,100
clust_eq,UPmaxentropy,1008,31,38,42,44,49,51,52,53,55,60,66,81,82,85,92,97
clust_eq,UPmaxentropy,1009,3,8,9,25,27,28,42,48,50,65,69,79,84,89,99,100
clust_eq,UPmaxentropy,1010,16,25,26,28,30,42,44,48,54,57,77,82,85,86,91,97
clust_eq,UPmaxentropy,1011,2,4,7,9,14,24,37,38,41,44,49,76,89,94,98,100
clust_eq,UPmaxentropy,1012,3,11,14,15,19,33,41,48,61,65,67,69,71,89,97,99
clust_eq,UPmaxentropy,1013,3,6,7,8,9,11,30,37,62,64,71,72,76,83,88,94
clust_eq,UPmaxentropy,1014,3,25,34,38,40,43,49,51,54,63,64,70,74,84,88,100
clust_eq,UPmaxentropy,1015,9,10,13,20,29,30,33,35,48,54,57,63,77,82,95,98
clust_eq,UPmaxentropy,1016,1,3,17,21,24,31,33,35,45,46,47,50,63,72,82,94
clust_eq,UPmaxentropy,1017,4,9,13,14,21,24,38,52,57,67,69,70,81,85,97,100
clust_eq,UPmaxentropy,1018,4,28,31,33,37,38,39,54,57,64,66,67,79,82,85,98
clust_eq,UPmaxentropy,1019,6,9,17,18,20,31,58,59,69,71,74,76,83,86,91,97
clust_eq,UPmaxentropy,1020,3,7,13,24,30,33,45,46,49,58,61,63,65,72,87,90
clust_eq,UPmaxentropy,1021,4,7,13,19,20,22,23,24,40,45,46,52,70,72,75,82
clust_eq,UPmaxentropy,1022,3,5,9,13,24,35,37,60,71,78,83,84,85,87,88,90
clust_eq,UPmaxentropy,1023,2,3,9,36,40,41,43,51,58,64,68,71,78,79,86,93
clust_eq,UPmaxentropy,1024,3,5,7,21,22,24,33,35,37,38,41,43,50,56,63,65
clust_eq,UPmaxentropy,1025,5,10,16,25,30,32,33,58,70,78,83,88,90,91,97,100
clust_eq,UPmaxentropy,1026,6,11,14,18,34,47,54,59,60,63,64,73,82,86,97,100
clust_eq,UPmaxentropy,1027,1,3,15,17,28,32,33,37,54,62,64,72,80,81,82,93
clust_eq,UPmaxentropy,1028,2,7,17,23,26,27,29,35,51,57,60,74,86,87,94,100
clust_eq,UPmaxentropy,1029,4,7,17,31,35,36,38,44,45,73,79,82,85,88,92,96
clust_eq,UPmaxentropy,1030,3,35,36,40,42,45,48,50,51,58,75,77,78,79,83,91
clust_eq,UPmaxentropy,1031,14,18,20,21,34,41,45,52,56,57,65,67,72,73,74,89
clust_eq,UPmaxentropy,1032,9,12,15,22,36,41,42,65,68,70,79,86,87,95,96,100
clust_eq,UPmaxentropy,1033,13,15,17,19,22,27,30,37,44,55,75,76,77,84,86,96
clust_eq,UPmaxentropy,1034,1,2,12,13,19,30,35,43,63,68,69,81,93,94,96,97
clust_eq,UPmaxentropy,1035,7,15,17,20,32,36,39,46,56,60,64,70,81,82,88,98
clust_eq,UPmaxentropy,1036,4,6,13,15,26,36,38,45,49,53,57,60,73,79,88,100
clust_eq,UPmaxentropy,1037,3,6,8,9,23,24,25,31,42,52,59,70,75,84,89,96
clust_eq,UPmaxentropy,1038,2,6,11,12,21,24,29,30,52,53,54,61,67,70,72,77
clust_eq,UPmaxentropy,1039,4,6,22,25,26,28,36,64,69,72,73,92,93,95,97,99
clust_eq,UPmaxentropy,1040,10,11,13,39,43,48,49,50,54,58,63,64,71,72,75,91
clust_eq,UPmaxentropy,1041,2,5,31,32,35,43,51,54,56,58,62,63,69,81,84,89
clust_eq,UPmaxentropy,1042,3,8,9,10,14,16,28,34,37,54,60,63,76,83,94,97
clust_eq,UPmaxentropy,1043,1,3,5,18,37,48,49,52,55,62,68,69,79,90,98,100
clust_eq,UPmaxentropy,1044,3,10,12,17,24,25,35,40,41,46,51,61,63,74,75,86
clust_eq,UPmaxentropy,1045,4,9,15,18,29,33,38,42,51,55,57,61,63,70,80,98
clust_eq,UPmaxentropy,1046,12,17,25,30,36,39,46,48,49,60,62,67,70,74,99,100
clust_eq,UPmaxentropy,1047,1,15,25,28,32,41,45,46,68,69,72,74,84,89,90,96
clust_eq,UPmaxentropy,1048,1,6,11,15,22,26,38,45,59,76,77,86,91,93,97,100
clust_eq,UPmaxentropy,1049,4,6,7,8,41,54,59,64,69,70,76,84,85,87,88,90
clust_eq,UPmaxentropy,1050,5,10,19,22,25,28,33,40,55,60,62,66,78,91,93,97
clust_eq,UPmaxentropy,1051,6,9,13,14,19,22,26,27,49,51,55,63,64,65,79,99
clust_eq,UPmaxentropy,1052,5,6,26,27,34,36,48,53,57,61,69,71,75,76,88,95
clust_eq,UPmaxentropy,1053,3,6,16,25,35,38,39,46,51,81,86,87,88,90,96,98
clust_eq,UPmaxentropy,1054,21,38,39,40,56,63,66,67,68,69,71,72,85,94,95,96
clust_eq,UPmaxentropy,1055,4,10,12,14,16,51,56,64,65,67,69,84,94,95,98,100
clust_eq,UPmaxentropy,1056,6,11,21,35,37,39,46,52,54,60,70,76,85,86,92,93
clust_eq,UPmaxentropy,1057,11,17,24,27,37,44,45,60,68,78,81,86,87,88,91,99
clust_eq,UPmaxentropy,1058,2,27,32,34,40,52,53,55,56,57,63,65,68,76,87,93
clust_eq,UPmaxentropy,1059,2,26,27,29,34,36,37,39,45,51,53,60,73,81,85,93
clust_eq,UPmaxentropy,1060,7,9,20,25,31,33,34,40,47,49,51,57,66,68,77,97
clust_eq,UPmaxentropy,1061,1,6,7,8,9,16,28,44,70,71,73,79,84,90,91,96
clust_eq,UPmaxentropy,1062,5,7,10,13,28,33,37,41,47,53,54,63,65,90,91,92
clust_eq,UPmaxentropy,1063,2,3,4,12,20,22,23,30,34,46,47,51,58,60,77,88
clust_eq,UPmaxentropy,1064,16,19,23,28,50,53,54,57,58,61,69,70,81,88,91,93
clust_eq,UPmaxentropy,1065,3,11,12,16,18,22,23,25,27,47,55,68,71,74,91,96
clust_eq,UPmaxentropy,1066,1,2,14,25,45,46,52,56,62,74,77,81,84,86,89,90
clust_eq,UPmaxentropy,1067,1,2,4,13,24,27,31,33,34,50,55,59,65,73,77,94
clust_eq,UPmaxentropy,1068,7,9,12,16,21,25,27,33,39,45,52,66,70,75,87,100
clust_eq,UPmaxentropy,1069,15,17,22,31,34,35,41,52,55,62,66,69,79,82,85,100
clust_eq,UPmaxentropy,1070,5,10,13,22,26,44,48,49,51,54,58,76,77,80,94,98
clust_eq,UPmaxentropy,1071,2,6,10,13,21,26,28,33,41,46,56,60,73,74,89,93
clust_eq,UPmaxentropy,1072,10,15,17,24,30,34,37,39,54,59,61,63,82,83,86,92
clust_eq,UPmaxentropy,1073,7,8,17,19,22,33,36,43,51,53,62,63,73,78,84,87
clust_eq,UPmaxentropy,1074,1,3,10,14,16,27,32,50,60,64,72,77,88,89,93,98
clust_eq,UPmaxentropy,1075,1,12,19,26,31,37,43,44,45,52,58,68,82,84,93,95
clust_eq,UPmaxentropy,1076,1,2,11,12,22,34,51,58,60,66,71,72,73,80,92,96
clust_eq,UPmaxentropy,1077,1,9,12,13,36,37,41,45,50,66,77,79,91,92,94,96
clust_eq,UPmaxentropy,1078,6,7,12,15,20,27,28,38,39,43,49,51,52,60,70,83
clust_eq,UPmaxentropy,1079,1,4,7,12,13,27,50,54,63,64,69,71,74,88,95,97
clust_eq,UPmaxentropy,1080,9,20,23,28,36,37,40,45,47,68,72,84,85,86,90,100
clust_eq,UPmaxentropy,1081,2,4,25,34,42,43,44,47,51,52,55,62,70,79,98,99
clust_eq,UPmaxentropy,1082,4,13,14,16,21,32,38,47,58,59,74,77,86,88,89,91
clust_eq,UPmaxentropy,1083,1,2,3,8,12,22,37,38,61,70,75,80,86,90,92,96
clust_eq,UPmaxentropy,1084,1,10,17,18,20,21,27,32,46,67,74,81,83,88,94,96
clust_eq,UPmaxentropy,1085,3,10,19,23,26,29,33,40,44,47,48,56,76,83,95,97
clust_eq,UPmaxentropy,1086,14,20,24,25,27,31,33,43,48,68,69,70,73,76,93,100
clust_eq,UPmaxentropy,1087,7,14,17,32,34,38,39,69,73,79,81,84,91,92,96,99
clust_eq,UPmaxentropy,1088,2,5,6,8,9,19,22,34,35,36,52,53,69,73,79,99
clust_eq,UPmaxentropy,1089,11,13,15,24,29,35,42,63,78,88,89,94,95,98,99,100
clust_eq,UPmaxentropy,1090,1,4,21,25,27,31,41,43,56,61,71,74,80,81,89,92
clust_eq,UPmaxentropy,1091,5,11,19,24,30,32,43,49,51,55,57,60,64,78,82,92
clust_eq,UPmaxentropy,1092,3,7,11,19,33,38,43,44,48,49,51,52,67,83,90,99
clust_eq,UPmaxentropy,1093,5,18,28,31,33,45,47,54,59,61,65,68,76,89,94,97
clust_eq,UPmaxentropy,1094,1,6,29,33,35,43,45,59,61,65,70,83,84,86,87,94
clust_eq,UPmaxentropy,1095,2,6,8,10,20,23,27,30,32,34,39,45,57,58,79,93
clust_eq,UPmaxentropy,1096,9,25,34,47,49,51,53,70,72,75,82,85,88,93,98,99
clust_eq,UPmaxentropy,1097,3,5,7,27,36,47,50,53,59,61,66,74,79,84,92,95
clust_eq,UPmaxentropy,1098,8,20,29,30,33,44,59,69,72,75,77,78,82,86,90,98
clust_eq,UPmaxentropy,1099,5,7,17,18,19,27,29,31,40,68,69,74,80,84,86,95
clust_eq,UPmaxentropy,1100,8,15,29,33,45,51,53,54,62,69,70,72,73,78,80,90
clust_eq,UPmaxentropy,1101,8,13,20,25,26,35,42,53,56,58,64,66,70,77,96,97
clust_eq,UPmaxentropy,1102,14,21,23,29,31,34,39,49,51,56,63,64,73,75,76,80
clust_eq,UPmaxentropy,1103,2,5,7,8,10,15,21,28,32,39,49,59,64,71,74,97
clust_eq,UPmaxentropy,1104,7,23,34,36,38,42,44,56,59,61,64,71,84,90,93,99
clust_eq,UPmaxentropy,1105,19,23,28,30,33,38,41,47,52,59,65,80,87,89,90,99
clust_eq,UPmaxentropy,1106,1,3,6,20,24,29,30,35,42,57,59,63,70,75,93,96
clust_eq,UPmaxentropy,1107,2,7,12,17,19,28,35,44,45,47,52,59,68,83,85,92
clust_eq,UPmaxentropy,1108,2,15,31,34,39,42,49,50,52,64,68,70,73,81,82,92
clust_eq,UPmaxentropy,1109,1,3,4,12,20,27,28,33,38,40,54,62,73,76,99,100
clust_eq,UPmaxentropy,1110,10,11,14,36,40,50,58,63,73,83,86,87,90,94,95,96
clust_eq,UPmaxentropy,1111,8,12,15,24,28,38,39,42,58,62,76,78,80,81,87,99
clust_eq,UPmaxentropy,1112,12,44,46,47,48,51,52,55,56,57,70,81,86,90,98,99
clust_eq,UPmaxentropy,1113,4,7,21,39,41,42,48,50,51,53,62,69,70,78,79,97
clust_eq,UPmaxentropy,1114,11,13,14,24,31,33,34,40,66,69,71,83,88,96,97,98
clust_eq,UPmaxentropy,1115,1,2,6,10,17,30,42,46,49,56,61,73,74,83,84,94
clust_eq,UPmaxentropy,1116,1,4,13,16,21,25,33,49,57,58,70,78,79,84,85,88
clust_eq,UPmaxentropy,1117,4,8,9,12,16,19,20,33,49,57,74,75,76,86,88,97
clust_eq,UPmaxentropy,1118,4,8,11,12,13,21,27,35,43,49,54,59,74,85,94,98
clust_eq,UPmaxentropy,1119,1,12,18,29,31,38,40,44,48,54,69,87,89,92,93,100
clust_eq,UPmaxentropy,1120,5,11,15,18,24,26,27,37,38,41,44,55,64,77,79,92
clust_eq,UPmaxentropy,1121,4,9,14,16,29,34,40,44,53,67,70,77,86,87,98,99
clust_eq,UPmaxentropy,1122,4,8,10,19,20,27,28,32,42,44,47,57,61,69,72,99
clust_eq,UPmaxentropy,1123,11,14,36,38,42,44,49,53,66,71,75,78,80,86,90,93
clust_eq,UPmaxentropy,1124,2,6,7,18,22,32,34,39,40,49,51,54,64,65,90,91
clust_eq,UPmaxentropy,1125,16,20,23,39,44,50,58,62,71,72,73,82,84,85,86,88
clust_eq,UPmaxentropy,1126,6,8,15,27,31,32,47,68,69,70,72,75,79,89,95,98
clust_eq,UPmaxentropy,1127,1,3,4,7,12,20,40,47,49,50,57,59,89,92,93,95
clust_eq,UPmaxentropy,1128,4,7,11,17,20,27,31,51,61,70,71,79,84,89,93,95
clust_eq,UPmaxentropy,1129,3,8,11,17,22,23,34,41,53,62,65,72,75,84,93,94
clust_eq,UPmaxentropy,1130,2,7,10,21,23,27,33,37,38,41,50,78,82,83,94,96
clust_eq,UPmaxentropy,1131,1,2,5,6,7,8,13,36,38,41,44,46,51,78,81,96
clust_eq,UPmaxentropy,1132,3,5,12,17,23,26,30,31,44,58,60,68,75,79,87,99
clust_eq,UPmaxentropy,1133,5,6,9,25,44,54,61,62,66,69,80,86,87,88,90,97
clust_eq,UPmaxentropy,1134,1,3,4,16,20,26,30,31,39,41,48,57,79,86,91,95
clust_eq,UPmaxentropy,1135,5,8,14,20,24,25,40,44,45,49,69,71,73,76,86,98
clust_eq,UPmaxentropy,1136,12,16,17,21,33,35,39,51,59,73,74,75,77,87,88,92
clust_eq,UPmaxentropy,1137,6,10,11,25,27,34,37,42,49,51,55,60,63,70,74,98
clust_eq,UPmaxentropy,1138,1,5,17,26,35,45,47,59,62,67,70,82,83,85,86,98
clust_eq,UPmaxentropy,1139,3,8,17,18,24,28,31,40,42,46,51,55,56,62,65,97
clust_eq,UPmaxentropy,1140,9,15,32,44,45,48,59,62,70,76,83,84,85,95,96,98
clust_eq,UPmaxentropy,1141,16,19,25,26,27,28,31,34,37,41,65,66,74,75,80,86
clust_eq,UPmaxentropy,1142,3,11,13,16,22,26,33,39,56,58,70,77,89,90,94,96
clust_eq,UPmaxentropy,1143,10,13,17,33,36,37,38,47,53,61,62,66,69,88,89,92
clust_eq,UPmaxentropy,1144,8,11,14,15,23,30,32,34,56,68,75,83,85,86,97,98
clust_eq,UPmaxentropy,1145,16,17,18,35,39,54,61,64,78,79,80,81,86,87,95,96
clust_eq,UPmaxentropy,1146,2,15,16,23,33,46,48,51,55,58,65,66,71,72,84,93
clust_eq,UPmaxentropy,1147,6,15,18,19,21,25,41,48,59,60,63,69,81,86,87,94
clust_eq,UPmaxentropy,1148,8,18,20,28,43,47,52,55,57,59,61,75,78,84,95,98
clust_eq,UPmaxentropy,1149,17,20,35,37,45,51,55,58,59,61,67,71,77,84,93,98
clust_eq,UPmaxentropy,1150,2,13,24,30,43,44,61,64,67,70,75,76,81,92,95,98
clust_eq,UPmaxentropy,1151,1,10,19,30,34,47,48,52,58,59,63,66,76,77,86,93
clust_eq,UPmaxentropy,1152,1,10,15,18,19,20,29,30,34,43,52,57,63,72,76,88
clust_eq,UPmaxentropy,1153,1,8,20,28,33,35,42,44,47,57,78,80,94,95,96,98
clust_eq,UPmaxentropy,1154,3,4,10,13,16,17,20,30,38,54,55,65,83,90,91,96
clust_eq,UPmaxentropy,1155,5,8,17,28,29,40,46,47,48,62,76,83,88,91,94,99
clust_eq,UPmaxentropy,1156,11,13,18,33,40,50,51,54,60,61,66,68,69,77,80,92
clust_eq,UPmaxentropy,1157,4,5,9,14,17,48,50,54,61,65,71,72,75,86,94,98
clust_eq,UPmaxentropy,1158,9,11,12,15,17,18,19,40,49,56,68,80,81,87,92,100
clust_eq,UPmaxentropy,1159,1,6,10,19,29,30,41,42,48,60,62,69,70,72,76,84
clust_eq,UPmaxentropy,1160,3,12,26,33,37,38,43,46,49,52,55,71,74,80,85,97
clust_eq,UPmaxentropy,1161,1,5,15,19,20,31,41,45,46,52,67,74,76,78,90,92
clust_eq,UPmaxentropy,1162,4,10,13,14,15,20,28,40,48,49,52,62,63,76,77,93
clust_eq,UPmaxentropy,1163,19,33,38,53,54,60,63,65,69,70,74,76,78,80,96,98
clust_eq,UPmaxentropy,1164,4,5,14,16,19,24,35,47,52,58,66,71,79,82,90,99
clust_eq,UPmaxentropy,1165,7,12,22,25,50,54,69,70,77,78,80,85,87,92,97,100
clust_eq,UPmaxentropy,1166,5,11,16,28,37,38,44,52,53,60,61,63,83,89,98,99
clust_eq,UPmaxentropy,1167,12,15,20,25,37,42,46,48,50,55,57,59,65,69,72,97
clust_eq,UPmaxentropy,1168,12,14,17,21,22,23,29,33,43,45,49,53,72,76,77,100
clust_eq,UPmaxentropy,1169,7,10,20,42,54,55,59,63,75,77,78,83,84,86,92,98
clust_eq,UPmaxentropy,1170,1,13,15,31,32,36,42,43,61,65,68,69,73,76,92,99
clust_eq,UPmaxentropy,1171,1,4,7,12,14,22,23,26,34,35,40,61,70,79,91,95
clust_eq,UPmaxentropy,1172,12,18,21,26,29,33,36,44,51,57,59,69,76,78,79,92
clust_eq,UPmaxentropy,1173,9,13,37,44,46,51,57,69,70,76,77,82,84,85,95,100
clust_eq,UPmaxentropy,1174,4,5,7,12,33,38,46,47,61,71,75,76,77,87,92,96
clust_eq,UPmaxentropy,1175,5,9,10,13,15,22,28,31,33,43,48,61,71,73,82,93
clust_eq,UPmaxentropy,1176,3,8,20,27,38,48,53,60,68,76,80,82,83,91,93,99
clust_eq,UPmaxentropy,1177,6,11,16,27,38,40,45,51,53,59,60,61,74,80,84,93
clust_eq,UPmaxentropy,1178,2,7,10,12,13,16,30,39,42,47,52,60,63,74,93,97
clust_eq,UPmaxentropy,1179,10,12,15,16,21,23,32,38,41,47,66,68,73,75,97,99
clust_eq,UPmaxentropy,1180,2,6,8,11,13,33,36,56,64,66,68,73,79,85,88,93
clust_eq,UPmaxentropy,1181,10,17,18,21,36,39,42,51,57,65,70,74,79,87,92,95
clust_eq,UPmaxentropy,1182,2,18,20,28,37,44,47,50,51,54,68,72,75,92,95,98
clust_eq,UPmaxentropy,1183,6,12,15,24,29,31,35,43,49,50,52,75,78,97,98,99
clust_eq,UPmaxentropy,1184,5,13,15,16,44,47,51,57,62,67,70,82,83,84,85,96
clust_eq,UPmaxentropy,1185,11,12,17,18,19,25,28,30,52,63,67,71,73,90,94,96
clust_eq,UPmaxentropy,1186,16,18,20,28,31,34,47,50,63,69,73,79,86,87,89,100
clust_eq,UPmaxentropy,1187,2,7,13,15,24,32,33,44,55,61,64,67,74,81,96,98
clust_eq,UPmaxentropy,1188,5,10,13,17,18,21,23,41,46,51,53,62,70,74,92,99
clust_eq,UPmaxentropy,1189,11,15,16,17,20,24,47,58,59,64,66,78,84,85,93,95
clust_eq,UPmaxentropy,1190,3,7,11,15,17,31,34,42,43,51,56,57,59,65,70,92
clust_eq,UPmaxentropy,1191,7,8,14,44,46,51,52,62,64,70,80,84,90,92,98,100
clust_eq,UPmaxentropy,1192,6,36,37,38,39,41,42,44,57,59,62,63,65,81,82,100
clust_eq,UPmaxentropy,1193,9,14,19,20,24,28,32,33,48,50,60,79,86,93,95,99
clust_eq,UPmaxentropy,1194,2,10,12,16,24,33,35,45,46,66,70,78,79,87,98,99
clust_eq,UPmaxentropy,1195,5,11,13,20,33,38,39,55,61,65,72,75,77,81,84,91
clust_eq,UPmaxentropy,1196,6,15,22,30,32,33,39,50,64,74,79,84,89,90,95,96
clust_eq,UPmaxentropy,1197,2,4,7,15,23,26,27,28,34,43,52,63,64,88,96,100
clust_eq,UPmaxentropy,1198,3,5,7,12,16,26,49,53,57,61,62,65,80,81,82,91
clust_eq,UPmaxentropy,1199,3,6,7,8,19,22,27,32,35,51,57,65,80,88,90,92
clust_eq,UPmaxentropy,1200,2,17,18,29,30,49,51,59,63,71,73,74,81,83,88,100
clust_eq,UPmaxentropy,1201,3,4,5,6,19,24,26,30,36,39,46,48,58,61,62,65
clust_eq,UPmaxentropy,1202,1,3,5,6,7,8,11,20,33,38,39,42,44,74,85,92
clust_eq,UPmaxentropy,1203,2,6,17,26,27,43,50,55,56,57,59,67,76,80,85,97
clust_eq,UPmaxentropy,1204,1,8,12,32,36,38,47,49,51,63,67,78,81,87,92,94
clust_eq,UPmaxentropy,1205,3,4,13,17,18,20,22,48,53,57,58,65,82,90,97,100
clust_eq,UPmaxentropy,1206,2,11,15,23,26,29,49,62,66,70,71,74,80,94,95,96
clust_eq,UPmaxentropy,1207,1,9,14,17,18,23,25,29,32,54,63,65,68,73,75,100
clust_eq,UPmaxentropy,1208,4,9,17,19,21,23,43,46,57,61,63,78,84,93,94,97
clust_eq,UPmaxentropy,1209,19,24,29,30,36,41,59,63,64,67,68,81,91,92,97,98
clust_eq,UPmaxentropy,1210,9,10,15,16,20,44,52,54,58,62,70,78,81,90,94,95
clust_eq,UPmaxentropy,1211,13,15,17,20,21,32,36,37,39,45,49,50,63,78,80,98
clust_eq,UPmaxentropy,1212,15,21,22,38,39,47,53,60,62,64,66,85,93,94,95,98
clust_eq,UPmaxentropy,1213,9,16,26,30,32,34,35,47,53,56,65,94,95,96,97,100
clust_eq,UPmaxentropy,1214,10,19,20,27,31,36,46,48,50,54,63,67,73,76,87,98
clust_eq,UPmaxentropy,1215,4,10,13,18,37,39,42,47,48,50,53,59,61,77,81,85
clust_eq,UPmaxentropy,1216,4,7,11,24,35,47,55,56,62,63,74,75,77,78,84,92
clust_eq,UPmaxentropy,1217,10,13,15,18,19,25,27,31,32,42,51,55,81,83,87,89
clust_eq,UPmaxentropy,1218,6,12,15,22,38,40,48,50,51,57,62,76,79,85,87,93
clust_eq,UPmaxentropy,1219,3,6,7,15,20,21,24,26,33,37,40,55,59,70,76,85
clust_eq,UPmaxentropy,1220,2,21,25,32,40,41,43,44,46,49,50,67,76,79,88,91
clust_eq,UPmaxentropy,1221,5,16,23,36,37,42,67,70,71,72,76,77,84,89,90,100
clust_eq,UPmaxentropy,1222,3,9,18,21,24,36,39,40,48,51,54,57,73,91,93,96
clust_eq,UPmaxentropy,1223,4,6,23,24,38,40,61,62,63,68,78,86,92,94,97,99
clust_eq,UPmaxentropy,1224,3,9,18,23,31,41,45,50,53,55,69,74,82,87,89,92
clust_eq,UPmaxentropy,1225,8,15,17,18,22,37,42,45,47,64,65,68,72,76,87,97
clust_eq,UPmaxentropy,1226,1,4,17,19,28,35,39,41,54,56,58,65,66,77,89,93
clust_eq,UPmaxentropy,1227,1,15,23,30,44,45,49,63,69,78,80,83,85,88,90,95
clust_eq,UPmaxentropy,1228,1,41,42,51,54,55,57,65,77,83,84,87,89,90,94,100
clust_eq,UPmaxentropy,1229,9,18,21,23,44,51,59,66,73,78,79,84,88,92,93,95
clust_eq,UPmaxentropy,1230,12,17,18,22,24,25,31,35,40,54,64,81,85,95,97,98
clust_eq,UPmaxentropy,1231,7,13,14,33,40,46,51,53,56,66,68,71,86,89,92,97
clust_eq,UPmaxentropy,1232,2,11,16,22,23,37,43,52,71,73,78,85,87,90,92,93
clust_eq,UPmaxentropy,1233,3,12,16,22,25,30,33,35,55,58,59,74,91,93,96,97
clust_eq,UPmaxentropy,1234,2,23,27,29,45,46,48,52,57,58,59,71,75,80,84,97
clust_eq,UPmaxentropy,1235,5,12,20,24,28,35,43,47,50,55,60,64,65,74,81,100
clust_eq,UPmaxentropy,1236,18,19,31,41,42,45,51,59,61,70,76,83,85,95,98,99
clust_eq,UPmaxentropy,1237,9,22,26,42,44,50,52,62,66,70,72,73,80,84,92,93
clust_eq,UPmaxentropy,1238,3,4,7,9,13,20,28,29,33,38,49,51,63,86,91,92
clust_eq,UPmaxentropy,1239,5,7,8,12,22,29,30,31,34,39,46,47,55,58,76,95
clust_eq,UPmaxentropy,1240,1,2,5,18,23,28,30,33,38,42,49,70,72,76,82,87
clust_eq,UPmaxentropy,1241,2,16,28,30,33,34,47,62,63,65,78,79,86,90,94,97
clust_eq,UPmaxentropy,1242,6,8,23,49,50,55,56,59,65,67,70,75,76,85,91,98
clust_eq,UPmaxentropy,1243,3,10,18,30,40,45,53,60,62,64,75,78,84,90,92,98
clust_eq,UPmaxentropy,1244,12,29,32,36,40,48,55,57,72,73,74,76,80,86,95,100
clust_eq,UPmaxentropy,1245,3,4,12,21,26,39,46,50,53,61,67,72,79,80,89,90
clust_eq,UPmaxentropy,1246,12,18,34,36,38,40,43,45,55,74,81,89,90,93,95,100
clust_eq,UPmaxentropy,1247,5,9,10,11,15,23,24,51,54,71,72,75,77,87,91,100
clust_eq,UPmaxentropy,1248,8,23,28,34,39,42,44,56,59,73,76,79,86,89,92,96
clust_eq,UPmaxentropy,1249,4,8,13,20,28,29,30,32,36,57,58,64,66,70,74,80
clust_eq,UPmaxentropy,1250,5,8,9,14,27,29,37,40,49,53,59,61,80,88,90,96
clust_eq,UPmaxentropy,1251,8,10,17,21,26,30,32,34,47,48,51,56,58,75,93,97
clust_eq,UPmaxentropy,1252,14,17,18,21,26,29,56,60,62,66,69,76,80,93,94,100
clust_eq,UPmaxentropy,1253,2,4,5,11,13,17,21,22,24,27,37,48,73,74,81,83
clust_eq,UPmaxentropy,1254,1,3,13,15,18,34,49,53,61,68,71,83,84,94,95,96
clust_eq,UPmaxentropy,1255,10,21,26,27,33,34,44,57,62,63,66,76,81,97,98,99
clust_eq,UPmaxentropy,1256,1,20,22,31,38,41,53,57,61,63,64,76,79,82,89,98
clust_eq,UPmaxentropy,1257,1,11,12,18,19,37,42,46,48,49,61,69,71,77,91,97
clust_eq,UPmaxentropy,1258,12,22,28,30,31,37,39,44,49,56,59,63,65,72,96,100
clust_eq,UPmaxentropy,1259,1,3,4,10,17,21,34,36,45,46,52,58,60,62,69,94
clust_eq,UPmaxentropy,1260,8,15,16,18,22,23,39,45,46,57,67,71,78,80,93,96
clust_eq,UPmaxentropy,1261,4,13,18,23,28,30,36,46,48,63,64,65,84,89,95,99
clust_eq,UPmaxentropy,1262,4,8,18,20,44,48,54,59,62,70,75,81,86,87,88,92
clust_eq,UPmaxentropy,1263,2,11,33,39,49,51,53,54,58,59,67,76,78,84,85,94
clust_eq,UPmaxentropy,1264,2,11,12,21,27,28,29,32,33,35,39,44,49,50,52,59
clust_eq,UPmaxentropy,1265,15,23,30,38,44,46,47,52,59,60,63,71,88,91,93,95
clust_eq,UPmaxentropy,1266,2,7,13,22,24,26,29,31,33,34,38,56,57,70,81,87
clust_eq,UPmaxentropy,1267,3,10,12,17,34,43,49,57,59,60,61,62,63,66,68,70
clust_eq,UPmaxentropy,1268,1,23,32,34,43,44,51,53,55,58,63,64,73,75,80,97
clust_eq,UPmaxentropy,1269,1,10,16,27,28,34,41,45,46,72,75,83,86,91,98,99
clust_eq,UPmaxentropy,1270,1,3,9,16,19,22,23,30,36,39,43,53,70,77,82,89
clust_eq,UPmaxentropy,1271,14,19,20,27,29,30,31,45,58,67,70,81,82,83,92,93
clust_eq,UPmaxentropy,1272,1,2,6,15,20,25,31,37,45,46,60,67,73,78,93,100
clust_eq,UPmaxentropy,1273,5,9,10,16,27,32,55,56,60,61,69,74,79,82,84,97
clust_eq,UPmaxentropy,1274,9,16,19,20,23,33,45,46,48,52,55,57,76,85,89,98
clust_eq,UPmaxentropy,1275,3,7,12,18,23,30,32,36,40,48,63,67,73,78,81,87
clust_eq,UPmaxentropy,1276,4,9,13,17,19,20,24,27,30,44,56,83,87,91,94,96
clust_eq,UPmaxentropy,1277,1,4,13,15,25,28,41,45,50,51,63,71,75,76,90,93
clust_eq,UPmaxentropy,1278,6,9,22,24,26,32,41,47,52,53,61,62,78,91,92,93
clust_eq,UPmaxentropy,1279,12,26,35,40,47,56,58,64,65,66,70,77,78,83,90,99
clust_eq,UPmaxentropy,1280,13,34,40,41,42,46,62,72,76,82,85,86,88,93,98,99
clust_eq,UPmaxentropy,1281,1,4,18,21,26,40,45,55,64,67,68,69,87,92,94,97
clust_eq,UPmaxentropy,1282,1,6,15,16,18,36,39,48,53,58,74,75,78,81,89,96
clust_eq,UPmaxentropy,1283,1,3,4,7,12,14,25,27,53,66,69,75,83,89,92,95
clust_eq,UPmaxentropy,1284,3,8,12,23,27,30,32,56,69,73,76,77,80,89,97,98
clust_eq,UPmaxentropy,1285,6,8,32,43,44,51,54,55,66,68,79,87,94,95,96,100
clust_eq,UPmaxentropy,1286,23,28,30,34,39,52,54,57,63,68,72,74,83,84,86,100
clust_eq,UPmaxentropy,1287,15,29,30,36,38,43,48,49,51,66,67,68,82,87,96,98
clust_eq,UPmaxentropy,1288,8,10,15,22,44,46,48,54,59,73,76,80,81,85,96,100
clust_eq,UPmaxentropy,1289,5,7,15,16,29,32,36,45,51,53,57,61,68,76,84,87
clust_eq,UPmaxentropy,1290,5,14,18,19,25,38,39,48,53,67,79,84,90,97,98,100
clust_eq,UPmaxentropy,1291,2,16,26,39,41,44,48,49,51,64,69,70,75,83,84,100
clust_eq,UPmaxentropy,1292,3,5,6,23,35,45,46,51,56,64,67,68,69,83,98,99
clust_eq,UPmaxentropy,1293,2,3,6,29,38,39,52,53,58,69,72,81,87,90,93,94
clust_eq,UPmaxentropy,1294,6,7,14,24,29,35,43,47,52,60,73,77,83,85,93,97
clust_eq,UPmaxentropy,1295,5,9,12,14,15,23,27,34,38,44,46,47,65,82,86,89
clust_eq,UPmaxentropy,1296,3,12,13,18,21,24,44,59,61,70,72,74,78,85,88,91
clust_eq,UPmaxentropy,1297,2,12,17,19,25,27,38,41,49,50,55,63,65,69,82,96
clust_eq,UPmaxentropy,1298,8,24,26,27,45,50,53,56,66,69,74,75,76,79,95,99
clust_eq,UPmaxentropy,1299,3,8,13,16,18,26,32,37,40,43,44,49,73,80,94,96
clust_eq,UPmaxentropy,1300,20,23,31,39,46,55,62,74,75,77,88,95,96,97,98,100
clust_eq,UPmaxentropy,1301,2,3,10,17,21,27,33,37,53,55,58,63,75,76,88,89
clust_eq,UPmaxentropy,1302,1,5,15,17,27,40,41,42,44,45,50,51,61,62,92,100
clust_eq,UPmaxentropy,1303,10,14,18,28,50,53,55,66,71,79,81,83,91,92,96,98
clust_eq,UPmaxentropy,1304,2,9,10,13,28,47,51,53,56,58,60,67,75,80,89,94
clust_eq,UPmaxentropy,1305,5,14,18,19,23,25,34,36,46,50,55,61,62,68,82,88
clust_eq,UPmaxentropy,1306,3,6,11,12,23,26,29,55,56,60,79,88,89,90,95,97
clust_eq,UPmaxentropy,1307,5,6,11,17,25,34,38,40,43,47,59,61,65,70,73,85
clust_eq,UPmaxentropy,1308,2,7,9,11,19,24,26,36,45,48,56,63,67,89,95,97
clust_eq,UPmaxentropy,1309,6,7,28,31,34,35,38,39,45,54,56,62,65,72,91,95
clust_eq,UPmaxentropy,1310,7,8,9,19,25,31,43,44,57,61,64,70,71,72,80,81
clust_eq,UPmaxentropy,1311,1,2,19,24,35,59,63,65,69,73,80,84,86,94,96,100
clust_eq,UPmaxentropy,1312,20,24,27,28,30,39,47,49,54,57,66,67,73,76,78,81
clust_eq,UPmaxentropy,1313,8,27,29,35,37,50,52,57,59,61,62,72,73,81,92,99
clust_eq,UPmaxentropy,1314,3,6,13,14,19,23,28,36,40,45,49,56,72,74,89,93
clust_eq,UPmaxentropy,1315,10,12,17,18,19,27,61,72,74,75,79,85,89,95,96,98
clust_eq,UPmaxentropy,1316,2,7,9,23,24,34,42,50,63,68,70,73,82,86,87,98
clust_eq,UPmaxentropy,1317,1,16,20,27,36,49,50,53,55,59,63,77,87,90,92,99
clust_eq,UPmaxentropy,1318,2,5,17,24,27,44,53,60,61,62,64,65,77,80,86,100
clust_eq,UPmaxentropy,1319,1,5,6,8,9,14,29,39,40,42,45,73,76,87,90,98
clust_eq,UPmaxentropy,1320,9,10,14,25,29,34,36,43,45,55,65,66,67,73,77,85
clust_eq,UPmaxentropy,1321,12,14,16,22,35,37,38,54,68,78,79,82,85,95,96,99
clust_eq,UPmaxentropy,1322,2,5,11,26,37,38,54,57,61,85,87,88,90,92,93,94
clust_eq,UPmaxentropy,1323,11,22,29,30,31,34,35,46,59,61,62,70,79,81,85,95
clust_eq,UPmaxentropy,1324,13,14,25,35,41,49,53,60,63,76,80,82,83,87,91,95
clust_eq,UPmaxentropy,1325,3,5,10,12,19,28,29,32,66,70,72,76,88,91,96,99
clust_eq,UPmaxentropy,1326,3,10,15,28,32,34,49,50,52,53,55,60,63,77,78,100
clust_eq,UPmaxentropy,1327,4,15,21,32,36,41,61,64,67,70,73,74,91,95,98,99
clust_eq,UPmaxentropy,1328,5,7,24,30,45,48,62,66,68,70,71,72,77,82,87,91
clust_eq,UPmaxentropy,1329,5,6,17,23,26,33,50,58,70,73,82,84,89,90,91,92
clust_eq,UPmaxentropy,1330,6,13,22,24,32,44,47,54,56,62,67,73,86,92,93,94
clust_eq,UPmaxentropy,1331,6,10,12,26,29,33,34,57,67,69,70,76,77,80,81,86
clust_eq,UPmaxentropy,1332,5,8,16,18,23,28,36,44,47,54,74,76,79,80,87,92
clust_eq,UPmaxentropy,1333,22,26,56,61,64,68,69,72,74,85,86,88,90,93,95,100
clust_eq,UPmaxentropy,1334,2,6,14,22,25,30,34,40,41,49,59,61,80,83,89,92
clust_eq,UPmaxentropy,1335,2,14,21,23,27,31,41,49,52,59,60,63,64,82,85,92
clust_eq,UPmaxentropy,1336,13,18,21,24,33,35,42,44,48,51,70,72,84,91,93,95
clust_eq,UPmaxentropy,1337,8,12,16,23,26,30,43,49,60,62,72,81,84,85,87,88
clust_eq,UPmaxentropy,1338,7,25,31,37,38,42,56,59,67,69,71,74,75,79,96,98
clust_eq,UPmaxentropy,1339,11,12,35,41,42,47,50,53,59,68,71,81,84,87,92,95
clust_eq,UPmaxentropy,1340,3,7,14,16,19,23,36,42,54,62,72,75,77,88,93,99
clust_eq,UPmaxentropy,1341,5,11,16,28,32,34,37,52,58,61,73,75,78,89,94,96
clust_eq,UPmaxentropy,1342,6,14,18,21,22,30,53,61,67,69,70,72,76,82,88,98
clust_eq,UPmaxentropy,1343,1,22,23,33,35,36,38,40,42,45,47,52,57,58,65,95
clust_eq,UPmaxentropy,1344,4,7,10,13,19,29,30,35,39,45,50,57,60,77,80,98
clust_eq,UPmaxentropy,1345,7,10,14,15,25,36,42,53,58,61,66,80,86,93,94,96
clust_eq,UPmaxentropy,1346,4,5,7,26,30,33,44,46,58,60,63,68,79,86,94,97
clust_eq,UPmaxentropy,1347,1,3,11,21,27,53,54,71,75,76,78,84,87,88,94,96
clust_eq,UPmaxentropy,1348,2,4,5,15,22,33,36,38,42,57,61,65,69,81,91,93
clust_eq,UPmaxentropy,1349,2,12,29,35,36,46,53,55,67,70,71,84,93,96,98,99
clust_eq,UPmaxentropy,1350,7,23,26,28,30,31,32,44,46,61,65,68,71,88,92,96
clust_eq,UPmaxentropy,1351,3,5,7,15,16,22,26,29,32,34,57,64,65,84,89,99
clust_eq,UPmaxentropy,1352,4,8,16,20,24,30,37,52,57,59,63,70,80,83,85,97
clust_eq,UPmaxentropy,1353,3,4,20,21,25,31,39,46,49,53,56,66,67,70,79,84
clust_eq,UPmaxentropy,1354,8,15,17,28,35,49,50,52,60,65,68,80,87,89,92,100
clust_eq,UPmaxentropy,1355,20,24,34,36,44,52,61,63,65,72,75,79,80,89,97,99
clust_eq,UPmaxentropy,1356,2,3,9,11,36,37,40,46,47,49,51,52,72,77,83,89
clust_eq,UPmaxentropy,1357,1,9,11,13,23,37,39,45,50,56,67,73,76,83,90,97
clust_eq,UPmaxentropy,1358,6,10,20,40,41,51,53,61,63,64,65,70,75,85,88,94
clust_eq,UPmaxentropy,1359,10,11,14,33,35,49,57,60,67,68,80,85,87,92,93,96
clust_eq,UPmaxentropy,1360,7,8,21,22,29,41,42,52,63,65,68,69,70,82,83,98
clust_eq,UPmaxentropy,1361,2,14,30,35,45,48,49,51,56,59,68,79,81,86,88,99
clust_eq,UPmaxentropy,1362,4,6,7,9,11,18,39,41,49,63,76,77,85,87,88,97
clust_eq,UPmaxentropy,1363,20,26,28,30,40,46,56,57,69,70,74,75,78,82,89,94
clust_eq,UPmaxentropy,1364,3,6,8,19,26,30,35,37,39,58,65,68,79,84,85,95
clust_eq,UPmaxentropy,1365,13,23,30,37,57,58,61,62,63,64,70,71,81,89,91,93
clust_eq,UPmaxentropy,1366,6,7,29,32,33,42,46,61,66,74,77,81,82,94,97,100
clust_eq,UPmaxentropy,1367,13,16,17,26,29,34,36,39,42,54,55,60,67,72,75,87
clust_eq,UPmaxentropy,1368,1,4,7,10,17,19,25,26,30,49,66,67,68,74,85,99
clust_eq,UPmaxentropy,1369,8,12,14,19,22,27,34,36,41,48,49,50,58,62,71,93
clust_eq,UPmaxentropy,1370,10,21,30,31,35,41,42,50,66,67,72,74,76,86,87,100
clust_eq,UPmaxentropy,1371,1,4,11,22,24,47,51,60,71,73,74,78,80,81,84,100
clust_eq,UPmaxentropy,1372,14,18,30,31,36,44,52,57,58,61,62,68,74,77,82,90
clust_eq,UPmaxentropy,1373,10,15,21,41,46,51,53,72,76,80,81,83,88,91,92,99
clust_eq,UPmaxentropy,1374,6,25,31,37,40,41,42,47,60,64,65,74,77,83,95,96
clust_eq,UPmaxentropy,1375,4,8,15,21,23,33,37,39,45,47,70,71,74,87,88,89
clust_eq,UPmaxentropy,1376,15,34,35,39,42,44,48,51,54,59,62,73,81,91,95,98
clust_eq,UPmaxentropy,1377,3,5,9,12,15,26,28,29,32,40,58,63,76,81,86,88
clust_eq,UPmaxentropy,1378,6,8,18,19,20,25,27,32,35,36,40,49,60,74,80,89
clust_eq,UPmaxentropy,1379,2,10,12,23,29,42,48,58,66,69,73,77,81,85,93,100
clust_eq,UPmaxentropy,1380,1,10,27,30,37,49,68,70,72,76,85,86,90,97,98,99
clust_eq,UPmaxentropy,1381,1,9,21,23,36,44,61,77,80,84,87,88,89,93,95,99
clust_eq,UPmaxentropy,1382,17,19,23,28,32,33,47,70,73,80,81,83,84,89,90,94
clust_eq,UPmaxentropy,1383,8,9,17,30,34,35,38,39,52,61,64,70,73,80,88,95
clust_eq,UPmaxentropy,1384,5,8,17,18,23,28,29,35,42,47,48,58,69,85,97,98
clust_eq,UPmaxentropy,1385,2,24,27,41,50,55,57,61,62,67,68,73,80,82,91,100
clust_eq,UPmaxentropy,1386,8,13,30,33,34,44,53,54,62,69,82,85,88,91,97,100
clust_eq,UPmaxentropy,1387,2,11,16,21,26,38,40,44,61,70,74,84,94,95,98,99
clust_eq,UPmaxentropy,1388,1,7,8,10,18,22,32,44,45,48,63,65,71,72,94,98
clust_eq,UPmaxentropy,1389,10,18,34,39,40,42,43,45,48,51,65,67,76,85,89,93
clust_eq,UPmaxentropy,1390,2,9,17,18,27,36,37,39,57,63,79,83,91,94,97,99
clust_eq,UPmaxentropy,1391,2,5,9,31,34,35,37,46,54,61,71,73,75,76,83,85
clust_eq,UPmaxentropy,1392,7,15,23,29,40,47,54,60,66,74,76,77,82,85,90,98
clust_eq,UPmaxentropy,1393,7,9,18,24,27,42,44,53,68,74,79,82,85,87,90,96
clust_eq,UPmaxentropy,1394,5,7,12,16,21,36,37,41,45,49,52,53,62,63,95,97
clust_eq,UPmaxentropy,1395,5,8,12,14,19,34,36,43,50,52,56,57,66,68,93,97
clust_eq,UPmaxentropy,1396,5,13,17,23,29,52,54,58,59,62,65,79,84,89,93,96
clust_eq,UPmaxentropy,1397,8,15,22,41,53,59,60,64,67,70,72,74,76,88,93,95
clust_eq,UPmaxentropy,1398,12,15,16,18,20,44,47,48,50,51,60,73,77,89,93,95
clust_eq,UPmaxentropy,1399,21,31,39,41,44,45,48,49,51,69,70,74,77,82,88,96
clust_eq,UPmaxentropy,1400,4,10,19,23,24,29,32,36,42,43,48,53,57,63,86,93
clust_eq,UPmaxentropy,1401,23,27,37,42,47,50,51,54,68,77,80,81,86,88,93,99
clust_eq,UPmaxentropy,1402,3,5,10,11,23,35,40,41,53,55,59,64,68,71,73,81
clust_eq,UPmaxentropy,1403,1,11,12,20,27,31,40,56,66,68,71,73,77,88,97,100
clust_eq,UPmaxentropy,1404,5,7,21,30,45,52,71,73,83,85,89,94,95,96,97,98
clust_eq,UPmaxentropy,1405,11,19,22,34,39,47,53,64,65,66,67,84,88,95,97,99
clust_eq,UPmaxentropy,1406,4,11,13,19,33,34,39,40,41,53,54,58,65,67,74,78
clust_eq,UPmaxentropy,1407,6,16,21,30,32,37,39,53,59,62,66,67,68,90,95,97
clust_eq,UPmaxentropy,1408,3,10,11,13,28,31,41,48,57,60,62,70,72,73,81,87
clust_eq,UPmaxentropy,1409,11,16,21,25,30,34,40,50,53,56,68,73,81,82,92,100
clust_eq,UPmaxentropy,1410,4,10,11,23,29,34,40,45,50,72,77,82,85,95,98,99
clust_eq,UPmaxentropy,1411,3,7,12,14,16,19,22,25,26,29,37,38,83,84,91,96
clust_eq,UPmaxentropy,1412,5,25,34,38,48,53,55,57,63,69,74,77,79,87,89,90
clust_eq,UPmaxentropy,1413,12,25,33,36,38,41,45,50,55,62,63,67,82,87,88,91
clust_eq,UPmaxentropy,1414,1,7,15,18,29,34,38,41,53,56,68,70,72,78,84,98
clust_eq,UPmaxentropy,1415,5,8,23,26,30,31,35,42,45,52,53,72,77,88,94,96
clust_eq,UPmaxentropy,1416,8,10,13,15,33,35,45,52,57,61,64,66,69,77,86,93
clust_eq,UPmaxentropy,1417,8,15,16,18,24,27,28,30,31,54,61,75,78,79,91,97
clust_eq,UPmaxentropy,1418,5,11,18,23,30,33,39,42,61,64,67,73,76,82,86,98
clust_eq,UPmaxentropy,1419,11,14,15,18,22,27,31,33,58,61,64,80,88,90,95,96
clust_eq,UPmaxentropy,1420,6,33,35,38,39,40,46,50,58,61,67,70,86,92,93,95
clust_eq,UPmaxentropy,1421,5,17,19,24,27,28,32,35,40,46,51,65,79,94,95,98
clust_eq,UPmaxentropy,1422,10,16,21,26,27,31,35,47,53,59,63,64,75,78,83,93
clust_eq,UPmaxentropy,1423,8,13,22,28,46,48,50,60,63,70,81,82,83,90,94,98
clust_eq,UPmaxentropy,1424,7,11,19,20,24,31,40,46,50,61,63,74,85,86,88,89
clust_eq,UPmaxentropy,1425,3,12,15,19,21,28,29,34,40,50,53,55,56,67,79,85
clust_eq,UPmaxentropy,1426,1,4,15,23,36,38,39,41,49,50,53,66,70,78,80,91
clust_eq,UPmaxentropy,1427,6,8,21,25,37,38,40,43,46,51,53,55,70,82,95,96
clust_eq,UPmaxentropy,1428,4,9,15,17,18,23,24,34,35,41,54,70,82,90,91,97
clust_eq,UPmaxentropy,1429,2,7,9,13,18,26,28,34,37,43,48,49,50,54,84,94
clust_eq,UPmaxentropy,1430,21,24,37,41,43,45,47,54,60,66,71,75,79,95,98,99
clust_eq,UPmaxentropy,1431,4,7,13,15,16,17,25,27,30,31,33,39,64,74,75,99
clust_eq,UPmaxentropy,1432,1,5,22,31,32,33,40,49,50,66,76,80,82,86,87,93
clust_eq,UPmaxentropy,1433,9,12,14,31,35,36,40,41,43,46,67,68,79,85,88,95
clust_eq,UPmaxentropy,1434,6,8,10,11,13,17,24,34,37,40,63,69,75,92,95,97
clust_eq,UPmaxentropy,1435,7,13,39,42,45,52,54,63,65,67,76,79,88,93,95,100
clust_eq,UPmaxentropy,1436,5,8,9,10,15,17,18,22,54,72,73,75,82,86,90,94
clust_eq,UPmaxentropy,1437,5,6,12,17,25,29,45,48,60,63,67,71,80,82,85,89
clust_eq,UPmaxentropy,1438,4,6,14,29,32,34,47,53,62,63,68,71,73,81,85,95
clust_eq,UPmaxentropy,1439,2,3,24,32,43,47,48,51,55,65,71,74,81,83,90,100
clust_eq,UPmaxentropy,1440,1,2,7,9,10,15,30,39,42,45,47,78,81,84,89,96
clust_eq,UPmaxentropy,1441,5,15,19,21,31,35,52,59,60,66,75,80,83,86,89,97
clust_eq,UPmaxentropy,1442,9,18,22,28,31,35,40,43,46,65,66,72,74,96,99,100
clust_eq,UPmaxentropy,1443,1,8,17,30,31,36,40,44,53,65,73,75,78,85,89,98
clust_eq,UPmaxentropy,1444,1,5,10,11,20,23,29,36,49,60,62,63,68,70,91,95
clust_eq,UPmaxentropy,1445,1,2,13,25,31,36,50,59,60,63,65,68,73,82,92,100
clust_eq,UPmaxentropy,1446,10,17,20,29,31,34,38,48,55,58,63,68,80,82,93,95
clust_eq,UPmaxentropy,1447,1,4,8,15,25,26,33,41,51,55,60,61,68,73,94,95
clust_eq,UPmaxentropy,1448,1,2,20,23,29,38,41,45,48,55,60,61,63,69,72,97
clust_eq,UPmaxentropy,1449,1,8,16,23,29,34,42,45,47,52,54,66,85,86,92,93
clust_eq,UPmaxentropy,1450,1,26,38,41,47,49,50,53,54,65,66,69,70,74,82,91
clust_eq,UPmaxentropy,1451,1,4,10,13,19,24,34,43,52,62,65,72,73,85,95,97
clust_eq,UPmaxentropy,1452,9,10,12,16,20,23,34,38,48,63,68,69,74,87,91,95
clust_eq,UPmaxentropy,1453,5,10,14,24,31,32,42,48,51,55,59,76,77,84,86,99
clust_eq,UPmaxentropy,1454,11,14,16,22,25,34,38,44,53,59,65,75,80,86,99,100
clust_eq,UPmaxentropy,1455,5,8,12,18,20,21,27,30,38,45,61,62,71,85,93,99
clust_eq,UPmaxentropy,1456,17,18,19,25,26,40,43,44,47,57,70,80,81,85,99,100
clust_eq,UPmaxentropy,1457,3,5,20,24,25,27,28,50,51,64,78,79,80,85,86,90
clust_eq,UPmaxentropy,1458,5,12,15,16,23,34,35,42,46,49,64,74,80,90,95,98
clust_eq,UPmaxentropy,1459,2,11,13,17,18,29,37,39,63,72,75,83,85,91,96,98
clust_eq,UPmaxentropy,1460,2,3,11,25,33,45,55,56,62,66,69,76,78,80,81,82
clust_eq,UPmaxentropy,1461,12,28,32,41,45,49,52,53,60,61,70,73,80,91,93,95
clust_eq,UPmaxentropy,1462,2,11,12,13,15,34,38,39,40,43,48,58,60,76,85,91
clust_eq,UPmaxentropy,1463,9,13,19,34,41,48,56,57,62,70,71,75,77,78,99,100
clust_eq,UPmaxentropy,1464,1,8,15,23,24,25,41,45,46,68,73,79,84,93,97,100
clust_eq,UPmaxentropy,1465,3,7,12,15,41,47,54,55,57,60,66,70,77,79,87,95
clust_eq,UPmaxentropy,1466,3,10,17,18,19,22,34,38,48,50,55,58,60,71,85,88
clust_eq,UPmaxentropy,1467,6,7,8,13,21,37,41,44,50,52,61,66,71,85,91,99
clust_eq,UPmaxentropy,1468,3,6,10,11,13,22,36,37,53,65,68,69,79,80,98,99
clust_eq,UPmaxentropy,1469,1,8,15,25,41,50,51,53,55,62,71,72,76,83,84,96
clust_eq,UPmaxentropy,1470,4,10,13,19,21,24,26,30,48,59,66,69,71,91,98,99
clust_eq,UPmaxentropy,1471,2,17,25,32,37,40,49,50,69,71,72,73,74,79,80,87
clust_eq,UPmaxentropy,1472,2,3,7,14,26,29,37,42,45,58,60,80,82,87,88,90
clust_eq,UPmaxentropy,1473,1,3,14,22,23,30,31,34,37,42,50,54,63,90,95,99
clust_eq,UPmaxentropy,1474,7,27,32,40,41,42,44,45,48,54,55,59,64,78,81,97
clust_eq,UPmaxentropy,1475,6,14,17,28,30,32,33,35,53,64,65,73,75,85,97,98
clust_eq,UPmaxentropy,1476,24,27,38,39,40,42,56,63,68,70,75,76,83,84,87,93
clust_eq,UPmaxentropy,1477,8,9,14,18,37,38,57,60,65,72,76,79,86,92,96,97
clust_eq,UPmaxentropy,1478,13,15,16,23,36,46,48,49,51,53,67,68,75,77,79,96
clust_eq,UPmaxentropy,1479,4,8,9,13,14,19,31,56,57,61,62,75,77,93,96,98
clust_eq,UPmaxentropy,1480,9,17,26,33,34,36,47,53,58,59,63,72,78,79,84,94
clust_eq,UPmaxentropy,1481,4,17,18,19,24,30,35,38,41,49,51,52,69,76,82,87
clust_eq,UPmaxentropy,1482,16,21,25,26,33,39,52,56,61,71,78,84,86,87,96,100
clust_eq,UPmaxentropy,1483,13,28,29,32,38,50,54,56,65,66,78,80,84,87,88,89
clust_eq,UPmaxentropy,1484,3,11,39,47,48,50,53,55,64,68,71,80,82,88,90,95
clust_eq,UPmaxentropy,1485,5,11,14,23,32,37,43,64,66,76,79,81,82,85,86,89
clust_eq,UPmaxentropy,1486,11,36,43,45,48,51,52,56,62,64,67,72,73,83,96,100
clust_eq,UPmaxentropy,1487,11,16,20,22,29,31,40,42,45,52,68,77,80,88,89,92
clust_eq,UPmaxentropy,1488,1,4,18,20,23,29,34,35,37,40,41,59,62,63,68,72
clust_eq,UPmaxentropy,1489,5,8,15,25,34,39,40,41,45,50,56,62,74,80,86,92
clust_eq,UPmaxentropy,1490,3,17,25,28,29,32,59,63,66,68,71,72,83,85,94,99
clust_eq,UPmaxentropy,1491,2,12,24,47,50,52,55,61,73,80,83,87,88,89,92,100
clust_eq,UPmaxentropy,1492,1,5,10,11,14,18,19,22,24,29,36,38,40,67,74,98
clust_eq,UPmaxentropy,1493,3,9,22,28,34,35,44,50,51,56,59,61,64,70,71,99
clust_eq,UPmaxentropy,1494,28,33,44,46,48,52,54,55,56,69,70,76,84,87,94,97
clust_eq,UPmaxentropy,1495,1,5,12,29,30,31,32,40,50,51,56,57,65,72,77,86
clust_eq,UPmaxentropy,1496,6,40,43,46,51,52,57,58,71,72,74,75,84,94,95,100
clust_eq,UPmaxentropy,1497,12,13,15,23,30,31,38,47,53,67,68,70,76,82,84,88
clust_eq,UPmaxentropy,1498,1,32,35,40,53,55,57,62,64,65,73,77,78,81,83,84
clust_eq,UPmaxentropy,1499,5,10,11,35,36,49,55,56,69,72,75,80,84,85,91,98
clust_eq,UPmaxentropy,1500,6,21,24,26,27,39,48,50,53,54,63,64,72,76,82,93
clust_eq,UPmaxentropy,1501,5,18,23,24,27,31,32,33,37,40,47,57,67,80,81,100
clust_eq,UPmaxentropy,1502,3,7,8,11,33,41,45,51,54,60,62,79,82,87,98,100
clust_eq,UPmaxentropy,1503,3,17,20,24,25,32,35,38,40,47,60,65,81,84,91,93
clust_eq,UPmaxentropy,1504,4,18,22,33,40,41,51,53,57,67,69,76,78,95,96,100
clust_eq,UPmaxentropy,1505,5,16,19,21,25,27,30,32,53,59,63,71,72,85,86,90
clust_eq,UPmaxentropy,1506,3,6,17,24,28,31,38,44,52,53,54,56,75,76,98,100
clust_eq,UPmaxentropy,1507,1,20,23,26,29,50,52,53,60,62,64,75,77,79,94,98
clust_eq,UPmaxentropy,1508,2,5,11,17,20,24,34,36,47,51,53,69,77,79,81,89
clust_eq,UPmaxentropy,1509,2,8,29,30,32,35,40,55,64,66,70,78,84,88,89,93
clust_eq,UPmaxentropy,1510,4,12,22,27,32,36,41,44,57,58,62,67,76,83,86,100
clust_eq,UPmaxentropy,1511,8,23,25,26,27,30,41,49,51,67,71,77,79,85,89,92
clust_eq,UPmaxentropy,1512,3,5,15,28,33,36,39,45,53,54,60,63,70,75,86,94
clust_eq,UPmaxentropy,1513,18,27,34,38,50,52,53,58,62,72,77,82,83,84,89,94
clust_eq,UPmaxentropy,1514,5,13,18,19,21,24,35,62,63,66,81,82,88,91,93,100
clust_eq,UPmaxentropy,1515,14,20,23,37,42,44,48,49,52,53,60,62,70,80,83,95
clust_eq,UPmaxentropy,1516,14,19,24,25,29,33,35,43,49,51,53,77,90,91,95,98
clust_eq,UPmaxentropy,1517,10,16,18,27,28,42,43,47,51,57,62,63,64,69,79,92
clust_eq,UPmaxentropy,1518,2,4,15,18,22,37,38,40,59,61,66,67,71,86,89,99
clust_eq,UPmaxentropy,1519,10,13,17,24,26,34,38,39,42,49,54,64,68,76,85,87
clust_eq,UPmaxentropy,1520,4,13,15,19,22,28,36,43,53,59,61,73,75,82,83,96
clust_eq,UPmaxentropy,1521,3,12,19,25,34,47,51,63,64,65,66,71,81,92,95,98
clust_eq,UPmaxentropy,1522,7,14,16,25,28,36,50,58,59,62,65,68,78,88,93,99
clust_eq,UPmaxentropy,1523,1,3,10,14,17,18,26,41,44,49,65,66,70,75,85,90
clust_eq,UPmaxentropy,1524,7,19,25,26,27,33,39,44,48,56,60,65,67,69,77,90
clust_eq,UPmaxentropy,1525,9,17,23,26,27,36,38,47,52,53,61,62,67,75,96,100
clust_eq,UPmaxentropy,1526,4,6,8,16,18,44,57,64,66,69,77,79,86,89,95,100
clust_eq,UPmaxentropy,1527,18,21,24,29,37,40,47,57,63,66,71,73,78,83,91,99
clust_eq,UPmaxentropy,1528,5,8,12,14,22,46,70,71,73,74,79,81,83,85,88,92
clust_eq,UPmaxentropy,1529,8,11,12,16,22,24,43,50,63,64,75,77,78,82,89,97
clust_eq,UPmaxentropy,1530,4,12,13,15,17,24,28,29,32,35,37,59,60,72,73,75
clust_eq,UPmaxentropy,1531,1,2,12,16,17,25,28,32,38,39,60,67,80,85,89,94
clust_eq,UPmaxentropy,1532,2,5,9,10,16,27,31,35,41,46,63,67,76,79,80,81
clust_eq,UPmaxentropy,1533,4,22,25,27,33,37,41,43,51,55,60,64,75,79,83,90
clust_eq,UPmaxentropy,1534,12,14,16,26,34,36,45,46,52,58,62,74,80,89,96,99
clust_eq,UPmaxentropy,1535,3,12,16,19,20,22,29,32,55,61,63,68,74,76,92,97
clust_eq,UPmaxentropy,1536,10,16,22,25,26,42,55,56,58,75,79,81,89,91,94,100
clust_eq,UPmaxentropy,1537,2,6,8,12,15,33,38,56,69,73,79,80,82,84,92,98
clust_eq,UPmaxentropy,1538,7,9,10,18,19,21,23,27,31,32,42,54,62,82,87,93
clust_eq,UPmaxentropy,1539,3,9,28,30,40,44,51,63,66,69,70,72,73,91,94,97
clust_eq,UPmaxentropy,1540,9,11,13,19,28,38,42,46,47,58,74,75,77,82,94,96
clust_eq,UPmaxentropy,1541,3,7,12,15,26,39,47,53,54,58,70,74,84,88,89,100
clust_eq,UPmaxentropy,1542,3,9,12,20,23,48,58,63,71,74,79,80,83,86,89,96
clust_eq,UPmaxentropy,1543,8,16,17,27,28,30,33,36,38,43,44,49,82,84,88,91
clust_eq,UPmaxentropy,1544,4,24,32,33,34,45,47,61,63,73,76,81,88,94,98,99
clust_eq,UPmaxentropy,1545,1,3,13,33,38,50,53,57,61,69,78,79,81,88,90,93
clust_eq,UPmaxentropy,1546,17,19,35,43,46,47,53,60,66,67,72,79,84,85,89,96
clust_eq,UPmaxentropy,1547,1,2,9,10,12,19,33,34,36,43,49,64,73,84,93,98
clust_eq,UPmaxentropy,1548,1,5,6,14,17,30,32,39,51,59,64,69,70,91,96,97
clust_eq,UPmaxentropy,1549,2,4,7,10,19,21,24,30,31,46,51,68,72,77,81,83
clust_eq,UPmaxentropy,1550,2,10,20,25,32,35,37,38,39,47,50,62,66,78,81,97
clust_eq,UPmaxentropy,1551,1,7,13,38,42,43,54,61,64,68,81,83,86,92,98,100
clust_eq,UPmaxentropy,1552,1,3,4,15,27,32,35,38,43,44,47,54,58,59,67,79
clust_eq,UPmaxentropy,1553,1,4,15,19,26,53,55,56,63,73,76,83,85,89,90,100
clust_eq,UPmaxentropy,1554,1,8,26,30,35,37,38,49,52,69,71,81,84,85,89,100
clust_eq,UPmaxentropy,1555,5,7,8,12,13,17,35,37,41,49,58,63,70,77,93,100
clust_eq,UPmaxentropy,1556,11,16,39,44,45,49,58,61,64,65,72,74,76,83,92,100
clust_eq,UPmaxentropy,1557,3,5,10,18,22,43,46,51,59,60,63,68,71,78,86,97
clust_eq,UPmaxentropy,1558,10,23,24,26,33,35,36,49,55,64,66,71,73,78,82,91
clust_eq,UPmaxentropy,1559,12,21,24,33,34,36,37,38,39,47,62,68,72,73,93,96
clust_eq,UPmaxentropy,1560,2,5,20,22,34,40,44,47,52,60,69,75,83,85,92,98
clust_eq,UPmaxentropy,1561,4,7,26,29,30,32,47,50,60,71,73,74,86,96,99,100
clust_eq,UPmaxentropy,1562,1,4,14,15,31,33,42,48,51,57,63,64,71,72,87,94
clust_eq,UPmaxentropy,1563,5,8,11,12,16,20,25,34,38,40,48,75,79,84,88,93
clust_eq,UPmaxentropy,1564,3,8,17,20,21,23,28,48,51,55,62,68,73,78,90,100
clust_eq,UPmaxentropy,1565,2,7,15,17,19,21,26,32,60,69,79,82,88,95,96,97
clust_eq,UPmaxentropy,1566,11,13,17,46,55,56,58,65,72,74,75,84,94,95,98,100
clust_eq,UPmaxentropy,1567,19,21,22,25,33,36,41,47,51,59,77,79,82,86,89,96
clust_eq,UPmaxentropy,1568,6,8,11,27,31,39,41,48,52,77,79,83,88,89,94,97
clust_eq,UPmaxentropy,1569,16,18,22,39,45,51,57,61,63,65,66,72,81,83,87,93
clust_eq,UPmaxentropy,1570,2,4,20,27,31,33,34,38,42,53,55,58,59,69,96,99
clust_eq,UPmaxentropy,1571,5,13,19,20,23,27,38,41,46,60,63,76,79,84,87,95
clust_eq,UPmaxentropy,1572,3,11,13,18,25,31,49,54,68,77,79,82,86,87,90,94
clust_eq,UPmaxentropy,1573,3,5,12,13,16,19,24,25,43,59,62,63,67,69,90,97
clust_eq,UPmaxentropy,1574,5,10,11,12,23,46,50,54,59,67,68,77,81,83,92,97
clust_eq,UPmaxentropy,1575,3,10,11,17,20,31,37,51,59,60,80,85,91,92,94,96
clust_eq,UPmaxentropy,1576,1,3,7,9,11,32,34,48,49,57,71,83,85,92,95,98
clust_eq,UPmaxentropy,1577,5,10,16,17,20,21,25,36,45,50,65,73,90,91,92,93
clust_eq,UPmaxentropy,1578,8,9,19,20,25,49,60,65,67,71,74,79,81,87,92,93
clust_eq,UPmaxentropy,1579,6,26,30,34,39,44,49,52,63,66,67,79,89,90,95,98
clust_eq,UPmaxentropy,1580,4,18,23,37,39,45,52,53,58,73,74,75,76,80,83,86
clust_eq,UPmaxentropy,1581,5,18,23,31,34,44,46,50,52,56,60,61,84,90,96,98
clust_eq,UPmaxentropy,1582,4,7,19,22,27,47,54,63,65,68,71,81,84,87,93,99
clust_eq,UPmaxentropy,1583,3,4,21,27,29,32,38,45,51,52,55,57,69,75,84,90
clust_eq,UPmaxentropy,1584,7,11,13,14,26,32,39,43,50,59,68,69,71,73,86,89
clust_eq,UPmaxentropy,1585,1,7,8,10,14,19,21,37,40,50,54,70,77,87,96,99
clust_eq,UPmaxentropy,1586,4,7,15,17,33,41,48,54,65,66,70,75,83,89,94,98
clust_eq,UPmaxentropy,1587,2,9,12,18,29,35,37,39,42,46,55,61,64,83,86,98
clust_eq,UPmaxentropy,1588,4,11,12,13,16,23,48,49,50,52,64,65,91,93,96,100
clust_eq,UPmaxentropy,1589,3,6,13,23,42,48,51,53,55,60,66,74,78,80,84,87
clust_eq,UPmaxentropy,1590,7,17,21,23,31,35,39,56,58,62,69,72,80,85,90,94
clust_eq,UPmaxentropy,1591,3,9,11,20,22,36,37,46,47,58,69,74,76,82,87,93
clust_eq,UPmaxentropy,1592,2,16,25,27,28,29,38,46,49,50,75,82,91,94,96,98
clust_eq,UPmaxentropy,1593,3,4,5,9,17,20,26,30,49,65,73,80,85,87,91,98
clust_eq,UPmaxentropy,1594,6,13,14,20,34,40,47,49,62,68,79,80,83,85,94,97
clust_eq,UPmaxentropy,1595,2,13,21,27,31,36,51,53,62,70,79,85,87,92,94,97
clust_eq,UPmaxentropy,1596,7,17,18,38,39,43,52,53,57,64,69,70,75,76,80,92
clust_eq,UPmaxentropy,1597,20,27,31,34,36,42,43,46,53,57,63,66,72,80,92,94
clust_eq,UPmaxentropy,1598,12,15,30,36,38,39,48,52,60,65,71,79,82,84,90,99
clust_eq,UPmaxentropy,1599,7,11,34,36,38,39,43,46,47,62,70,76,84,89,93,98
clust_eq,UPmaxentropy,1600,23,24,25,30,40,42,46,55,59,62,67,68,72,78,93,95
clust_eq,UPmaxentropy,1601,3,12,23,24,31,35,37,38,41,52,53,59,63,81,83,85
clust_eq,UPmaxentropy,1602,1,5,7,8,12,19,22,29,34,37,49,50,78,79,81,83
clust_eq,UPmaxentropy,1603,4,11,13,16,22,27,33,60,63,64,72,77,81,86,89,100
clust_eq,UPmaxentropy,1604,7,18,39,53,58,63,64,65,67,74,75,80,84,88,92,97
clust_eq,UPmaxentropy,1605,6,13,35,47,48,50,55,65,66,67,72,73,75,78,80,92
clust_eq,UPmaxentropy,1606,1,6,24,27,28,29,37,39,47,48,49,50,72,76,80,91
clust_eq,UPmaxentropy,1607,6,10,11,15,19,21,36,37,38,46,63,78,81,96,97,100
clust_eq,UPmaxentropy,1608,6,8,23,28,36,40,41,43,44,53,55,58,61,64,75,91
clust_eq,UPmaxentropy,1609,1,3,15,19,21,24,40,41,52,64,66,70,72,75,85,99
clust_eq,UPmaxentropy,1610,7,11,15,18,21,27,29,34,45,50,58,76,78,84,90,94
clust_eq,UPmaxentropy,1611,2,3,4,9,10,23,43,45,48,57,64,66,75,87,88,98
clust_eq,UPmaxentropy,1612,4,10,28,29,45,46,52,63,65,66,73,74,76,77,94,95
clust_eq,UPmaxentropy,1613,15,25,27,30,37,38,41,45,48,54,59,68,71,88,92,95
clust_eq,UPmaxentropy,1614,3,10,12,14,16,17,24,27,46,57,69,70,74,91,93,100
clust_eq,UPmaxentropy,1615,4,18,23,28,29,32,39,43,48,53,58,66,83,86,90,91
clust_eq,UPmaxentropy,1616,3,4,9,12,31,38,50,59,68,77,81,82,83,88,92,97
clust_eq,UPmaxentropy,1617,1,6,8,9,15,18,19,36,41,44,53,54,55,57,69,100
clust_eq,UPmaxentropy,1618,2,8,12,16,21,23,29,37,46,48,80,83,89,91,95,100
clust_eq,UPmaxentropy,1619,9,13,18,19,21,22,27,41,44,63,75,89,90,93,97,98
clust_eq,UPmaxentropy,1620,2,3,5,8,17,33,37,76,78,83,84,91,94,98,99,100
clust_eq,UPmaxentropy,1621,2,3,10,24,26,27,37,40,49,57,60,65,72,77,92,94
clust_eq,UPmaxentropy,1622,16,35,36,37,46,51,60,69,74,76,78,79,82,89,90,92
clust_eq,UPmaxentropy,1623,12,13,16,17,23,34,39,52,58,66,68,73,79,81,84,87
clust_eq,UPmaxentropy,1624,8,10,18,20,27,30,31,36,38,47,58,60,76,87,94,98
clust_eq,UPmaxentropy,1625,4,9,24,28,49,51,53,58,61,69,72,81,85,92,94,96
clust_eq,UPmaxentropy,1626,2,8,33,51,52,55,63,64,65,73,81,85,89,91,95,98
clust_eq,UPmaxentropy,1627,5,13,15,33,49,50,52,57,63,64,71,83,89,94,98,99
clust_eq,UPmaxentropy,1628,9,12,24,29,33,48,55,69,72,78,80,81,85,90,91,98
clust_eq,UPmaxentropy,1629,3,4,9,14,23,26,47,63,67,69,81,87,89,92,94,97
clust_eq,UPmaxentropy,1630,2,9,24,28,31,37,59,65,67,68,70,75,76,80,81,94
clust_eq,UPmaxentropy,1631,2,10,11,19,24,26,30,32,38,42,59,70,71,79,86,90
clust_eq,UPmaxentropy,1632,2,9,11,16,19,20,21,27,56,64,67,76,79,89,90,91
clust_eq,UPmaxentropy,1633,5,15,23,25,37,42,44,48,55,79,81,82,83,91,95,99
clust_eq,UPmaxentropy,1634,8,14,17,26,27,37,41,55,59,60,67,77,84,89,96,100
clust_eq,UPmaxentropy,1635,2,3,9,16,18,25,32,35,40,47,48,50,53,69,77,90
clust_eq,UPmaxentropy,1636,13,19,31,38,46,55,56,59,60,66,70,71,77,86,90,91
clust_eq,UPmaxentropy,1637,2,13,23,32,35,42,44,47,48,54,57,62,63,71,80,97
clust_eq,UPmaxentropy,1638,29,42,43,45,46,52,60,65,69,74,85,87,88,89,90,99
clust_eq,UPmaxentropy,1639,14,37,39,42,49,52,53,55,56,68,71,74,80,86,88,92
clust_eq,UPmaxentropy,1640,4,9,11,12,17,29,44,50,63,73,79,80,87,95,97,98
clust_eq,UPmaxentropy,1641,1,8,11,12,14,15,23,26,29,50,84,85,86,90,99,100
clust_eq,UPmaxentropy,1642,2,6,7,16,26,30,33,34,35,39,67,72,85,88,90,99
clust_eq,UPmaxentropy,1643,2,7,17,33,34,42,47,54,67,73,81,84,87,88,91,99
clust_eq,UPmaxentropy,1644,2,6,12,13,22,23,36,45,53,58,76,78,79,90,98,100
clust_eq,UPmaxentropy,1645,1,18,21,22,44,48,52,56,64,68,72,74,75,86,91,99
clust_eq,UPmaxentropy,1646,5,8,11,12,23,26,27,31,32,50,53,66,73,76,87,89
clust_eq,UPmaxentropy,1647,3,6,12,21,41,54,55,67,68,69,76,84,90,91,96,99
clust_eq,UPmaxentropy,1648,5,6,11,13,14,16,25,31,35,39,67,73,74,81,86,90
clust_eq,UPmaxentropy,1649,6,14,20,27,30,37,43,47,57,66,74,76,79,89,90,96
clust_eq,UPmaxentropy,1650,15,18,21,27,28,29,37,42,44,46,70,82,87,88,92,94
clust_eq,UPmaxentropy,1651,7,10,17,18,19,22,34,37,47,59,66,68,83,96,97,99
clust_eq,UPmaxentropy,1652,5,12,16,33,42,48,52,53,64,71,72,84,88,95,99,100
clust_eq,UPmaxentropy,1653,8,10,14,15,21,23,32,33,35,38,47,50,52,71,97,99
clust_eq,UPmaxentropy,1654,1,6,7,13,18,36,39,45,49,61,65,77,84,85,96,98
clust_eq,UPmaxentropy,1655,4,8,22,23,31,40,52,53,55,66,80,81,83,84,86,88
clust_eq,UPmaxentropy,1656,10,16,20,23,27,38,39,45,67,74,81,83,87,89,91,97
clust_eq,UPmaxentropy,1657,6,8,12,15,24,29,34,36,42,43,58,59,65,84,85,89
clust_eq,UPmaxentropy,1658,2,3,13,16,24,36,41,53,63,67,70,75,88,89,92,95
clust_eq,UPmaxentropy,1659,9,18,22,32,39,40,48,55,63,64,69,76,88,91,97,99
clust_eq,UPmaxentropy,1660,1,10,17,18,20,25,28,32,40,42,43,48,50,83,87,98
clust_eq,UPmaxentropy,1661,6,20,22,29,30,36,44,56,65,69,74,84,90,93,95,97
clust_eq,UPmaxentropy,1662,14,19,23,25,29,42,43,46,49,53,56,77,85,88,89,97
clust_eq,UPmaxentropy,1663,12,16,26,34,36,38,43,45,46,48,50,57,72,73,80,87
clust_eq,UPmaxentropy,1664,15,16,23,30,36,38,47,51,52,59,67,70,71,73,76,86
clust_eq,UPmaxentropy,1665,1,12,21,26,33,35,37,47,64,75,76,81,82,85,87,91
clust_eq,UPmaxentropy,1666,8,12,15,18,20,31,32,37,44,48,57,66,68,79,95,98
clust_eq,UPmaxentropy,1667,7,22,23,30,34,36,39,42,48,61,63,65,68,75,88,96
clust_eq,UPmaxentropy,1668,1,5,6,9,11,42,45,47,58,65,67,68,77,79,80,90
clust_eq,UPmaxentropy,1669,11,21,27,29,30,33,37,46,50,52,56,64,65,66,68,98
clust_eq,UPmaxentropy,1670,1,6,11,13,21,25,39,41,48,54,55,71,77,80,83,96
clust_eq,UPmaxentropy,1671,5,6,9,13,14,17,21,29,41,43,46,47,48,63,67,69
clust_eq,UPmaxentropy,1672,7,14,25,26,28,33,34,41,46,57,64,74,83,86,93,99
clust_eq,UPmaxentropy,1673,2,4,13,20,21,26,28,34,40,51,56,59,67,79,83,88
clust_eq,UPmaxentropy,1674,3,9,11,13,27,39,48,57,62,69,74,77,79,80,92,98
clust_eq,UPmaxentropy,1675,17,23,28,32,37,41,42,53,65,69,73,79,85,91,92,94
clust_eq,UPmaxentropy,1676,5,13,15,30,31,35,40,49,51,63,68,78,85,90,91,95
clust_eq,UPmaxentropy,1677,1,15,19,22,27,28,36,40,41,52,66,81,89,95,98,99
clust_eq,UPmaxentropy,1678,1,8,27,28,29,35,37,40,47,61,73,78,79,82,88,94
clust_eq,UPmaxentropy,1679,1,6,19,25,32,37,40,45,51,55,63,64,66,71,76,87
clust_eq,UPmaxentropy,1680,2,7,10,11,15,17,45,52,59,67,70,74,77,78,81,86
clust_eq,UPmaxentropy,1681,3,15,29,30,35,45,53,58,64,65,71,84,87,88,93,95
clust_eq,UPmaxentropy,1682,3,7,18,20,44,46,52,61,64,65,79,81,82,84,85,96
clust_eq,UPmaxentropy,1683,13,26,27,47,50,58,62,66,67,74,77,78,79,81,85,90
clust_eq,UPmaxentropy,1684,14,20,26,39,47,48,50,51,59,60,75,78,82,88,90,92
clust_eq,UPmaxentropy,1685,3,4,6,7,29,41,55,56,60,65,66,69,72,85,92,99
clust_eq,UPmaxentropy,1686,3,4,8,12,23,32,33,39,53,55,56,57,58,74,78,82
clust_eq,UPmaxentropy,1687,6,11,14,15,25,35,38,40,43,53,63,67,68,72,84,91
clust_eq,UPmaxentropy,1688,2,12,16,35,44,45,46,48,54,57,66,70,73,83,94,99
clust_eq,UPmaxentropy,1689,9,11,17,21,44,46,63,69,75,76,79,81,82,94,95,99
clust_eq,UPmaxentropy,1690,2,7,15,19,32,42,44,49,58,63,64,65,66,71,85,90
clust_eq,UPmaxentropy,1691,2,12,49,51,52,53,60,71,76,85,86,87,88,90,93,96
clust_eq,UPmaxentropy,1692,4,12,16,19,24,28,36,38,41,47,65,66,81,86,88,98
clust_eq,UPmaxentropy,1693,1,9,15,18,21,23,26,32,35,40,54,71,76,85,97,98
clust_eq,UPmaxentropy,1694,5,7,14,16,21,26,38,55,59,62,64,71,72,80,89,100
clust_eq,UPmaxentropy,1695,4,8,11,13,25,41,45,50,59,62,63,70,85,89,91,96
clust_eq,UPmaxentropy,1696,4,5,14,16,17,18,28,38,49,57,61,62,64,65,68,89
clust_eq,UPmaxentropy,1697,19,31,38,39,51,52,64,66,69,76,77,83,90,92,94,100
clust_eq,UPmaxentropy,1698,1,5,8,13,16,19,24,30,34,40,51,54,61,80,94,100
clust_eq,UPmaxentropy,1699,5,6,7,15,20,23,31,44,53,54,64,65,67,91,93,94
clust_eq,UPmaxentropy,1700,7,10,17,32,45,47,51,60,72,81,84,87,94,95,99,100
clust_eq,UPmaxentropy,1701,16,22,28,35,38,39,40,45,52,55,56,57,66,69,82,84
clust_eq,UPmaxentropy,1702,2,7,21,22,28,30,41,45,48,53,54,75,80,88,93,94
clust_eq,UPmaxentropy,1703,12,15,20,25,27,30,31,50,62,63,67,71,75,79,92,96
clust_eq,UPmaxentropy,1704,7,8,15,19,22,29,31,34,49,50,65,72,78,79,88,91
clust_eq,UPmaxentropy,1705,2,3,16,27,40,45,59,63,70,74,78,80,83,86,98,100
clust_eq,UPmaxentropy,1706,19,22,29,30,34,50,53,54,59,61,62,66,72,88,89,94
clust_eq,UPmaxentropy,1707,7,9,11,12,14,17,21,33,38,53,56,65,80,81,92,97
clust_eq,UPmaxentropy,1708,1,7,10,18,24,41,45,46,52,53,60,77,78,88,89,94
clust_eq,UPmaxentropy,1709,8,13,30,33,37,43,44,49,58,60,71,75,80,85,88,100
clust_eq,UPmaxentropy,1710,32,35,36,38,45,49,61,64,70,73,81,82,83,86,92,98
clust_eq,UPmaxentropy,1711,2,3,13,24,26,34,40,41,44,46,47,72,76,88,91,99
clust_eq,UPmaxentropy,1712,3,6,11,15,39,45,49,53,54,63,67,68,71,73,81,84
clust_eq,UPmaxentropy,1713,1,3,11,14,20,21,31,39,40,55,80,85,91,93,94,95
clust_eq,UPmaxentropy,1714,6,16,21,24,40,49,51,55,57,60,62,81,85,87,94,95
clust_eq,UPmaxentropy,1715,1,10,28,32,41,42,48,52,60,66,71,83,87,88,93,98
clust_eq,UPmaxentropy,1716,2,13,14,16,17,20,34,44,49,55,62,69,74,81,91,95
clust_eq,UPmaxentropy,1717,8,41,43,45,47,50,53,60,64,69,70,84,85,87,93,97
clust_eq,UPmaxentropy,1718,10,23,26,28,34,51,55,59,64,65,69,70,71,86,88,94
clust_eq,UPmaxentropy,1719,6,7,13,18,24,25,27,32,36,49,50,52,60,67,74,91
clust_eq,UPmaxentropy,1720,13,14,15,17,23,41,42,45,49,50,55,60,71,80,90,91
clust_eq,UPmaxentropy,1721,23,38,43,50,61,63,66,70,76,82,84,86,87,89,95,99
clust_eq,UPmaxentropy,1722,9,26,32,34,36,38,46,47,51,66,69,71,80,81,84,92
clust_eq,UPmaxentropy,1723,8,10,13,15,17,21,28,31,42,43,62,70,79,80,88,95
clust_eq,UPmaxentropy,1724,19,25,26,28,32,52,53,55,64,68,76,78,80,87,89,90
clust_eq,UPmaxentropy,1725,1,5,7,18,31,34,36,42,48,51,57,65,70,80,82,93
clust_eq,UPmaxentropy,1726,3,19,23,25,42,47,55,59,67,71,72,88,92,93,94,99
clust_eq,UPmaxentropy,1727,4,15,16,26,33,34,41,69,71,72,75,83,90,94,96,99
clust_eq,UPmaxentropy,1728,1,8,9,25,34,35,40,53,60,63,69,71,72,77,91,100
clust_eq,UPmaxentropy,1729,11,14,24,32,35,39,43,49,56,60,65,69,79,80,83,92
clust_eq,UPmaxentropy,1730,1,3,5,18,34,42,45,47,59,60,65,71,75,76,85,97
clust_eq,UPmaxentropy,1731,1,16,21,32,36,37,44,46,49,54,58,66,69,77,88,95
clust_eq,UPmaxentropy,1732,3,8,14,41,45,49,62,67,70,74,77,79,87,92,95,97
clust_eq,UPmaxentropy,1733,1,2,5,17,25,47,56,59,60,68,83,86,87,91,97,99
clust_eq,UPmaxentropy,1734,3,8,12,15,31,34,36,45,51,56,61,62,79,80,88,93
clust_eq,UPmaxentropy,1735,1,7,9,11,13,19,40,42,43,52,64,74,83,86,89,100
clust_eq,UPmaxentropy,1736,6,14,25,26,29,37,40,43,61,69,70,72,83,90,91,95
clust_eq,UPmaxentropy,1737,3,8,25,30,32,40,49,59,64,65,68,73,76,80,91,93
clust_eq,UPmaxentropy,1738,6,27,31,44,48,51,56,62,64,70,81,84,86,92,93,98
clust_eq,UPmaxentropy,1739,17,28,33,42,43,46,60,72,75,80,81,83,86,88,89,96
clust_eq,UPmaxentropy,1740,2,22,23,30,34,37,42,49,52,64,65,78,83,87,94,96
clust_eq,UPmaxentropy,1741,6,15,17,23,27,30,35,38,39,46,47,48,52,63,81,82
clust_eq,UPmaxentropy,1742,3,10,11,12,15,21,36,47,54,58,79,86,87,89,92,99
clust_eq,UPmaxentropy,1743,12,14,15,25,26,31,34,45,54,59,60,72,79,85,88,97
clust_eq,UPmaxentropy,1744,1,3,8,27,34,35,55,57,61,64,65,78,90,95,97,99
clust_eq,UPmaxentropy,1745,15,19,27,31,34,40,45,48,58,70,71,72,79,82,83,88
clust_eq,UPmaxentropy,1746,4,8,10,13,17,23,30,37,49,51,59,61,71,77,79,81
clust_eq,UPmaxentropy,1747,11,12,14,19,36,50,60,62,65,66,77,78,90,91,96,99
clust_eq,UPmaxentropy,1748,3,4,8,10,14,18,24,27,41,43,48,53,58,84,85,92
clust_eq,UPmaxentropy,1749,7,9,14,16,18,26,27,37,43,57,58,73,81,85,90,94
clust_eq,UPmaxentropy,1750,10,11,17,19,24,26,31,39,42,48,60,73,82,88,92,93
clust_eq,UPmaxentropy,1751,3,16,19,23,27,30,42,45,49,51,54,59,63,77,90,97
clust_eq,UPmaxentropy,1752,3,11,21,27,28,29,31,47,50,53,55,72,73,80,82,93
clust_eq,UPmaxentropy,1753,1,4,20,24,25,32,39,40,46,56,57,60,62,66,83,90
clust_eq,UPmaxentropy,1754,3,4,6,12,21,23,26,31,34,40,45,46,50,56,68,81
clust_eq,UPmaxentropy,1755,4,8,11,30,38,41,42,49,50,59,63,70,72,73,75,82
clust_eq,UPmaxentropy,1756,2,14,22,26,28,40,47,51,59,60,73,75,81,86,90,99
clust_eq,UPmaxentropy,1757,2,5,10,16,17,31,38,50,54,62,64,67,68,80,82,91
clust_eq,UPmaxentropy,1758,3,5,9,17,25,26,29,36,51,54,62,68,76,80,86,91
clust_eq,UPmaxentropy,1759,5,7,8,20,35,36,49,50,51,52,61,63,65,76,82,88
clust_eq,UPmaxentropy,1760,10,13,24,31,45,48,60,61,65,70,71,75,79,87,89,90
clust_eq,UPmaxentropy,1761,4,9,20,21,31,33,44,47,50,55,58,65,70,72,94,96
clust_eq,UPmaxentropy,1762,13,19,22,26,29,30,33,37,40,49,55,62,76,80,86,99
clust_eq,UPmaxentropy,1763,1,4,14,23,26,29,32,44,59,60,66,71,77,78,87,99
clust_eq,UPmaxentropy,1764,17,25,32,33,40,59,62,63,64,77,80,83,86,87,92,97
clust_eq,UPmaxentropy,1765,1,4,13,19,41,42,43,56,58,71,74,78,79,87,99,100
clust_eq,UPmaxentropy,1766,25,26,28,29,32,37,42,46,49,51,61,71,83,89,91,95
clust_eq,UPmaxentropy,1767,2,7,11,26,39,44,49,53,57,66,74,77,81,90,92,93
clust_eq,UPmaxentropy,1768,6,7,12,16,20,22,28,30,38,51,75,78,80,81,88,92
clust_eq,UPmaxentropy,1769,9,12,14,21,41,47,52,54,59,60,61,64,72,75,84,95
clust_eq,UPmaxentropy,1770,1,2,18,22,36,38,49,52,59,60,68,78,85,92,93,99
clust_eq,UPmaxentropy,1771,12,22,23,27,32,40,61,65,68,69,73,77,81,85,99,100
clust_eq,UPmaxentropy,1772,13,18,22,24,28,29,32,37,38,59,61,69,72,81,87,89
clust_eq,UPmaxentropy,1773,4,8,14,36,39,50,53,54,56,59,61,62,70,75,81,92
clust_eq,UPmaxentropy,1774,21,25,28,40,48,51,53,54,63,65,66,69,86,89,97,100
clust_eq,UPmaxentropy,1775,1,10,15,18,22,50,53,54,62,69,78,81,85,92,93,94
clust_eq,UPmaxentropy,1776,16,20,27,34,40,41,45,50,68,80,83,86,87,92,93,98
clust_eq,UPmaxentropy,1777,2,11,16,18,26,28,31,36,40,43,58,78,79,86,89,93
clust_eq,UPmaxentropy,1778,10,11,15,38,39,44,51,52,53,60,70,71,75,83,87,99
clust_eq,UPmaxentropy,1779,3,4,13,18,28,32,34,35,38,49,57,74,80,82,93,98
clust_eq,UPmaxentropy,1780,10,19,28,29,39,41,45,49,50,54,61,71,75,80,84,86
clust_eq,UPmaxentropy,1781,5,12,15,17,22,24,28,29,31,37,51,52,54,67,79,80
clust_eq,UPmaxentropy,1782,18,30,38,43,54,56,57,69,70,71,75,78,92,93,98,100
clust_eq,UPmaxentropy,1783,3,15,21,33,44,45,55,58,59,60,63,73,86,96,98,100
clust_eq,UPmaxentropy,1784,13,24,29,31,37,38,45,57,58,69,75,79,83,89,90,95
clust_eq,UPmaxentropy,1785,4,11,17,20,28,30,31,67,68,69,70,74,78,85,87,94
clust_eq,UPmaxentropy,1786,6,15,17,19,21,28,35,42,47,48,69,70,78,88,97,98
clust_eq,UPmaxentropy,1787,7,9,14,21,29,38,40,45,47,49,61,66,77,81,93,95
clust_eq,UPmaxentropy,1788,4,10,12,14,15,20,38,41,46,47,48,53,60,70,96,100
clust_eq,UPmaxentropy,1789,16,18,23,28,35,39,43,48,60,62,68,82,83,90,95,97
clust_eq,UPmaxentropy,1790,1,14,33,38,49,50,55,57,60,65,70,72,79,82,91,92
clust_eq,UPmaxentropy,1791,2,3,11,19,33,34,37,39,47,52,54,56,76,80,83,90
clust_eq,UPmaxentropy,1792,7,16,22,28,38,40,52,53,55,66,69,73,77,80,83,99
clust_eq,UPmaxentropy,1793,2,8,17,21,23,28,45,48,50,66,70,73,74,81,92,94
clust_eq,UPmaxentropy,1794,12,23,27,36,43,51,61,62,65,67,72,73,77,97,99,100
clust_eq,UPmaxentropy,1795,2,17,21,22,23,26,30,32,40,43,61,68,78,87,94,100
clust_eq,UPmaxentropy,1796,8,11,17,20,24,25,29,35,53,65,76,77,82,87,92,96
clust_eq,UPmaxentropy,1797,2,16,19,23,32,34,47,48,50,67,68,70,83,86,89,90
clust_eq,UPmaxentropy,1798,6,13,15,17,22,24,25,49,68,69,78,84,88,89,90,99
clust_eq,UPmaxentropy,1799,4,7,9,12,18,29,41,54,56,61,65,71,85,88,91,100
clust_eq,UPmaxentropy,1800,24,27,33,34,39,48,50,67,74,76,78,79,81,89,92,96
clust_eq,UPmaxentropy,1801,10,13,17,21,27,28,48,51,53,62,67,68,77,79,94,96
clust_eq,UPmaxentropy,1802,1,4,10,19,21,22,32,33,53,54,56,79,83,84,94,96
clust_eq,UPmaxentropy,1803,1,12,19,21,22,32,39,42,50,51,57,59,63,82,91,93
clust_eq,UPmaxentropy,1804,2,5,11,15,27,29,41,44,59,68,72,74,78,89,91,100
clust_eq,UPmaxentropy,1805,15,19,27,32,35,40,43,52,55,58,62,65,77,88,96,98
clust_eq,UPmaxentropy,1806,4,7,15,20,31,39,41,44,46,58,61,65,81,87,88,90
clust_eq,UPmaxentropy,1807,4,27,28,29,44,47,50,64,68,78,84,85,87,89,91,98
clust_eq,UPmaxentropy,1808,6,8,14,15,18,26,27,31,57,76,77,80,84,91,93,97
clust_eq,UPmaxentropy,1809,2,6,11,19,29,33,36,38,45,54,55,80,83,84,96,100
clust_eq,UPmaxentropy,1810,4,6,14,16,21,31,38,41,55,73,74,80,81,86,95,100
clust_eq,UPmaxentropy,1811,5,10,11,13,21,24,34,44,52,59,69,71,72,73,86,98
clust_eq,UPmaxentropy,1812,11,15,18,23,32,36,49,54,56,57,68,73,75,79,89,98
clust_eq,UPmaxentropy,1813,2,7,17,20,21,23,29,30,44,45,46,54,60,75,80,100
clust_eq,UPmaxentropy,1814,4,8,11,12,18,23,24,26,31,42,64,66,68,82,92,96
clust_eq,UPmaxentropy,1815,3,21,30,38,42,43,59,60,64,67,71,82,92,95,96,97
clust_eq,UPmaxentropy,1816,25,39,45,47,53,58,65,69,75,78,82,90,91,92,96,98
clust_eq,UPmaxentropy,1817,1,9,14,29,36,39,47,51,52,66,69,73,76,84,94,100
clust_eq,UPmaxentropy,1818,3,5,17,34,41,44,45,48,55,62,66,77,79,80,85,97
clust_eq,UPmaxentropy,1819,1,9,15,27,28,31,35,38,43,49,57,79,81,93,95,96
clust_eq,UPmaxentropy,1820,2,16,17,21,25,49,54,59,64,72,74,75,78,89,93,94
clust_eq,UPmaxentropy,1821,14,19,26,36,40,41,42,48,49,51,53,61,63,79,85,91
clust_eq,UPmaxentropy,1822,6,9,11,21,22,26,28,42,47,52,53,55,60,66,92,94
clust_eq,UPmaxentropy,1823,7,11,14,15,26,44,53,55,58,59,60,66,76,77,85,99
clust_eq,UPmaxentropy,1824,3,13,17,26,28,35,51,54,55,57,59,68,74,85,89,95
clust_eq,UPmaxentropy,1825,2,8,45,50,52,54,57,58,64,81,82,85,87,88,92,95
clust_eq,UPmaxentropy,1826,3,11,21,22,29,30,37,50,59,63,77,83,84,90,93,94
clust_eq,UPmaxentropy,1827,4,5,17,27,48,51,55,57,69,72,77,86,88,90,95,98
clust_eq,UPmaxentropy,1828,3,12,19,31,40,44,46,47,48,50,51,80,86,89,99,100
clust_eq,UPmaxentropy,1829,7,9,17,25,45,65,69,71,77,80,84,89,90,91,94,97
clust_eq,UPmaxentropy,1830,8,13,19,21,26,33,39,42,51,63,64,67,77,80,83,86
clust_eq,UPmaxentropy,1831,1,13,16,17,21,24,28,50,52,55,59,66,80,89,94,95
clust_eq,UPmaxentropy,1832,5,8,11,16,17,21,37,41,58,68,71,78,86,87,88,100
clust_eq,UPmaxentropy,1833,4,6,11,12,31,49,50,54,56,64,77,79,80,82,90,95
clust_eq,UPmaxentropy,1834,9,10,14,15,20,21,39,43,45,51,54,58,60,70,89,91
clust_eq,UPmaxentropy,1835,4,7,8,22,36,38,39,44,50,59,64,68,72,75,76,97
clust_eq,UPmaxentropy,1836,3,9,14,15,20,51,53,54,61,67,71,82,88,91,96,99
clust_eq,UPmaxentropy,1837,5,17,19,26,33,38,43,50,52,56,58,59,68,75,76,87
clust_eq,UPmaxentropy,1838,6,17,19,35,38,45,50,57,59,61,63,68,82,87,90,99
clust_eq,UPmaxentropy,1839,1,3,6,11,16,17,20,24,33,41,47,53,77,82,85,97
clust_eq,UPmaxentropy,1840,2,20,28,31,50,52,55,62,68,69,71,79,85,88,91,95
clust_eq,UPmaxentropy,1841,2,8,14,19,32,33,38,43,44,48,50,60,66,88,96,100
clust_eq,UPmaxentropy,1842,3,11,14,22,27,32,43,46,58,59,62,69,79,82,83,87
clust_eq,UPmaxentropy,1843,3,9,11,13,14,17,19,24,30,46,51,68,73,77,81,91
clust_eq,UPmaxentropy,1844,25,36,41,44,54,58,63,66,69,72,75,76,80,86,89,90
clust_eq,UPmaxentropy,1845,1,4,10,11,17,22,27,31,35,50,58,59,66,69,86,93
clust_eq,UPmaxentropy,1846,4,5,24,25,29,30,42,43,48,51,60,69,73,75,76,84
clust_eq,UPmaxentropy,1847,4,6,24,38,43,51,54,56,57,58,68,69,70,77,78,79
clust_eq,UPmaxentropy,1848,1,2,15,17,24,33,38,40,45,52,53,57,67,92,96,100
clust_eq,UPmaxentropy,1849,9,14,23,32,36,38,45,46,48,54,55,63,75,83,84,97
clust_eq,UPmaxentropy,1850,1,2,5,17,19,20,22,24,30,31,44,58,65,74,79,98
clust_eq,UPmaxentropy,1851,4,7,9,18,21,31,48,56,64,69,76,91,92,93,94,95
clust_eq,UPmaxentropy,1852,4,8,21,26,28,30,36,37,39,46,57,82,88,93,94,95
clust_eq,UPmaxentropy,1853,17,23,26,28,31,37,48,64,65,68,73,75,81,87,88,91
clust_eq,UPmaxentropy,1854,11,12,13,16,25,26,37,40,58,59,67,72,73,83,93,98
clust_eq,UPmaxentropy,1855,8,9,24,34,35,38,49,53,56,58,63,73,81,88,90,91
clust_eq,UPmaxentropy,1856,4,6,12,31,42,46,49,54,60,64,69,75,76,82,88,100
clust_eq,UPmaxentropy,1857,1,4,9,21,24,30,36,46,50,54,61,82,84,92,94,99
clust_eq,UPmaxentropy,1858,11,14,16,25,33,46,52,59,61,67,74,92,93,94,97,100
clust_eq,UPmaxentropy,1859,4,6,8,21,32,34,40,54,58,60,74,75,87,88,93,100
clust_eq,UPmaxentropy,1860,10,22,23,30,33,34,35,37,41,47,55,66,73,86,87,99
clust_eq,UPmaxentropy,1861,1,21,33,46,47,48,51,59,68,69,76,82,87,88,96,97
clust_eq,UPmaxentropy,1862,6,12,21,35,47,49,60,72,75,77,80,81,85,86,89,93
clust_eq,UPmaxentropy,1863,4,11,37,38,46,47,49,51,64,65,68,75,76,85,93,97
clust_eq,UPmaxentropy,1864,10,13,18,38,39,48,49,60,66,69,75,78,85,86,94,95
clust_eq,UPmaxentropy,1865,2,3,9,15,23,35,48,54,59,62,67,73,76,93,97,99
clust_eq,UPmaxentropy,1866,14,20,23,30,32,41,43,45,53,55,58,59,83,85,89,93
clust_eq,UPmaxentropy,1867,4,11,17,18,24,31,36,38,42,63,69,71,77,86,95,100
clust_eq,UPmaxentropy,1868,12,19,27,29,37,53,63,69,72,73,77,82,87,89,91,100
clust_eq,UPmaxentropy,1869,4,21,23,25,29,31,39,43,44,73,84,89,91,93,95,99
clust_eq,UPmaxentropy,1870,4,8,22,29,44,58,61,62,64,66,67,72,75,76,83,89
clust_eq,UPmaxentropy,1871,6,8,10,18,23,29,36,37,38,43,45,52,58,68,88,100
clust_eq,UPmaxentropy,1872,3,4,7,16,17,22,28,34,41,46,52,62,66,82,89,99
clust_eq,UPmaxentropy,1873,3,4,20,21,29,34,37,39,40,44,56,60,63,79,85,95
clust_eq,UPmaxentropy,1874,3,4,8,12,26,27,30,36,52,59,67,70,71,81,89,95
clust_eq,UPmaxentropy,1875,4,8,16,25,34,38,41,42,47,54,59,80,88,92,93,94
clust_eq,UPmaxentropy,1876,14,16,22,31,32,42,43,51,59,69,77,79,82,97,98,100
clust_eq,UPmaxentropy,1877,6,9,28,32,48,52,53,54,56,66,72,80,82,85,86,91
clust_eq,UPmaxentropy,1878,7,9,11,12,21,30,38,40,52,55,64,65,76,80,85,89
clust_eq,UPmaxentropy,1879,24,26,29,33,40,41,52,60,61,74,77,80,81,82,89,96
clust_eq,UPmaxentropy,1880,2,22,23,41,44,47,50,58,62,74,79,88,89,95,98,100
clust_eq,UPmaxentropy,1881,3,17,21,24,36,46,53,54,61,65,68,87,95,96,97,100
clust_eq,UPmaxentropy,1882,1,7,12,23,28,29,41,43,57,60,69,70,76,86,91,96
clust_eq,UPmaxentropy,1883,1,15,21,25,30,33,41,59,61,66,67,73,84,87,91,94
clust_eq,UPmaxentropy,1884,8,18,35,36,42,44,47,50,52,65,68,74,76,81,86,92
clust_eq,UPmaxentropy,1885,4,15,17,37,39,47,63,65,66,73,75,78,82,87,93,99
clust_eq,UPmaxentropy,1886,20,21,26,27,36,39,40,47,61,64,65,69,75,84,88,90
clust_eq,UPmaxentropy,1887,8,12,15,18,20,35,40,43,45,47,55,70,71,74,84,94
clust_eq,UPmaxentropy,1888,2,5,6,27,31,32,34,41,48,56,59,67,74,75,86,100
clust_eq,UPmaxentropy,1889,5,13,33,40,45,46,50,51,56,58,59,64,66,86,94,95
clust_eq,UPmaxentropy,1890,4,17,22,37,39,51,52,60,62,63,67,69,73,82,87,90
clust_eq,UPmaxentropy,1891,1,3,6,16,17,23,46,47,50,59,71,72,79,82,88,99
clust_eq,UPmaxentropy,1892,4,16,18,29,38,39,49,52,53,61,65,66,77,80,93,98
clust_eq,UPmaxentropy,1893,8,15,19,29,30,31,40,48,57,60,67,73,75,79,82,86
clust_eq,UPmaxentropy,1894,8,11,17,20,36,37,47,57,59,69,75,77,85,89,93,94
clust_eq,UPmaxentropy,1895,5,7,10,13,27,28,35,38,43,52,53,68,70,77,85,93
clust_eq,UPmaxentropy,1896,1,7,8,28,40,44,47,51,64,70,71,77,79,81,87,98
clust_eq,UPmaxentropy,1897,5,6,21,27,28,44,52,56,70,73,75,77,78,86,97,99
clust_eq,UPmaxentropy,1898,5,15,18,19,32,33,37,38,59,68,77,79,80,84,90,92
clust_eq,UPmaxentropy,1899,6,13,14,24,26,45,52,55,56,58,62,69,72,84,91,92
clust_eq,UPmaxentropy,1900,2,16,22,30,32,34,43,56,64,69,83,84,85,87,90,100
clust_eq,UPmaxentropy,1901,25,36,40,45,48,53,54,56,59,65,71,74,79,83,90,93
clust_eq,UPmaxentropy,1902,14,16,22,26,42,49,53,59,64,75,81,82,85,90,93,100
clust_eq,UPmaxentropy,1903,10,22,23,30,34,45,56,61,63,66,76,79,86,90,92,98
clust_eq,UPmaxentropy,1904,2,10,11,16,30,33,35,37,50,69,76,81,86,93,94,100
clust_eq,UPmaxentropy,1905,2,7,12,14,17,21,29,37,38,50,67,80,81,91,95,97
clust_eq,UPmaxentropy,1906,13,15,23,31,34,37,44,45,64,70,71,80,89,91,95,98
clust_eq,UPmaxentropy,1907,1,7,21,26,31,35,40,50,53,63,66,70,76,81,89,91
clust_eq,UPmaxentropy,1908,11,12,14,20,21,26,37,43,48,54,55,56,71,74,78,100
clust_eq,UPmaxentropy,1909,10,14,18,19,20,27,42,55,61,65,67,72,84,93,95,96
clust_eq,UPmaxentropy,1910,2,5,14,15,24,26,32,36,47,50,61,67,69,78,83,98
clust_eq,UPmaxentropy,1911,1,4,5,11,14,30,46,49,54,55,60,61,63,70,81,91
clust_eq,UPmaxentropy,1912,7,9,19,23,31,41,42,45,47,51,61,73,75,76,83,94
clust_eq,UPmaxentropy,1913,2,14,16,23,28,33,37,38,55,58,61,63,67,71,88,95
clust_eq,UPmaxentropy,1914,14,19,22,26,31,40,46,47,72,75,76,78,80,83,85,96
clust_eq,UPmaxentropy,1915,3,16,19,27,28,29,32,46,60,67,70,71,84,90,91,93
clust_eq,UPmaxentropy,1916,3,9,12,13,15,19,23,29,36,44,50,59,74,80,93,99
clust_eq,UPmaxentropy,1917,5,11,22,31,44,45,54,56,57,61,65,68,73,75,81,82
clust_eq,UPmaxentropy,1918,1,6,16,27,31,35,55,57,60,65,70,85,89,91,97,99
clust_eq,UPmaxentropy,1919,2,7,8,12,22,34,44,48,51,56,69,78,82,84,89,93
clust_eq,UPmaxentropy,1920,3,5,8,10,12,14,22,28,30,36,49,52,67,71,76,97
clust_eq,UPmaxentropy,1921,7,23,25,34,35,38,40,46,47,50,51,55,66,70,73,100
clust_eq,UPmaxentropy,1922,3,9,16,29,36,41,44,53,61,65,66,75,79,81,82,96
clust_eq,UPmaxentropy,1923,3,8,14,21,23,24,25,26,27,29,35,68,70,73,82,100
clust_eq,UPmaxentropy,1924,4,6,10,12,21,24,27,28,38,43,45,55,65,88,92,97
clust_eq,UPmaxentropy,1925,3,10,19,26,33,34,41,43,49,57,63,66,70,73,85,90
clust_eq,UPmaxentropy,1926,1,7,19,24,25,26,28,54,55,61,69,80,84,86,87,99
clust_eq,UPmaxentropy,1927,8,17,22,24,27,30,40,50,61,62,69,70,82,84,93,97
clust_eq,UPmaxentropy,1928,14,26,27,29,36,38,45,48,69,72,73,76,79,91,93,94
clust_eq,UPmaxentropy,1929,2,4,11,13,15,19,21,28,30,32,37,63,66,75,95,98
clust_eq,UPmaxentropy,1930,13,14,17,18,41,43,52,54,69,72,81,83,85,87,93,95
clust_eq,UPmaxentropy,1931,5,7,9,47,49,51,54,57,63,68,76,86,90,93,94,100
clust_eq,UPmaxentropy,1932,19,20,29,33,35,36,58,65,71,72,74,77,79,80,86,89
clust_eq,UPmaxentropy,1933,2,14,30,34,35,40,47,52,65,73,84,86,90,95,97,99
clust_eq,UPmaxentropy,1934,1,23,24,27,35,40,48,56,61,63,65,69,73,78,85,92
clust_eq,UPmaxentropy,1935,1,9,14,15,17,21,34,42,46,52,58,60,63,84,88,95
clust_eq,UPmaxentropy,1936,3,6,8,13,18,19,24,30,33,35,48,52,67,70,80,95
clust_eq,UPmaxentropy,1937,8,9,11,37,40,41,45,56,58,62,67,74,82,84,90,94
clust_eq,UPmaxentropy,1938,1,2,10,22,23,47,49,50,54,62,63,80,83,86,98,100
clust_eq,UPmaxentropy,1939,5,10,19,27,28,29,38,43,49,60,72,76,90,94,95,96
clust_eq,UPmaxentropy,1940,2,19,20,25,28,38,53,56,57,60,67,72,73,81,84,92
clust_eq,UPmaxentropy,1941,1,15,16,18,28,29,30,59,65,67,69,76,81,83,85,97
clust_eq,UPmaxentropy,1942,1,17,22,25,28,30,39,43,51,54,58,74,86,88,91,99
clust_eq,UPmaxentropy,1943,1,8,26,36,42,43,44,49,51,60,78,87,88,94,98,100
clust_eq,UPmaxentropy,1944,8,10,19,25,26,30,31,35,38,52,59,61,81,86,93,99
clust_eq,UPmaxentropy,1945,2,4,9,11,14,21,33,38,39,42,54,58,60,67,79,99
clust_eq,UPmaxentropy,1946,4,8,17,18,33,49,50,56,58,74,84,89,92,96,97,98
clust_eq,UPmaxentropy,1947,1,4,11,22,28,41,44,49,61,76,80,90,94,97,98,99
clust_eq,UPmaxentropy,1948,12,13,23,26,33,42,49,53,54,60,67,72,74,75,79,96
clust_eq,UPmaxentropy,1949,7,11,14,16,21,24,25,27,46,51,52,54,70,80,87,90
clust_eq,UPmaxentropy,1950,5,24,30,31,35,38,47,53,55,60,67,69,87,90,96,99
clust_eq,UPmaxentropy,1951,9,23,35,37,39,44,48,52,63,64,70,72,80,85,86,94
clust_eq,UPmaxentropy,1952,2,3,17,34,42,45,61,68,78,83,87,92,94,96,99,100
clust_eq,UPmaxentropy,1953,2,4,7,8,9,15,33,38,60,61,65,68,77,81,88,89
clust_eq,UPmaxentropy,1954,4,11,25,29,38,40,41,45,46,51,52,57,61,80,85,90
clust_eq,UPmaxentropy,1955,1,25,40,46,51,57,60,71,77,79,80,85,87,95,97,100
clust_eq,UPmaxentropy,1956,10,18,35,36,42,43,47,57,61,71,73,79,84,89,90,95
clust_eq,UPmaxentropy,1957,3,5,26,31,32,45,51,56,65,68,71,75,77,78,79,89
clust_eq,UPmaxentropy,1958,2,33,42,46,57,60,67,70,74,75,76,78,79,85,89,91
clust_eq,UPmaxentropy,1959,13,21,24,25,36,45,47,58,64,67,76,77,79,81,82,98
clust_eq,UPmaxentropy,1960,3,5,7,21,25,27,32,36,40,45,46,48,65,84,94,98
clust_eq,UPmaxentropy,1961,12,17,25,30,35,43,45,46,48,66,69,79,86,91,96,99
clust_eq,UPmaxentropy,1962,22,29,30,32,33,38,40,48,52,58,80,88,94,98,99,100
clust_eq,UPmaxentropy,1963,13,17,23,28,30,33,38,58,64,75,78,87,90,92,95,98
clust_eq,UPmaxentropy,1964,3,4,9,17,18,19,22,35,49,52,54,56,57,62,95,99
clust_eq,UPmaxentropy,1965,11,13,15,19,20,21,39,49,62,65,71,73,76,77,79,90
clust_eq,UPmaxentropy,1966,11,22,29,30,33,34,36,44,62,65,67,71,83,87,93,100
clust_eq,UPmaxentropy,1967,3,15,21,28,33,42,45,48,51,54,61,71,72,75,83,88
clust_eq,UPmaxentropy,1968,12,13,14,19,32,33,38,44,49,50,58,63,70,76,79,82
clust_eq,UPmaxentropy,1969,10,14,16,21,28,39,44,59,65,66,70,71,77,80,92,99
clust_eq,UPmaxentropy,1970,4,8,9,11,13,20,35,42,64,66,78,81,85,90,92,93
clust_eq,UPmaxentropy,1971,16,25,28,38,43,44,46,47,48,50,57,58,60,79,93,97
clust_eq,UPmaxentropy,1972,8,28,30,34,36,41,51,67,68,70,72,73,75,81,88,91
clust_eq,UPmaxentropy,1973,3,8,15,16,27,32,39,40,53,54,56,60,72,75,78,99
clust_eq,UPmaxentropy,1974,5,7,22,33,34,36,37,45,47,55,57,60,63,71,84,86
clust_eq,UPmaxentropy,1975,9,11,17,25,32,36,45,57,62,65,66,84,85,88,91,93
clust_eq,UPmaxentropy,1976,11,18,21,22,32,38,41,45,50,60,61,68,81,94,95,97
clust_eq,UPmaxentropy,1977,2,7,10,16,20,42,44,49,58,61,73,74,75,79,80,84
clust_eq,UPmaxentropy,1978,1,2,4,13,14,33,44,47,49,68,70,87,90,95,98,99
clust_eq,UPmaxentropy,1979,6,12,17,24,28,36,40,57,67,69,71,72,76,84,89,99
clust_eq,UPmaxentropy,1980,14,16,17,18,23,24,33,36,40,44,53,77,78,85,90,92
clust_eq,UPmaxentropy,1981,5,12,13,14,37,38,40,43,48,55,56,58,66,69,77,79
clust_eq,UPmaxentropy,1982,15,21,26,34,38,46,50,54,67,68,71,74,79,93,96,98
clust_eq,UPmaxentropy,1983,10,19,20,26,39,52,63,70,73,85,87,89,90,93,98,99
clust_eq,UPmaxentropy,1984,4,17,20,22,24,26,30,33,34,35,56,59,81,84,88,92
clust_eq,UPmaxentropy,1985,2,7,17,22,29,31,32,38,45,48,63,71,73,78,96,100
clust_eq,UPmaxentropy,1986,2,3,14,15,24,34,35,36,49,54,60,68,76,87,91,100
clust_eq,UPmaxentropy,1987,2,7,15,26,27,32,38,41,51,55,62,71,73,90,94,99
clust_eq,UPmaxentropy,1988,5,10,13,24,26,30,38,42,56,59,67,69,72,76,80,92
clust_eq,UPmaxentropy,1989,1,11,14,17,23,32,37,39,52,62,63,70,77,89,90,100
clust_eq,UPmaxentropy,1990,1,6,11,26,32,33,37,39,57,64,66,70,75,79,89,95
clust_eq,UPmaxentropy,1991,5,10,14,22,29,33,35,38,41,61,62,66,73,80,83,93
clust_eq,UPmaxentropy,1992,7,9,15,16,25,32,37,39,42,43,47,54,89,90,95,96
clust_eq,UPmaxentropy,1993,2,6,7,14,21,25,26,30,36,38,40,50,62,76,81,86
clust_eq,UPmaxentropy,1994,10,20,21,26,29,46,56,58,64,69,81,84,85,91,92,100
clust_eq,UPmaxentropy,1995,3,4,6,8,24,26,27,38,44,54,62,71,72,74,81,89
clust_eq,UPmaxentropy,1996,5,10,22,32,42,44,51,56,62,68,70,84,86,90,91,93
clust_eq,UPmaxentropy,1997,9,11,13,19,23,29,34,42,52,69,78,83,85,93,96,99
clust_eq,UPmaxentropy,1998,2,14,15,27,45,46,50,51,53,54,57,69,79,83,86,87
clust_eq,UPmaxentropy,1999,15,33,34,35,41,43,55,62,65,68,71,83,86,90,93,99
clust_eq,UPmaxentropy,2000,16,20,34,35,39,45,46,47,56,69,73,74,81,83,91,99
grid_eq,lpm1,1,7,12,15,27,30,31,36,44,47,57,62,74,81,88,96,99
grid_eq,lpm1,2,9,13,17,21,30,37,44,56,60,62,74,79,81,83,86,98
grid_eq,lpm1,3,6,9,12,20,23,27,38,43,54,57,66,73,80,81,85,99
grid_eq,lpm1,4,3,7,21,24,28,38,40,45,52,55,67,72,79,80,86,94
grid_eq,lpm1,5,5,7,13,18,33,35,38,40,54,59,66,71,84,89,93,97
grid_eq,lpm1,6,5,18,22,26,30,34,42,49,55,58,63,72,75,77,80,99
grid_eq,lpm1,7,1,4,7,9,26,34,38,41,47,54,65,70,74,85,89,91
grid_eq,lpm1,8,4,13,17,20,21,24,33,37,52,56,60,67,73,80,88,94
grid_eq,lpm1,9,4,15,17,19,21,34,40,51,54,56,69,71,77,86,90,92
grid_eq,lpm1,10,5,14,19,21,28,35,43,48,56,63,70,77,79,81,94,96
grid_eq,lpm1,11,4,12,18,20,21,34,36,47,57,59,60,61,73,74,88,93
grid_eq,lpm1,12,1,18,23,30,32,37,45,54,57,68,74,80,83,91,95,97
grid_eq,lpm1,13,8,13,19,24,27,37,39,43,45,63,66,69,72,85,88,98
grid_eq,lpm1,14,12,17,19,25,31,37,40,44,53,57,59,72,78,83,95,99
grid_eq,lpm1,15,7,11,25,27,29,33,41,47,49,61,64,76,81,88,94,99
grid_eq,lpm1,16,4,11,12,19,35,37,39,42,52,54,57,60,69,86,92,96
grid_eq,lpm1,17,2,6,9,28,32,37,51,55,60,69,72,84,87,91,94,99
grid_eq,lpm1,18,2,9,13,14,16,33,37,39,48,62,64,73,81,87,90,95
grid_eq,lpm1,19,7,11,13,26,36,44,48,50,53,57,72,76,79,81,90,94
grid_eq,lpm1,20,4,7,11,19,23,27,47,52,57,64,70,75,83,87,90,92
grid_eq,lpm1,21,2,15,16,19,30,32,36,44,49,51,59,64,72,77,96,100
grid_eq,lpm1,22,1,15,19,23,32,35,40,43,58,61,73,75,77,79,90,94
grid_eq,lpm1,23,1,17,24,29,33,36,42,44,47,55,58,62,75,78,84,89
grid_eq,lpm1,24,6,12,14,18,19,35,40,43,58,63,65,72,87,90,94,99
grid_eq,lpm1,25,2,5,10,16,29,31,37,44,56,77,79,81,85,91,94,100
grid_eq,lpm1,26,4,7,12,29,35,43,47,49,53,56,60,73,75,78,87,94
grid_eq,lpm1,27,13,15,20,26,29,31,44,46,49,53,54,57,77,81,89,92
grid_eq,lpm1,28,6,12,18,29,33,37,42,55,58,60,61,74,81,83,86,90
grid_eq,lpm1,29,12,14,17,19,32,35,50,56,58,62,73,81,89,94,96,98
grid_eq,lpm1,30,5,6,19,22,26,40,44,56,62,64,69,71,77,90,92,97
grid_eq,lpm1,31,1,7,10,24,30,34,48,59,62,64,67,71,80,83,95,100
grid_eq,lpm1,32,2,7,22,25,29,36,44,56,60,68,73,74,79,87,91,93
grid_eq,lpm1,33,4,11,18,25,33,35,40,51,56,60,64,68,82,86,89,91
grid_eq,lpm1,34,5,7,21,28,30,33,42,45,58,64,71,77,78,80,84,95
grid_eq,lpm1,35,7,9,23,25,32,43,45,47,49,61,80,86,88,91,94,97
grid_eq,lpm1,36,12,15,19,26,33,36,39,55,58,60,61,73,74,87,94,97
grid_eq,lpm1,37,1,6,10,24,32,40,44,48,56,61,64,70,75,79,93,98
grid_eq,lpm1,38,8,13,15,21,30,35,37,41,49,59,62,64,82,88,90,96
grid_eq,lpm1,39,1,6,12,23,30,33,36,38,52,60,65,78,82,84,86,99
grid_eq,lpm1,40,4,8,16,20,21,43,47,50,51,56,70,72,74,77,81,98
grid_eq,lpm1,41,5,10,13,26,32,38,40,44,54,57,60,62,85,87,90,92
grid_eq,lpm1,42,10,14,18,22,32,35,41,46,49,52,66,68,72,74,94,98
grid_eq,lpm1,43,2,4,17,19,28,31,36,43,50,54,62,68,77,81,85,89
grid_eq,lpm1,44,4,10,12,16,28,33,44,49,51,58,60,64,72,78,83,96
grid_eq,lpm1,45,9,11,16,20,23,34,46,49,56,61,68,75,80,83,88,92
grid_eq,lpm1,46,7,11,14,18,32,35,38,49,53,72,74,76,78,90,92,95
grid_eq,lpm1,47,4,17,22,25,33,35,38,53,55,57,59,75,83,87,90,97
grid_eq,lpm1,48,5,7,11,20,43,46,49,50,57,65,71,74,78,83,87,91
grid_eq,lpm1,49,3,8,19,26,32,40,43,48,64,66,68,70,72,75,86,90
grid_eq,lpm1,50,5,7,12,29,31,35,38,59,63,72,75,78,81,84,87,90
grid_eq,lpm1,51,3,7,21,33,35,40,48,51,54,56,70,78,81,85,96,99
grid_eq,lpm1,52,8,15,21,23,30,34,37,49,54,59,61,66,75,89,91,97
grid_eq,lpm1,53,12,15,17,18,34,40,41,51,57,63,66,80,84,87,89,91
grid_eq,lpm1,54,3,9,12,16,21,28,36,42,50,57,63,74,76,78,92,99
grid_eq,lpm1,55,1,10,13,16,28,42,45,49,52,65,69,80,81,86,88,94
grid_eq,lpm1,56,4,8,11,24,27,32,40,48,53,65,70,73,77,92,94,99
grid_eq,lpm1,57,10,12,14,18,21,34,38,40,41,47,60,65,72,86,88,94
grid_eq,lpm1,58,14,17,19,20,21,26,42,47,53,54,56,65,71,76,80,93
grid_eq,lpm1,59,3,6,10,22,24,38,46,53,58,64,66,72,80,84,97,100
grid_eq,lpm1,60,1,4,13,16,29,32,37,45,49,54,57,63,79,82,85,97
grid_eq,lpm1,61,1,4,7,10,19,24,37,39,43,56,63,71,77,79,86,91
grid_eq,lpm1,62,10,14,18,21,32,39,41,44,47,59,65,68,75,81,92,99
grid_eq,lpm1,63,7,12,23,24,31,37,40,52,55,57,71,73,74,79,88,98
grid_eq,lpm1,64,4,22,24,28,30,39,42,55,57,62,70,75,81,83,87,99
grid_eq,lpm1,65,11,13,17,25,28,35,39,41,51,55,68,71,76,80,87,94
grid_eq,lpm1,66,4,9,13,20,34,36,41,54,58,63,67,69,71,78,84,98
grid_eq,lpm1,67,1,5,13,16,19,33,39,47,55,62,67,69,75,80,93,96
grid_eq,lpm1,68,7,13,16,20,22,34,47,50,53,55,62,76,80,81,95,97
grid_eq,lpm1,69,2,8,10,15,24,28,49,51,55,58,70,73,76,87,92,100
grid_eq,lpm1,70,4,8,21,24,26,28,42,48,53,56,61,76,81,88,97,100
grid_eq,lpm1,71,3,8,11,17,25,36,41,49,54,57,62,76,78,80,83,92
grid_eq,lpm1,72,10,11,13,22,26,28,34,37,48,60,65,74,78,81,86,93
grid_eq,lpm1,73,2,7,14,20,21,26,45,47,49,51,64,66,73,87,89,100
grid_eq,lpm1,74,8,10,11,15,23,31,43,48,50,56,65,69,71,83,85,99
grid_eq,lpm1,75,6,8,11,17,25,30,44,51,53,56,58,60,64,83,92,99
grid_eq,lpm1,76,6,9,21,24,27,42,44,46,56,60,64,69,72,76,88,96
grid_eq,lpm1,77,6,12,19,24,28,36,41,44,50,65,67,69,73,92,94,97
grid_eq,lpm1,78,9,16,22,28,31,35,38,52,60,68,73,76,80,82,93,97
grid_eq,lpm1,79,4,11,19,30,31,35,43,46,52,68,70,75,81,87,95,99
grid_eq,lpm1,80,2,4,19,25,27,31,36,43,50,57,69,73,75,86,89,93
grid_eq,lpm1,81,1,4,16,23,29,37,50,51,53,62,66,75,77,79,93,100
grid_eq,lpm1,82,3,8,11,25,31,35,44,48,50,56,74,80,82,88,94,99
grid_eq,lpm1,83,19,22,25,27,33,37,44,49,54,58,62,66,83,89,91,96
grid_eq,lpm1,84,6,11,13,18,30,36,38,41,55,57,62,75,79,82,90,94
grid_eq,lpm1,85,11,15,20,29,35,37,42,50,53,56,67,71,76,93,95,98
grid_eq,lpm1,86,7,10,12,15,21,24,37,45,52,59,64,76,78,81,83,98
grid_eq,lpm1,87,3,15,17,22,32,35,38,46,50,53,61,74,81,96,99,100
grid_eq,lpm1,88,11,17,18,24,33,39,41,45,57,60,64,71,80,88,94,96
grid_eq,lpm1,89,2,7,22,29,35,40,42,46,54,57,70,72,87,89,91,93
grid_eq,lpm1,90,1,4,13,17,18,20,38,41,44,61,69,78,82,85,87,92
grid_eq,lpm1,91,4,7,22,30,31,35,37,54,59,73,75,76,79,90,91,94
grid_eq,lpm1,92,6,12,17,20,25,37,39,42,55,58,62,77,79,83,96,98
grid_eq,lpm1,93,2,18,27,30,34,39,43,46,52,67,70,71,78,83,87,91
grid_eq,lpm1,94,4,7,19,25,34,40,47,51,59,64,70,72,86,91,95,100
grid_eq,lpm1,95,2,5,12,28,30,38,43,45,46,52,65,68,73,86,90,91
grid_eq,lpm1,96,6,20,21,24,38,42,45,47,57,60,73,76,88,92,94,100
grid_eq,lpm1,97,2,7,21,24,36,40,48,53,67,70,72,74,76,78,83,89
grid_eq,lpm1,98,1,8,20,23,27,35,37,41,53,58,70,74,79,81,87,96
grid_eq,lpm1,99,6,12,21,27,32,39,44,55,59,62,67,73,87,89,93,98
grid_eq,lpm1,100,12,16,25,27,30,39,47,51,54,67,73,78,81,84,96,98
grid_eq,lpm1,101,2,10,14,17,18,31,40,42,45,47,63,67,80,86,93,95
grid_eq,lpm1,102,3,10,12,15,28,41,45,46,59,65,71,74,88,90,91,94
grid_eq,lpm1,103,5,10,17,21,24,34,51,58,60,63,72,77,79,80,85,94
grid_eq,lpm1,104,5,13,17,19,21,28,44,48,51,55,63,70,76,82,90,95
grid_eq,lpm1,105,12,15,20,21,26,33,42,47,50,53,69,75,76,82,97,100
grid_eq,lpm1,106,13,15,17,21,33,35,37,40,41,57,73,76,79,81,85,98
grid_eq,lpm1,107,7,15,20,23,26,28,40,42,54,57,61,71,78,84,88,95
grid_eq,lpm1,108,6,13,19,27,33,36,41,58,64,66,73,78,89,90,94,96
grid_eq,lpm1,109,6,9,12,24,30,31,38,45,53,65,70,74,77,79,82,98
grid_eq,lpm1,110,3,11,17,20,24,39,45,51,58,64,72,75,80,82,88,100
grid_eq,lpm1,111,5,14,17,22,30,34,43,48,56,58,62,73,76,78,93,98
grid_eq,lpm1,112,1,15,19,28,34,36,40,42,53,56,58,65,72,80,88,96
grid_eq,lpm1,113,4,16,18,20,23,32,46,48,59,62,66,68,85,89,94,100
grid_eq,lpm1,114,1,15,22,26,30,38,44,53,58,61,64,80,89,92,96,98
grid_eq,lpm1,115,1,10,15,22,28,37,40,48,55,59,62,64,76,82,88,96
grid_eq,lpm1,116,9,12,14,16,39,41,43,47,55,62,66,68,75,81,90,95
grid_eq,lpm1,117,7,9,12,14,27,35,41,50,53,54,75,77,79,82,90,91
grid_eq,lpm1,118,3,12,14,20,28,35,42,50,55,56,70,71,83,90,95,97
grid_eq,lpm1,119,5,7,11,27,32,38,44,47,58,60,69,72,77,81,84,100
grid_eq,lpm1,120,8,12,17,21,25,36,38,43,58,62,64,70,75,82,87,99
grid_eq,lpm1,121,5,11,18,25,31,37,39,43,52,57,65,70,77,83,96,100
grid_eq,lpm1,122,11,14,18,36,43,44,49,50,57,62,70,73,77,91,96,99
grid_eq,lpm1,123,14,22,26,28,35,42,47,49,62,64,67,71,88,92,94,100
grid_eq,lpm1,124,6,18,19,22,25,31,43,50,53,58,65,66,68,71,86,95
grid_eq,lpm1,125,9,12,15,18,23,40,42,44,47,58,76,81,92,95,97,100
grid_eq,lpm1,126,9,14,22,25,34,38,40,51,54,60,62,67,81,86,89,94
grid_eq,lpm1,127,1,6,19,22,26,30,37,43,56,60,61,74,79,87,92,100
grid_eq,lpm1,128,8,13,22,27,34,39,48,52,55,66,71,77,80,85,92,99
grid_eq,lpm1,129,1,5,9,14,23,28,39,46,52,54,61,63,68,74,88,90
grid_eq,lpm1,130,8,11,12,14,27,30,32,38,52,69,71,73,76,84,89,98
grid_eq,lpm1,131,3,5,9,27,32,40,43,47,56,61,64,80,87,92,96,98
grid_eq,lpm1,132,1,16,21,23,28,32,39,43,46,51,58,70,76,84,98,100
grid_eq,lpm1,133,4,16,22,25,27,40,43,48,54,57,61,70,71,76,84,98
grid_eq,lpm1,134,10,12,24,29,34,37,40,51,56,60,63,69,72,76,84,97
grid_eq,lpm1,135,5,18,21,23,35,43,48,51,56,58,65,76,80,91,94,98
grid_eq,lpm1,136,2,10,15,17,23,35,40,48,51,66,70,75,81,86,93,98
grid_eq,lpm1,137,9,11,12,24,26,30,35,46,52,58,71,75,77,80,83,96
grid_eq,lpm1,138,4,6,19,22,37,40,48,54,61,63,68,75,80,82,93,97
grid_eq,lpm1,139,5,10,23,25,29,34,37,45,56,58,62,69,76,91,94,98
grid_eq,lpm1,140,5,16,19,22,32,37,39,56,61,65,70,81,84,86,89,99
grid_eq,lpm1,141,5,9,21,23,28,33,37,55,60,63,69,72,75,77,83,89
grid_eq,lpm1,142,8,12,15,26,29,32,45,50,52,66,68,71,77,80,86,91
grid_eq,lpm1,143,6,12,23,25,28,36,40,42,49,55,62,66,84,87,91,100
grid_eq,lpm1,144,9,15,17,21,23,32,47,55,61,67,69,72,74,80,96,100
grid_eq,lpm1,145,9,13,14,27,32,39,48,53,54,58,61,74,77,79,95,100
grid_eq,lpm1,146,4,9,12,25,30,37,43,51,58,65,66,70,81,84,90,92
grid_eq,lpm1,147,2,14,25,29,30,34,37,49,51,53,56,75,79,81,83,100
grid_eq,lpm1,148,2,5,8,24,27,30,42,45,48,55,62,64,69,77,83,97
grid_eq,lpm1,149,6,12,27,29,32,35,41,44,57,63,76,80,81,84,93,98
grid_eq,lpm1,150,2,14,18,20,25,29,31,37,55,60,61,73,78,80,86,94
grid_eq,lpm1,151,6,11,24,27,29,31,40,47,53,58,65,73,76,82,87,90
grid_eq,lpm1,152,3,8,17,21,29,36,42,44,54,56,62,71,79,95,98,100
grid_eq,lpm1,153,6,12,15,20,23,27,35,48,56,61,69,74,80,87,91,100
grid_eq,lpm1,154,4,10,12,15,17,41,43,47,49,65,67,69,72,83,94,97
grid_eq,lpm1,155,1,12,17,25,29,37,42,50,55,61,64,67,72,94,97,100
grid_eq,lpm1,156,4,8,23,26,32,34,38,40,63,64,67,71,79,84,88,92
grid_eq,lpm1,157,5,11,19,28,31,35,38,49,52,54,68,70,72,75,88,94
grid_eq,lpm1,158,3,8,20,25,42,46,48,51,55,68,73,77,86,94,98,100
grid_eq,lpm1,159,4,11,18,25,30,31,34,36,45,60,72,76,82,89,94,96
grid_eq,lpm1,160,4,7,11,28,37,42,45,53,58,62,69,71,77,84,90,98
grid_eq,lpm1,161,4,10,22,28,31,34,36,48,52,56,59,79,82,84,87,99
grid_eq,lpm1,162,3,10,16,21,29,33,44,48,51,57,69,75,77,81,89,93
grid_eq,lpm1,163,1,15,17,35,37,43,50,51,58,65,70,71,78,83,94,98
grid_eq,lpm1,164,9,16,18,23,24,35,41,55,56,60,61,68,82,90,94,97
grid_eq,lpm1,165,1,17,23,28,33,38,42,46,61,69,72,75,78,83,95,98
grid_eq,lpm1,166,4,13,16,18,21,29,46,50,51,54,58,66,72,74,83,88
grid_eq,lpm1,167,8,14,23,29,31,34,42,47,55,58,60,75,78,92,94,97
grid_eq,lpm1,168,4,8,12,13,17,32,34,40,53,58,61,75,76,80,81,97
grid_eq,lpm1,169,3,10,15,22,26,44,48,51,56,62,69,74,76,81,83,90
grid_eq,lpm1,170,2,16,18,22,24,35,52,59,60,65,67,76,81,89,95,100
grid_eq,lpm1,171,5,11,16,20,36,38,41,53,56,65,69,72,77,92,95,98
grid_eq,lpm1,172,1,5,19,23,34,42,46,50,53,57,75,81,87,88,90,94
grid_eq,lpm1,173,1,5,7,18,22,37,39,43,55,57,63,64,70,72,78,98
grid_eq,lpm1,174,3,5,17,19,21,37,44,49,51,69,74,80,82,86,95,99
grid_eq,lpm1,175,4,10,11,23,28,34,42,47,54,60,63,68,82,86,92,99
grid_eq,lpm1,176,3,10,17,21,30,31,34,37,52,64,69,72,77,84,86,99
grid_eq,lpm1,177,2,6,8,20,23,38,41,44,55,58,63,77,80,81,83,87
grid_eq,lpm1,178,7,10,11,24,27,36,43,47,49,60,61,64,82,89,94,97
grid_eq,lpm1,179,3,21,24,26,28,30,42,56,59,65,71,79,82,84,87,96
grid_eq,lpm1,180,10,26,28,31,37,42,44,49,57,62,76,78,83,85,90,98
grid_eq,lpm1,181,3,6,8,23,30,31,37,46,50,53,61,70,74,77,83,88
grid_eq,lpm1,182,5,7,19,22,28,32,35,37,55,66,68,73,86,92,94,99
grid_eq,lpm1,183,12,16,18,25,31,36,39,53,57,70,71,79,85,87,92,97
grid_eq,lpm1,184,4,11,12,20,26,32,35,48,50,57,63,65,72,79,96,98
grid_eq,lpm1,185,7,21,23,27,32,34,38,40,52,55,68,70,73,93,96,98
grid_eq,lpm1,186,1,4,6,9,23,31,34,47,50,56,65,69,72,76,94,97
grid_eq,lpm1,187,9,11,14,25,30,36,39,43,65,66,71,74,79,92,95,100
grid_eq,lpm1,188,1,9,15,23,24,28,35,49,58,61,65,70,72,78,85,96
grid_eq,lpm1,189,2,9,15,16,31,33,38,44,46,59,62,65,68,71,84,90
grid_eq,lpm1,190,6,13,17,28,32,34,53,54,58,60,66,71,88,91,96,99
grid_eq,lpm1,191,5,13,16,18,32,36,53,57,60,66,73,79,85,94,97,100
grid_eq,lpm1,192,9,12,14,16,28,31,35,39,43,64,69,76,80,82,84,88
grid_eq,lpm1,193,2,4,20,21,28,35,50,52,57,64,66,80,81,83,93,97
grid_eq,lpm1,194,9,13,14,17,28,40,42,45,51,57,69,73,76,87,94,99
grid_eq,lpm1,195,1,15,17,22,29,37,50,54,63,69,72,74,76,78,95,97
grid_eq,lpm1,196,10,11,16,38,43,45,46,50,61,64,68,80,88,91,95,97
grid_eq,lpm1,197,2,6,19,25,28,31,45,47,52,55,59,77,80,81,85,88
grid_eq,lpm1,198,1,3,8,10,36,38,41,44,47,56,63,65,71,84,90,99
grid_eq,lpm1,199,2,5,9,23,24,28,38,42,46,53,54,68,81,86,97,99
grid_eq,lpm1,200,5,12,25,27,29,31,37,43,44,49,62,71,84,86,88,95
grid_eq,lpm1,201,3,16,19,21,23,28,36,48,53,59,66,73,78,91,94,100
grid_eq,lpm1,202,2,7,9,22,28,42,45,57,59,62,64,71,77,80,86,92
grid_eq,lpm1,203,3,15,16,18,33,34,51,56,58,63,65,70,74,82,86,88
grid_eq,lpm1,204,1,4,17,28,34,40,41,49,55,57,63,71,74,76,89,95
grid_eq,lpm1,205,1,10,16,18,24,32,40,43,46,55,58,66,75,81,88,93
grid_eq,lpm1,206,10,11,13,15,18,45,48,51,54,59,63,70,77,83,86,98
grid_eq,lpm1,207,12,18,23,25,27,31,37,45,50,58,63,64,78,82,96,100
grid_eq,lpm1,208,12,17,19,21,25,28,30,42,46,49,55,63,68,86,88,92
grid_eq,lpm1,209,11,13,15,17,20,44,46,54,57,60,63,71,75,77,92,98
grid_eq,lpm1,210,5,11,17,22,30,34,37,42,49,63,65,79,84,87,91,100
grid_eq,lpm1,211,1,5,8,13,16,39,41,43,46,54,58,67,76,81,88,92
grid_eq,lpm1,212,9,12,17,21,33,36,38,41,49,52,58,72,75,76,78,90
grid_eq,lpm1,213,6,9,14,23,27,33,35,38,54,58,60,72,74,77,90,95
grid_eq,lpm1,214,1,14,26,28,32,35,40,47,60,62,67,69,71,83,89,97
grid_eq,lpm1,215,7,11,13,18,20,24,37,41,46,53,66,75,86,90,91,94
grid_eq,lpm1,216,9,12,15,29,31,37,49,54,56,61,72,85,88,90,93,98
grid_eq,lpm1,217,2,14,17,22,34,38,40,43,57,68,69,76,81,85,93,98
grid_eq,lpm1,218,8,10,12,23,26,43,49,54,57,63,69,72,75,78,83,89
grid_eq,lpm1,219,3,5,10,21,27,40,44,49,61,64,68,70,79,94,97,99
grid_eq,lpm1,220,2,5,9,12,18,32,37,43,49,57,64,73,79,80,84,86
grid_eq,lpm1,221,5,10,11,16,18,32,37,44,55,62,67,78,83,89,94,96
grid_eq,lpm1,222,3,9,20,27,33,36,41,45,50,65,66,70,71,83,88,96
grid_eq,lpm1,223,2,6,10,21,25,28,39,47,55,59,62,74,76,81,89,90
grid_eq,lpm1,224,10,12,17,21,23,44,46,49,50,62,74,78,82,87,95,100
grid_eq,lpm1,225,2,6,18,24,35,37,42,53,57,59,71,79,84,88,92,96
grid_eq,lpm1,226,1,4,7,20,23,33,40,45,46,53,57,71,73,79,86,95
grid_eq,lpm1,227,4,6,11,23,35,40,48,55,60,68,72,77,83,89,94,96
grid_eq,lpm1,228,1,7,13,19,28,31,34,36,43,49,69,71,76,92,97,99
grid_eq,lpm1,229,6,8,11,23,26,29,35,40,49,53,57,61,66,73,85,89
grid_eq,lpm1,230,1,6,22,24,30,39,41,46,55,62,64,68,77,80,92,96
grid_eq,lpm1,231,1,6,10,23,26,28,46,52,54,66,68,80,86,93,96,98
grid_eq,lpm1,232,3,9,15,26,39,42,45,51,55,56,59,62,75,83,98,100
grid_eq,lpm1,233,3,8,15,19,32,37,39,52,64,66,70,81,84,90,92,98
grid_eq,lpm1,234,3,8,11,14,26,30,39,44,55,58,75,86,90,91,94,97
grid_eq,lpm1,235,6,12,14,20,26,32,38,44,51,57,69,78,82,85,87,97
grid_eq,lpm1,236,3,9,16,21,25,29,36,43,44,48,76,80,83,84,88,91
grid_eq,lpm1,237,12,15,16,20,29,31,42,46,48,65,67,68,74,89,91,98
grid_eq,lpm1,238,5,7,12,25,29,31,33,49,52,63,66,69,70,83,85,99
grid_eq,lpm1,239,1,3,7,14,20,29,36,42,53,64,69,84,86,92,97,99
grid_eq,lpm1,240,3,18,24,26,29,33,46,52,59,60,65,71,77,93,96,100
grid_eq,lpm1,241,3,11,17,25,29,32,47,54,58,60,67,76,82,85,93,97
grid_eq,lpm1,242,2,17,20,22,25,28,35,51,58,69,74,77,81,83,95,98
grid_eq,lpm1,243,3,4,10,21,28,32,47,51,58,60,64,76,81,84,89,90
grid_eq,lpm1,244,1,4,18,27,35,44,48,51,55,59,66,73,90,91,94,97
grid_eq,lpm1,245,1,7,20,22,26,35,38,41,52,54,56,59,83,86,91,99
grid_eq,lpm1,246,3,5,21,28,30,32,34,37,56,61,70,75,76,83,88,96
grid_eq,lpm1,247,1,3,6,10,22,27,38,46,52,65,68,72,74,80,86,98
grid_eq,lpm1,248,3,5,17,19,34,38,41,53,57,60,75,79,81,93,98,100
grid_eq,lpm1,249,1,16,24,27,29,33,38,41,53,59,66,72,75,78,90,95
grid_eq,lpm1,250,6,12,14,30,32,38,41,45,50,54,59,72,77,83,85,100
grid_eq,lpm1,251,1,4,7,22,28,30,34,49,51,56,65,68,85,90,92,99
grid_eq,lpm1,252,2,5,14,21,25,29,49,50,52,54,56,58,84,86,92,100
grid_eq,lpm1,253,12,14,16,29,33,44,49,55,60,67,75,80,81,84,88,93
grid_eq,lpm1,254,3,9,15,22,26,29,46,51,53,58,60,64,72,75,89,95
grid_eq,lpm1,255,3,7,19,24,28,42,44,49,56,62,68,75,80,86,91,100
grid_eq,lpm1,256,1,4,10,19,26,32,39,57,60,63,64,72,85,89,91,98
grid_eq,lpm1,257,5,10,11,16,18,24,31,43,48,65,68,80,82,84,86,100
grid_eq,lpm1,258,2,5,26,28,30,43,44,46,49,67,73,74,76,81,90,94
grid_eq,lpm1,259,2,7,18,29,33,35,38,51,58,60,63,66,71,82,88,94
grid_eq,lpm1,260,3,5,10,12,18,26,43,44,48,52,70,74,78,87,92,98
grid_eq,lpm1,261,17,18,21,24,33,39,45,53,57,59,61,64,70,85,92,97
grid_eq,lpm1,262,1,8,16,23,31,37,40,45,57,63,77,84,88,92,99,100
grid_eq,lpm1,263,2,4,6,19,25,32,40,44,46,59,63,67,72,89,94,97
grid_eq,lpm1,264,3,7,22,30,35,37,39,41,54,60,65,71,74,79,97,99
grid_eq,lpm1,265,3,21,26,28,33,41,46,48,50,53,57,64,69,89,92,95
grid_eq,lpm1,266,3,9,17,22,34,37,40,48,55,61,63,68,70,84,88,92
grid_eq,lpm1,267,4,20,22,27,34,39,41,48,56,59,62,67,82,88,93,100
grid_eq,lpm1,268,2,8,17,20,24,31,36,48,51,54,57,63,83,87,96,100
grid_eq,lpm1,269,4,10,12,24,26,28,40,41,47,55,67,71,78,84,93,98
grid_eq,lpm1,270,14,22,26,34,38,46,51,63,67,68,70,71,75,94,98,100
grid_eq,lpm1,271,5,8,11,17,29,31,36,38,55,60,62,69,84,93,95,98
grid_eq,lpm1,272,2,10,17,22,25,34,36,50,54,62,69,73,74,88,94,99
grid_eq,lpm1,273,12,17,19,33,36,39,42,44,58,61,64,70,84,91,97,100
grid_eq,lpm1,274,4,6,11,13,18,29,35,43,52,57,77,80,83,84,86,98
grid_eq,lpm1,275,4,7,19,21,24,27,39,43,47,62,65,77,79,90,91,94
grid_eq,lpm1,276,1,7,9,14,25,42,44,48,58,62,66,71,78,90,91,96
grid_eq,lpm1,277,2,8,15,33,35,38,40,41,54,67,72,84,88,90,92,96
grid_eq,lpm1,278,8,12,15,17,30,38,46,53,56,59,61,65,80,85,91,98
grid_eq,lpm1,279,2,15,26,29,40,42,45,48,53,57,65,69,81,88,93,96
grid_eq,lpm1,280,7,9,22,25,31,36,39,43,55,56,61,63,79,89,94,100
grid_eq,lpm1,281,5,10,11,16,30,37,42,45,60,63,66,68,72,75,94,98
grid_eq,lpm1,282,13,15,18,20,32,34,46,48,52,62,68,70,74,77,93,97
grid_eq,lpm1,283,3,11,15,18,29,32,45,47,49,57,61,65,69,91,94,99
grid_eq,lpm1,284,9,13,17,21,35,38,46,53,59,64,76,81,85,89,90,96
grid_eq,lpm1,285,1,14,20,22,28,37,45,48,50,52,57,64,76,84,95,97
grid_eq,lpm1,286,6,14,22,27,29,31,45,55,57,59,62,77,80,85,92,99
grid_eq,lpm1,287,7,12,19,21,24,39,45,48,53,58,62,66,75,82,86,98
grid_eq,lpm1,288,1,9,23,26,29,41,46,49,53,57,62,76,78,81,84,90
grid_eq,lpm1,289,5,13,16,19,38,40,42,53,55,59,72,82,84,87,98,100
grid_eq,lpm1,290,1,7,20,23,27,33,37,51,55,58,70,73,85,92,97,100
grid_eq,lpm1,291,6,12,14,20,32,34,39,46,57,60,62,65,77,92,95,100
grid_eq,lpm1,292,9,13,25,29,33,37,41,55,58,63,67,72,79,86,95,97
grid_eq,lpm1,293,2,5,17,23,28,44,47,56,60,61,68,72,74,76,79,94
grid_eq,lpm1,294,7,14,20,21,23,36,39,41,56,58,71,78,84,89,92,94
grid_eq,lpm1,295,2,9,17,22,26,37,44,49,52,55,68,71,74,86,90,99
grid_eq,lpm1,296,11,13,17,29,36,39,43,45,56,59,77,81,85,89,93,97
grid_eq,lpm1,297,4,10,17,22,30,31,36,48,55,70,72,74,78,87,91,95
grid_eq,lpm1,298,4,9,23,29,33,42,47,54,60,62,65,69,85,88,91,99
grid_eq,lpm1,299,6,8,12,26,30,41,43,54,58,60,61,67,83,87,95,99
grid_eq,lpm1,300,12,16,19,24,35,39,41,43,52,68,70,72,74,77,89,92
grid_eq,lpm1,301,3,5,7,10,18,22,25,43,47,50,59,65,83,84,88,95
grid_eq,lpm1,302,4,7,23,39,43,44,48,50,51,56,70,71,78,83,95,97
grid_eq,lpm1,303,8,10,11,13,27,37,42,44,63,65,68,70,72,85,92,99
grid_eq,lpm1,304,4,7,18,23,25,30,33,47,61,64,68,70,72,75,87,99
grid_eq,lpm1,305,4,12,20,21,26,29,32,35,38,57,63,74,79,80,83,96
grid_eq,lpm1,306,1,23,26,29,32,35,38,49,56,58,61,63,74,83,94,98
grid_eq,lpm1,307,8,10,11,14,22,34,36,51,54,60,69,73,75,77,81,90
grid_eq,lpm1,308,14,17,19,22,35,36,41,48,50,54,61,63,76,87,98,100
grid_eq,lpm1,309,5,17,19,22,25,31,36,38,43,54,61,68,80,82,85,92
grid_eq,lpm1,310,6,10,14,17,21,33,44,48,50,62,65,68,76,80,83,85
grid_eq,lpm1,311,1,10,14,16,28,37,42,44,57,59,63,76,78,81,85,89
grid_eq,lpm1,312,3,10,12,15,19,37,42,48,54,62,66,78,82,87,93,96
grid_eq,lpm1,313,3,11,18,26,30,34,42,47,51,56,58,65,72,79,85,88
grid_eq,lpm1,314,11,18,23,25,27,30,32,48,55,61,66,69,77,92,98,100
grid_eq,lpm1,315,2,15,17,19,21,39,50,56,61,65,77,81,84,87,90,93
grid_eq,lpm1,316,3,15,24,29,33,37,50,54,57,65,68,72,84,87,90,92
grid_eq,lpm1,317,3,7,10,22,25,34,41,46,55,58,61,63,70,90,96,98
grid_eq,lpm1,318,4,22,25,28,30,36,41,47,55,59,61,63,77,83,85,90
grid_eq,lpm1,319,14,20,21,26,28,43,45,46,49,58,73,79,81,87,94,96
grid_eq,lpm1,320,4,6,20,21,27,36,39,42,52,54,58,67,74,79,92,99
grid_eq,lpm1,321,6,8,11,23,29,31,34,48,57,61,65,78,83,90,94,96
grid_eq,lpm1,322,2,15,17,21,23,29,36,42,48,51,56,64,77,79,94,99
grid_eq,lpm1,323,4,10,15,22,26,40,43,45,49,53,68,74,89,90,91,96
grid_eq,lpm1,324,8,11,15,17,20,32,35,38,43,59,66,72,88,92,94,96
grid_eq,lpm1,325,2,9,13,17,33,34,39,46,53,66,71,75,77,83,90,98
grid_eq,lpm1,326,6,12,18,22,24,35,37,41,50,55,59,67,72,80,92,100
grid_eq,lpm1,327,7,13,18,21,26,43,47,50,51,55,59,73,76,78,84,97
grid_eq,lpm1,328,3,5,10,18,36,39,42,44,58,65,72,76,78,89,93,100
grid_eq,lpm1,329,9,12,24,28,34,37,39,43,70,74,76,78,82,91,95,100
grid_eq,lpm1,330,7,12,15,20,21,41,47,50,57,64,70,71,75,76,83,88
grid_eq,lpm1,331,4,19,21,24,27,32,35,39,47,51,57,68,72,74,88,95
grid_eq,lpm1,332,6,17,20,21,23,39,42,55,57,63,69,74,77,81,94,98
grid_eq,lpm1,333,3,8,12,24,26,29,38,43,59,62,68,75,81,83,89,97
grid_eq,lpm1,334,11,17,23,25,29,37,40,52,64,67,72,78,81,84,86,99
grid_eq,lpm1,335,2,7,15,21,27,29,42,45,49,51,64,68,73,77,97,99
grid_eq,lpm1,336,4,12,17,28,30,31,42,44,55,70,76,79,82,92,95,100
grid_eq,lpm1,337,4,10,12,16,23,29,51,53,54,57,66,68,83,94,98,100
grid_eq,lpm1,338,2,10,15,16,18,21,33,38,59,61,64,70,73,78,86,94
grid_eq,lpm1,339,11,14,17,18,23,39,45,53,62,65,67,70,77,82,86,100
grid_eq,lpm1,340,1,13,17,25,29,32,40,59,61,64,66,79,82,87,95,100
grid_eq,lpm1,341,6,10,11,13,22,28,43,45,46,48,64,72,84,89,93,97
grid_eq,lpm1,342,11,19,24,28,32,37,43,45,58,65,66,70,79,82,93,95
grid_eq,lpm1,343,9,20,22,26,32,41,45,46,49,58,62,86,91,94,97,99
grid_eq,lpm1,344,5,8,10,21,28,33,34,40,48,61,65,67,70,73,87,95
grid_eq,lpm1,345,6,12,25,27,29,31,49,51,57,65,72,76,84,92,97,100
grid_eq,lpm1,346,2,9,15,18,23,36,45,48,50,51,66,68,73,84,96,99
grid_eq,lpm1,347,10,17,21,24,26,34,40,48,53,57,65,71,82,84,86,97
grid_eq,lpm1,348,10,14,19,23,26,38,45,54,56,59,61,74,79,88,93,97
grid_eq,lpm1,349,7,12,18,23,29,32,37,44,56,63,69,71,85,90,94,97
grid_eq,lpm1,350,6,10,14,25,29,32,39,44,53,61,64,77,79,85,88,93
grid_eq,lpm1,351,2,8,15,17,23,28,43,47,61,63,70,74,76,83,89,97
grid_eq,lpm1,352,4,8,11,15,27,31,35,37,40,54,59,62,67,79,85,93
grid_eq,lpm1,353,5,11,17,23,29,42,47,49,55,60,63,72,76,89,95,97
grid_eq,lpm1,354,4,7,12,23,26,39,40,41,45,63,68,76,82,85,96,99
grid_eq,lpm1,355,8,14,22,27,30,41,43,49,55,57,62,70,78,82,84,90
grid_eq,lpm1,356,4,7,11,30,38,41,44,49,58,63,70,71,75,78,86,91
grid_eq,lpm1,357,4,12,23,26,30,34,39,47,52,55,69,71,75,83,98,100
grid_eq,lpm1,358,4,17,19,31,36,42,44,48,60,63,65,67,74,78,92,96
grid_eq,lpm1,359,3,5,8,11,29,36,38,45,52,54,66,68,75,82,88,92
grid_eq,lpm1,360,2,7,15,20,24,32,35,47,49,52,66,72,74,86,90,97
grid_eq,lpm1,361,1,3,10,17,22,32,34,38,54,61,68,80,81,87,89,93
grid_eq,lpm1,362,1,7,18,20,21,25,42,49,54,56,61,67,72,79,96,98
grid_eq,lpm1,363,10,14,25,27,33,39,42,51,58,71,74,76,79,88,92,97
grid_eq,lpm1,364,5,10,12,27,28,31,40,46,54,63,68,73,76,84,89,97
grid_eq,lpm1,365,6,18,22,32,38,40,41,45,47,67,71,75,79,93,97,99
grid_eq,lpm1,366,6,11,19,23,30,34,36,39,41,55,75,80,83,87,92,97
grid_eq,lpm1,367,3,5,9,12,29,36,42,49,51,53,55,66,74,78,82,97
grid_eq,lpm1,368,14,19,21,26,35,40,42,46,57,62,67,83,85,87,89,91
grid_eq,lpm1,369,3,6,18,24,33,39,41,47,55,59,62,64,77,79,88,94
grid_eq,lpm1,370,5,14,18,20,21,27,33,42,49,61,65,68,72,80,86,88
grid_eq,lpm1,371,4,6,11,19,25,30,45,48,51,64,70,76,79,87,91,95
grid_eq,lpm1,372,3,16,19,28,31,35,46,53,58,62,65,72,79,84,86,99
grid_eq,lpm1,373,4,10,13,24,28,40,41,46,56,63,70,74,77,81,92,99
grid_eq,lpm1,374,4,13,16,18,20,38,44,50,56,62,73,75,77,80,91,96
grid_eq,lpm1,375,9,12,16,24,30,37,42,52,56,60,65,71,78,84,89,95
grid_eq,lpm1,376,2,20,23,25,27,37,41,49,62,65,69,70,86,91,95,97
grid_eq,lpm1,377,7,14,19,20,21,35,38,42,60,63,67,79,82,88,94,97
grid_eq,lpm1,378,2,13,17,20,37,42,45,49,52,64,69,72,75,83,89,94
grid_eq,lpm1,379,10,12,13,18,27,35,46,52,67,70,75,77,92,94,97,100
grid_eq,lpm1,380,11,14,18,20,26,29,33,53,57,60,64,71,76,85,87,99
grid_eq,lpm1,381,11,15,17,19,33,39,46,53,57,59,75,78,82,91,96,98
grid_eq,lpm1,382,8,12,14,27,30,43,47,50,61,64,66,69,87,91,95,98
grid_eq,lpm1,383,7,11,24,26,40,43,44,51,57,65,78,81,85,90,92,96
grid_eq,lpm1,384,2,6,10,23,29,35,50,51,57,59,62,74,76,90,93,95
grid_eq,lpm1,385,4,6,18,24,32,35,41,44,47,60,67,74,92,95,97,100
grid_eq,lpm1,386,2,14,17,19,22,42,45,48,50,56,62,69,74,88,94,98
grid_eq,lpm1,387,1,4,17,25,30,32,47,54,60,62,68,73,76,82,89,96
grid_eq,lpm1,388,7,10,12,25,33,39,46,55,61,64,68,73,76,85,98,100
grid_eq,lpm1,389,1,5,9,17,23,32,40,41,47,55,64,67,69,73,94,100
grid_eq,lpm1,390,13,16,19,22,31,33,37,49,52,64,66,82,87,90,95,98
grid_eq,lpm1,391,5,8,16,21,24,42,47,50,54,56,70,72,78,84,91,100
grid_eq,lpm1,392,1,7,23,25,27,31,40,47,51,55,63,79,80,91,95,97
grid_eq,lpm1,393,2,14,16,18,23,39,47,50,54,62,68,75,81,87,89,94
grid_eq,lpm1,394,3,6,14,29,30,36,42,47,54,66,72,83,85,87,97,100
grid_eq,lpm1,395,4,8,12,29,34,40,43,46,49,52,67,74,76,88,94,97
grid_eq,lpm1,396,4,12,19,23,30,32,37,48,57,61,65,70,79,81,86,95
grid_eq,lpm1,397,12,16,19,23,32,35,48,54,56,58,74,78,87,89,92,94
grid_eq,lpm1,398,4,8,17,22,29,34,43,51,56,59,68,73,74,87,91,99
grid_eq,lpm1,399,1,16,18,21,24,30,36,43,48,62,64,76,79,82,87,100
grid_eq,lpm1,400,5,9,22,24,31,39,47,52,56,59,68,71,73,79,94,97
grid_eq,lpm1,401,2,8,11,17,24,33,35,46,48,59,65,79,80,81,92,95
grid_eq,lpm1,402,3,7,14,18,21,39,43,44,47,65,74,77,80,82,88,100
grid_eq,lpm1,403,2,5,10,16,27,30,31,35,43,48,54,77,79,84,97,100
grid_eq,lpm1,404,8,13,14,19,36,42,45,52,56,59,65,72,79,85,93,98
grid_eq,lpm1,405,2,16,20,25,37,42,45,57,59,63,70,74,79,83,86,90
grid_eq,lpm1,406,4,7,13,19,21,28,44,48,52,66,69,75,77,83,97,99
grid_eq,lpm1,407,3,10,15,17,32,37,45,52,57,64,69,80,82,88,91,94
grid_eq,lpm1,408,5,8,13,26,34,40,42,55,61,70,75,76,78,90,92,97
grid_eq,lpm1,409,3,20,23,25,27,45,47,50,51,53,67,78,81,84,86,99
grid_eq,lpm1,410,5,9,16,22,36,48,50,54,56,62,64,69,71,87,92,98
grid_eq,lpm1,411,2,7,9,16,25,31,34,38,50,52,55,58,73,84,97,99
grid_eq,lpm1,412,7,14,28,31,40,42,44,56,58,62,64,69,76,82,91,96
grid_eq,lpm1,413,5,12,20,26,29,40,43,47,54,61,77,86,90,91,93,98
grid_eq,lpm1,414,11,15,20,28,36,39,44,51,53,55,60,66,73,79,91,96
grid_eq,lpm1,415,7,10,16,21,23,35,39,41,60,66,69,73,75,82,86,88
grid_eq,lpm1,416,4,6,20,21,25,27,41,44,59,64,72,76,80,88,94,100
grid_eq,lpm1,417,3,11,16,18,27,36,40,41,48,52,57,66,72,79,81,100
grid_eq,lpm1,418,3,7,22,27,35,42,46,49,59,64,71,78,82,84,95,97
grid_eq,lpm1,419,6,21,24,26,29,40,41,43,56,58,72,74,78,86,96,99
grid_eq,lpm1,420,12,15,16,19,21,34,36,42,49,63,69,71,76,80,95,100
grid_eq,lpm1,421,3,8,23,26,31,36,49,52,56,60,76,81,84,90,93,98
grid_eq,lpm1,422,1,7,20,24,33,36,39,45,51,58,63,66,79,84,87,94
grid_eq,lpm1,423,11,17,23,26,29,31,34,49,63,65,68,70,71,77,92,97
grid_eq,lpm1,424,13,21,25,27,28,30,33,41,44,56,67,73,84,89,96,100
grid_eq,lpm1,425,3,17,22,29,36,41,43,45,49,62,65,76,80,89,92,95
grid_eq,lpm1,426,2,14,16,18,20,31,39,43,48,62,64,70,78,83,94,97
grid_eq,lpm1,427,3,16,19,22,25,31,37,39,45,61,67,80,85,89,91,97
grid_eq,lpm1,428,10,13,16,18,21,32,34,45,50,53,59,71,83,85,88,97
grid_eq,lpm1,429,2,4,9,27,29,30,33,45,47,53,69,72,84,87,93,99
grid_eq,lpm1,430,3,7,15,19,31,38,45,49,51,57,63,65,76,84,88,91
grid_eq,lpm1,431,4,8,22,27,32,37,39,44,59,62,65,71,76,79,93,98
grid_eq,lpm1,432,3,9,11,17,24,28,43,47,50,62,66,73,78,80,89,95
grid_eq,lpm1,433,2,9,16,24,42,45,46,50,54,59,67,71,75,89,92,95
grid_eq,lpm1,434,3,7,15,23,27,30,32,43,45,48,65,77,81,87,92,98
grid_eq,lpm1,435,8,22,25,29,39,41,43,50,55,56,72,76,79,85,93,98
grid_eq,lpm1,436,1,4,7,18,20,31,35,47,53,56,59,64,76,92,97,100
grid_eq,lpm1,437,2,16,18,21,24,30,35,55,57,61,75,79,83,88,91,100
grid_eq,lpm1,438,4,7,11,24,29,42,47,53,55,58,60,71,77,86,92,96
grid_eq,lpm1,439,3,6,9,14,21,29,33,36,54,58,61,66,70,72,87,94
grid_eq,lpm1,440,7,12,19,26,38,41,45,47,62,66,69,74,87,91,96,100
grid_eq,lpm1,441,2,17,20,25,34,39,43,52,56,58,63,77,80,84,91,95
grid_eq,lpm1,442,5,11,16,20,25,31,45,50,51,55,63,66,68,84,89,96
grid_eq,lpm1,443,1,14,27,29,35,41,43,48,56,62,69,71,73,87,92,96
grid_eq,lpm1,444,4,9,22,27,29,40,41,46,53,57,60,72,74,77,95,98
grid_eq,lpm1,445,16,19,21,25,27,38,46,51,54,70,78,81,84,94,97,100
grid_eq,lpm1,446,8,10,13,16,36,43,44,58,63,66,71,75,83,89,97,99
grid_eq,lpm1,447,5,7,10,12,29,35,37,52,58,63,66,70,72,83,88,97
grid_eq,lpm1,448,1,6,19,26,30,32,35,50,61,70,75,76,83,84,89,98
grid_eq,lpm1,449,5,6,9,12,32,37,45,49,51,56,74,77,78,79,83,96
grid_eq,lpm1,450,6,9,23,25,30,44,46,51,60,62,65,68,77,82,90,95
grid_eq,lpm1,451,2,4,7,26,29,42,46,48,52,65,66,69,73,80,95,99
grid_eq,lpm1,452,3,5,10,16,21,27,30,33,44,59,71,78,80,81,84,98
grid_eq,lpm1,453,6,9,14,17,22,31,45,50,56,58,65,69,72,76,88,94
grid_eq,lpm1,454,3,6,8,23,27,42,45,46,49,54,62,75,77,87,89,94
grid_eq,lpm1,455,3,16,23,29,33,37,45,48,59,62,67,75,78,80,83,93
grid_eq,lpm1,456,3,15,16,22,28,31,34,36,49,62,64,66,84,86,90,92
grid_eq,lpm1,457,3,18,23,24,26,39,44,50,51,58,64,66,73,91,94,100
grid_eq,lpm1,458,6,12,17,24,29,31,34,38,50,54,67,82,85,88,97,100
grid_eq,lpm1,459,1,10,16,18,22,24,42,46,48,55,72,76,90,91,93,97
grid_eq,lpm1,460,5,9,14,26,30,42,47,51,65,69,70,71,77,78,95,97
grid_eq,lpm1,461,5,11,12,24,27,38,40,44,53,56,59,73,78,92,96,100
grid_eq,lpm1,462,10,14,22,26,29,31,38,44,51,55,59,63,79,82,90,95
grid_eq,lpm1,463,2,7,9,13,26,28,31,44,48,57,73,77,79,84,90,96
grid_eq,lpm1,464,1,14,16,19,32,40,45,47,51,60,62,65,76,78,90,93
grid_eq,lpm1,465,7,10,12,19,25,40,42,45,56,59,62,64,80,82,88,95
grid_eq,lpm1,466,16,22,24,29,30,34,36,60,61,65,69,73,76,88,92,97
grid_eq,lpm1,467,10,14,16,23,27,29,34,42,50,52,65,76,79,82,85,88
grid_eq,lpm1,468,5,11,17,19,23,36,41,44,48,50,52,65,69,72,94,100
grid_eq,lpm1,469,4,10,12,27,31,36,38,56,58,61,69,75,81,95,97,99
grid_eq,lpm1,470,6,8,12,24,28,33,35,57,60,62,74,77,82,85,90,99
grid_eq,lpm1,471,2,4,8,11,16,29,55,60,61,64,68,80,81,87,94,99
grid_eq,lpm1,472,5,10,17,21,23,25,40,42,46,48,63,68,74,76,82,97
grid_eq,lpm1,473,12,15,17,19,21,40,45,52,59,68,72,75,76,79,91,100
grid_eq,lpm1,474,9,11,13,17,33,36,38,54,56,58,61,70,73,85,87,100
grid_eq,lpm1,475,18,21,25,30,34,41,49,54,57,61,66,68,72,74,89,100
grid_eq,lpm1,476,2,8,20,21,25,28,42,46,57,64,73,77,84,92,97,99
grid_eq,lpm1,477,8,12,16,24,37,40,42,45,53,56,59,76,82,91,97,99
grid_eq,lpm1,478,2,16,18,20,22,38,43,46,54,61,68,74,76,79,85,90
grid_eq,lpm1,479,11,14,23,26,38,40,41,45,52,54,66,68,82,90,94,98
grid_eq,lpm1,480,1,3,10,19,21,26,43,46,52,59,64,66,75,80,87,98
grid_eq,lpm1,481,12,16,19,25,31,33,36,40,49,68,70,72,85,89,93,96
grid_eq,lpm1,482,1,6,9,29,35,38,42,51,55,58,60,68,71,84,97,99
grid_eq,lpm1,483,2,13,14,16,28,33,38,45,53,61,69,74,78,81,95,99
grid_eq,lpm1,484,6,14,17,20,22,33,42,50,56,59,63,67,75,91,95,100
grid_eq,lpm1,485,4,12,15,16,28,30,32,36,48,52,57,74,87,90,91,93
grid_eq,lpm1,486,1,5,8,22,30,31,34,37,55,62,65,68,70,77,89,92
grid_eq,lpm1,487,9,12,17,23,32,36,44,49,52,56,73,76,85,89,90,98
grid_eq,lpm1,488,2,6,8,19,25,33,40,45,47,57,62,74,76,82,89,91
grid_eq,lpm1,489,7,9,16,21,32,34,38,41,46,57,65,70,74,82,88,97
grid_eq,lpm1,490,3,7,16,18,21,24,38,44,61,65,67,69,70,72,94,97
grid_eq,lpm1,491,9,12,14,16,34,39,41,48,56,70,73,75,87,89,93,96
grid_eq,lpm1,492,20,22,25,27,33,36,39,40,51,53,56,69,85,87,90,93
grid_eq,lpm1,493,13,14,17,19,31,34,38,43,56,58,72,74,91,95,97,100
grid_eq,lpm1,494,5,9,12,13,18,26,42,44,46,52,59,66,80,82,86,98
grid_eq,lpm1,495,5,14,26,29,32,44,46,49,61,65,69,77,82,84,86,100
grid_eq,lpm1,496,2,4,9,10,22,34,38,47,52,60,67,73,86,91,95,99
grid_eq,lpm1,497,9,13,15,22,26,37,40,44,52,59,65,78,83,86,94,99
grid_eq,lpm1,498,9,11,15,16,36,38,42,53,57,59,62,77,82,84,90,97
grid_eq,lpm1,499,3,7,11,14,18,29,37,53,56,62,64,68,69,87,92,97
grid_eq,lpm1,500,17,19,30,31,33,35,39,53,56,59,72,74,76,89,91,97
grid_eq,lpm1,501,1,8,10,15,26,29,42,55,58,63,71,82,85,87,90,96
grid_eq,lpm1,502,5,12,19,20,27,37,42,44,46,56,59,62,80,83,95,97
grid_eq,lpm1,503,3,15,18,20,22,40,43,45,47,61,64,71,78,87,95,99
grid_eq,lpm1,504,4,11,13,27,30,34,42,54,56,58,70,78,81,83,85,100
grid_eq,lpm1,505,7,10,11,15,23,38,42,54,61,65,69,80,82,86,89,96
grid_eq,lpm1,506,4,6,18,20,21,32,38,45,52,54,59,68,83,86,95,99
grid_eq,lpm1,507,3,6,20,21,23,27,43,44,50,52,58,70,83,92,95,97
grid_eq,lpm1,508,9,12,18,25,32,36,38,51,56,63,65,70,78,94,97,99
grid_eq,lpm1,509,1,8,15,21,26,29,34,40,46,63,64,69,71,76,90,95
grid_eq,lpm1,510,6,14,28,30,32,34,41,47,52,73,75,77,79,93,98,100
grid_eq,lpm1,511,4,7,21,25,28,43,45,49,62,64,66,68,81,89,93,99
grid_eq,lpm1,512,11,16,22,25,27,29,32,47,49,58,65,73,77,82,87,94
grid_eq,lpm1,513,2,4,20,25,28,43,48,50,55,63,69,76,81,84,90,97
grid_eq,lpm1,514,3,20,25,28,33,40,41,47,54,60,64,71,76,78,89,91
grid_eq,lpm1,515,3,8,15,17,32,39,46,50,64,66,71,73,77,86,90,91
grid_eq,lpm1,516,3,5,19,24,27,33,37,49,53,55,56,79,82,84,86,98
grid_eq,lpm1,517,8,12,13,15,28,33,50,53,56,62,67,75,82,88,90,94
grid_eq,lpm1,518,6,9,11,15,23,27,39,43,62,65,66,75,78,80,91,94
grid_eq,lpm1,519,8,11,15,28,33,42,46,50,55,59,68,74,77,81,93,97
grid_eq,lpm1,520,2,4,8,24,37,40,41,52,54,57,63,68,74,77,91,98
grid_eq,lpm1,521,5,7,20,22,37,42,44,50,57,62,70,73,75,85,88,93
grid_eq,lpm1,522,4,7,21,26,30,33,39,50,61,68,73,74,77,80,86,93
grid_eq,lpm1,523,2,4,6,13,20,28,50,51,53,56,68,73,77,85,91,98
grid_eq,lpm1,524,5,10,22,27,32,36,39,44,69,71,73,76,82,85,87,89
grid_eq,lpm1,525,8,21,24,27,31,40,44,47,52,58,64,72,75,80,93,97
grid_eq,lpm1,526,1,7,26,28,33,36,49,51,59,64,68,70,76,81,96,99
grid_eq,lpm1,527,9,12,15,24,26,29,33,48,51,54,56,62,70,75,79,97
grid_eq,lpm1,528,3,10,25,27,34,39,42,53,58,71,75,79,86,92,96,99
grid_eq,lpm1,529,5,10,13,32,38,44,53,56,59,65,72,76,80,88,93,100
grid_eq,lpm1,530,1,3,7,24,29,33,45,48,51,56,59,63,67,71,87,89
grid_eq,lpm1,531,1,6,12,18,26,34,49,50,51,53,57,62,65,69,83,100
grid_eq,lpm1,532,1,6,10,17,30,34,43,51,54,59,76,78,82,85,90,97
grid_eq,lpm1,533,3,9,17,24,42,45,47,56,58,61,73,76,85,88,90,91
grid_eq,lpm1,534,5,14,19,20,22,27,31,34,53,56,62,65,70,88,93,97
grid_eq,lpm1,535,6,10,11,14,19,26,37,45,48,52,56,62,77,79,84,100
grid_eq,lpm1,536,9,11,14,17,23,26,34,50,52,58,72,74,79,80,81,97
grid_eq,lpm1,537,3,7,10,23,26,31,37,43,49,56,58,61,72,74,80,97
grid_eq,lpm1,538,5,12,14,30,31,36,38,45,47,50,61,72,76,79,90,91
grid_eq,lpm1,539,5,16,18,22,25,34,37,41,50,62,67,70,79,84,86,92
grid_eq,lpm1,540,9,18,21,23,24,39,43,50,59,63,67,71,75,78,92,95
grid_eq,lpm1,541,2,4,17,24,30,36,38,43,51,56,75,84,89,91,93,98
grid_eq,lpm1,542,3,6,9,12,29,38,42,44,46,58,70,73,74,78,91,97
grid_eq,lpm1,543,7,20,22,24,26,40,42,53,66,68,70,74,76,81,87,94
grid_eq,lpm1,544,2,14,18,22,25,27,31,39,51,53,65,66,70,92,94,100
grid_eq,lpm1,545,1,4,6,28,33,35,47,50,52,65,70,76,82,84,90,97
grid_eq,lpm1,546,4,16,20,22,35,38,41,43,47,50,58,62,79,82,84,88
grid_eq,lpm1,547,3,17,19,24,30,31,43,44,46,51,58,71,76,89,93,96
grid_eq,lpm1,548,2,15,20,21,28,34,36,50,53,54,57,61,73,79,93,99
grid_eq,lpm1,549,1,13,16,20,29,31,34,36,48,57,62,78,81,83,95,98
grid_eq,lpm1,550,4,8,11,13,19,26,43,47,49,53,65,70,76,78,83,100
grid_eq,lpm1,551,1,4,8,13,19,26,41,44,63,67,70,71,76,84,97,99
grid_eq,lpm1,552,2,5,20,24,31,37,39,44,62,67,69,71,75,82,94,100
grid_eq,lpm1,553,3,6,22,25,29,37,54,60,63,68,71,76,83,89,94,97
grid_eq,lpm1,554,2,5,9,26,29,35,43,51,55,59,64,67,72,79,93,99
grid_eq,lpm1,555,1,7,15,20,34,36,40,43,45,60,71,74,83,86,88,99
grid_eq,lpm1,556,3,8,16,31,33,35,39,40,57,59,65,73,86,88,91,98
grid_eq,lpm1,557,1,5,7,10,28,35,42,50,51,56,67,68,74,81,95,100
grid_eq,lpm1,558,15,17,20,22,29,32,37,45,53,60,64,68,71,76,96,99
grid_eq,lpm1,559,5,13,20,24,27,32,49,53,56,64,71,75,79,82,90,97
grid_eq,lpm1,560,1,8,13,16,28,34,36,40,43,52,57,72,80,85,87,89
grid_eq,lpm1,561,1,3,8,26,31,34,39,46,57,59,61,64,71,79,83,100
grid_eq,lpm1,562,2,6,29,32,34,36,40,48,56,65,69,73,81,88,93,97
grid_eq,lpm1,563,3,5,8,10,23,31,37,48,53,54,58,62,75,77,82,95
grid_eq,lpm1,564,3,8,11,26,28,34,43,50,53,57,59,76,78,83,95,98
grid_eq,lpm1,565,3,5,7,20,23,28,31,38,54,58,66,69,73,84,89,98
grid_eq,lpm1,566,2,10,15,17,19,23,31,47,51,55,58,64,72,80,88,94
grid_eq,lpm1,567,2,6,10,15,18,35,44,47,63,68,69,75,83,87,93,96
grid_eq,lpm1,568,1,8,16,23,30,35,37,41,48,62,66,77,79,81,84,98
grid_eq,lpm1,569,9,13,16,22,35,39,47,53,55,68,72,75,79,86,91,99
grid_eq,lpm1,570,4,10,19,22,33,35,47,49,55,60,71,75,79,88,91,95
grid_eq,lpm1,571,3,10,12,18,25,31,34,38,58,63,74,80,87,92,94,100
grid_eq,lpm1,572,1,7,10,13,19,25,41,45,47,56,67,69,72,75,81,90
grid_eq,lpm1,573,3,11,17,28,30,33,47,49,52,63,78,84,90,91,93,100
grid_eq,lpm1,574,3,17,19,21,25,30,35,49,51,56,58,64,79,81,84,98
grid_eq,lpm1,575,5,7,20,22,34,41,50,55,64,67,70,71,84,89,91,98
grid_eq,lpm1,576,10,11,12,15,17,19,34,49,51,64,67,71,76,95,97,99
grid_eq,lpm1,577,6,12,22,25,28,34,46,49,52,57,83,87,89,90,93,97
grid_eq,lpm1,578,7,12,25,28,30,31,45,48,51,57,68,72,80,83,86,89
grid_eq,lpm1,579,2,6,9,23,37,40,42,53,55,69,72,77,83,85,96,100
grid_eq,lpm1,580,1,4,17,20,34,39,42,45,52,72,75,77,80,86,89,93
grid_eq,lpm1,581,7,13,14,28,31,34,36,40,53,58,62,67,85,88,90,93
grid_eq,lpm1,582,7,12,25,29,30,32,34,38,54,56,68,71,73,77,91,100
grid_eq,lpm1,583,1,4,9,28,30,33,37,41,62,65,67,80,82,84,88,97
grid_eq,lpm1,584,4,7,8,12,24,32,39,46,58,61,64,69,76,82,85,89
grid_eq,lpm1,585,2,7,9,15,38,41,43,50,52,66,67,70,81,93,98,100
grid_eq,lpm1,586,1,4,13,19,25,37,41,50,54,62,67,70,79,82,86,94
grid_eq,lpm1,587,2,4,6,27,37,40,42,44,51,56,70,75,79,84,96,99
grid_eq,lpm1,588,1,4,6,9,27,33,40,45,52,58,65,67,81,83,85,88
grid_eq,lpm1,589,3,17,19,22,34,46,50,52,55,65,68,70,73,82,87,95
grid_eq,lpm1,590,4,13,19,22,36,40,42,48,56,62,70,74,79,81,86,99
grid_eq,lpm1,591,2,7,20,28,38,41,45,46,50,56,63,69,81,85,98,100
grid_eq,lpm1,592,3,11,18,33,40,46,51,54,58,60,62,66,75,94,97,100
grid_eq,lpm1,593,5,7,12,19,21,26,33,52,55,58,67,70,73,81,93,96
grid_eq,lpm1,594,5,11,13,17,19,41,45,52,56,59,70,71,76,84,88,100
grid_eq,lpm1,595,5,8,11,20,34,39,54,59,61,63,64,72,77,79,93,97
grid_eq,lpm1,596,4,10,11,16,23,39,40,48,54,56,61,74,81,86,88,99
grid_eq,lpm1,597,11,18,24,26,29,40,43,46,56,63,68,72,74,79,94,97
grid_eq,lpm1,598,1,10,15,17,26,43,46,49,51,54,56,79,81,85,87,99
grid_eq,lpm1,599,6,13,15,18,32,34,39,53,55,65,69,70,76,81,83,99
grid_eq,lpm1,600,5,13,16,20,22,29,46,51,58,63,65,67,69,84,87,93
grid_eq,lpm1,601,4,8,11,25,33,37,40,51,54,56,58,78,80,85,94,97
grid_eq,lpm1,602,12,14,17,21,35,39,48,50,56,63,72,74,76,80,97,100
grid_eq,lpm1,603,2,9,15,22,27,33,37,49,54,58,60,61,75,76,92,96
grid_eq,lpm1,604,4,22,26,28,33,36,44,48,53,67,73,74,78,86,93,96
grid_eq,lpm1,605,9,12,15,18,26,42,44,48,51,60,63,67,74,85,89,92
grid_eq,lpm1,606,13,16,20,27,33,40,41,44,46,59,62,70,78,85,93,97
grid_eq,lpm1,607,3,15,19,21,26,35,48,50,57,63,72,74,79,86,91,97
grid_eq,lpm1,608,3,7,11,19,27,31,38,49,54,56,63,76,78,82,90,91
grid_eq,lpm1,609,2,15,23,28,30,34,39,42,47,53,56,71,77,84,97,99
grid_eq,lpm1,610,6,10,11,13,17,34,36,39,48,51,63,66,84,86,89,91
grid_eq,lpm1,611,3,17,23,25,28,35,39,42,55,60,61,67,83,86,91,99
grid_eq,lpm1,612,2,9,14,16,29,32,37,44,49,52,66,74,77,80,81,92
grid_eq,lpm1,613,1,4,7,19,23,31,36,40,44,49,56,62,73,87,90,95
grid_eq,lpm1,614,2,5,7,10,19,24,41,46,49,54,58,75,80,81,93,97
grid_eq,lpm1,615,10,11,17,26,40,41,43,45,48,59,67,72,75,83,89,96
grid_eq,lpm1,616,1,9,13,16,25,31,35,40,48,62,81,84,87,89,93,97
grid_eq,lpm1,617,1,8,17,25,30,34,45,50,56,63,67,75,82,86,90,98
grid_eq,lpm1,618,1,13,17,25,29,33,38,50,56,69,71,75,76,89,91,95
grid_eq,lpm1,619,8,11,14,16,20,38,41,44,58,61,76,80,83,84,96,99
grid_eq,lpm1,620,3,6,10,23,25,39,41,46,57,59,61,66,78,81,83,95
grid_eq,lpm1,621,4,7,13,20,34,37,43,50,52,54,59,63,80,84,88,96
grid_eq,lpm1,622,2,14,17,20,22,31,35,59,60,65,66,71,77,81,84,97
grid_eq,lpm1,623,3,20,23,27,29,35,42,48,52,54,56,60,76,80,81,94
grid_eq,lpm1,624,3,5,7,19,23,39,42,46,53,55,77,78,82,84,96,100
grid_eq,lpm1,625,19,20,21,24,26,32,39,44,51,58,65,76,80,83,93,98
grid_eq,lpm1,626,4,12,19,24,32,37,39,55,58,60,62,74,88,92,97,100
grid_eq,lpm1,627,3,14,18,27,30,32,35,44,51,58,67,79,81,85,92,95
grid_eq,lpm1,628,4,17,20,21,25,35,38,42,51,56,59,64,71,73,80,87
grid_eq,lpm1,629,2,6,9,17,21,33,40,45,47,51,62,67,82,85,87,89
grid_eq,lpm1,630,1,23,24,26,38,40,45,53,59,61,68,76,82,84,96,99
grid_eq,lpm1,631,5,9,20,21,27,32,47,54,60,61,66,82,89,95,97,100
grid_eq,lpm1,632,3,9,21,24,26,35,38,41,56,59,64,80,81,83,85,97
grid_eq,lpm1,633,2,3,14,19,31,34,37,45,49,61,69,74,76,93,96,99
grid_eq,lpm1,634,8,15,17,20,22,35,39,43,52,57,67,72,74,85,94,100
grid_eq,lpm1,635,1,5,12,26,28,30,38,42,56,61,68,73,79,81,93,100
grid_eq,lpm1,636,4,8,16,25,31,43,46,48,64,70,73,76,78,85,92,99
grid_eq,lpm1,637,3,7,21,24,27,33,36,39,52,55,68,74,80,88,92,94
grid_eq,lpm1,638,10,11,15,23,32,38,44,55,58,60,64,72,80,86,92,96
grid_eq,lpm1,639,1,3,16,19,33,38,44,57,58,71,74,77,79,92,95,98
grid_eq,lpm1,640,1,15,23,26,33,40,44,48,56,61,67,70,74,83,90,97
grid_eq,lpm1,641,2,17,20,22,24,26,40,44,47,56,62,64,82,84,88,96
grid_eq,lpm1,642,6,8,19,23,25,28,33,41,45,55,70,72,78,83,85,87
grid_eq,lpm1,643,3,10,11,26,28,32,35,48,53,54,68,76,80,88,93,99
grid_eq,lpm1,644,2,4,16,18,23,39,44,47,52,60,69,71,74,83,96,99
grid_eq,lpm1,645,6,9,12,17,23,29,31,47,52,64,67,77,82,85,90,97
grid_eq,lpm1,646,7,18,20,22,24,33,39,44,47,62,64,78,82,86,94,99
grid_eq,lpm1,647,5,10,12,19,23,27,34,48,53,60,65,77,78,81,85,100
grid_eq,lpm1,648,8,13,24,26,28,40,41,49,53,56,61,68,83,89,94,98
grid_eq,lpm1,649,1,4,10,26,28,41,45,50,54,57,62,76,77,82,90,95
grid_eq,lpm1,650,12,18,20,25,26,33,38,55,59,61,67,84,89,92,96,99
grid_eq,lpm1,651,2,10,15,22,26,31,39,44,47,58,61,63,64,78,90,94
grid_eq,lpm1,652,11,23,24,27,30,38,41,44,47,59,63,64,75,79,93,98
grid_eq,lpm1,653,7,10,13,14,22,29,35,44,48,51,64,69,72,86,98,100
grid_eq,lpm1,654,5,21,23,26,29,42,44,48,60,62,66,68,84,91,95,100
grid_eq,lpm1,655,1,6,8,15,21,36,50,53,57,59,62,65,76,82,90,95
grid_eq,lpm1,656,7,8,10,32,34,36,49,53,56,70,72,75,83,86,89,91
grid_eq,lpm1,657,2,10,16,22,25,27,33,50,55,63,68,71,76,85,90,98
grid_eq,lpm1,658,1,4,16,29,39,42,45,47,54,62,67,78,82,84,98,100
grid_eq,lpm1,659,7,12,15,22,30,32,37,51,55,56,58,72,76,87,94,98
grid_eq,lpm1,660,6,9,13,26,30,38,42,46,60,63,66,75,83,86,88,96
grid_eq,lpm1,661,8,11,13,17,32,34,39,43,48,63,66,75,80,81,93,99
grid_eq,lpm1,662,15,18,20,21,23,27,34,48,53,57,66,79,83,85,91,98
grid_eq,lpm1,663,1,8,14,23,25,28,36,41,53,59,65,73,78,90,92,96
grid_eq,lpm1,664,12,17,20,34,36,40,42,52,55,63,67,76,82,89,92,99
grid_eq,lpm1,665,1,14,19,23,27,34,37,51,58,62,64,79,85,90,92,96
grid_eq,lpm1,666,6,11,15,19,30,33,50,54,56,62,67,71,76,78,82,97
grid_eq,lpm1,667,6,11,13,26,28,32,34,36,59,60,64,72,77,79,83,97
grid_eq,lpm1,668,2,10,26,28,39,41,46,53,62,65,76,78,80,84,89,91
grid_eq,lpm1,669,3,10,12,18,24,30,32,45,49,55,62,67,78,85,91,98
grid_eq,lpm1,670,4,16,20,27,32,34,48,52,56,60,63,77,79,82,84,100
grid_eq,lpm1,671,8,17,22,25,33,40,47,49,51,60,63,77,82,88,95,97
grid_eq,lpm1,672,1,15,17,30,33,36,41,55,62,68,70,81,84,90,96,98
grid_eq,lpm1,673,4,8,20,24,31,43,46,48,62,66,69,74,78,92,95,99
grid_eq,lpm1,674,3,6,11,20,24,28,32,40,47,53,64,68,84,86,92,98
grid_eq,lpm1,675,6,17,19,21,23,38,40,41,45,64,66,72,78,80,86,92
grid_eq,lpm1,676,5,12,19,21,24,37,44,50,52,58,65,81,84,86,88,100
grid_eq,lpm1,677,1,7,10,14,22,39,42,57,60,64,66,72,80,84,89,96
grid_eq,lpm1,678,2,6,7,10,14,31,35,46,50,51,70,74,78,82,86,99
grid_eq,lpm1,679,2,5,20,22,27,31,35,44,58,61,75,82,87,93,95,100
grid_eq,lpm1,680,4,10,23,26,29,32,46,48,54,58,62,75,78,80,94,97
grid_eq,lpm1,681,4,8,15,21,30,33,35,38,47,51,68,71,79,87,95,99
grid_eq,lpm1,682,4,19,22,24,30,36,45,60,61,66,75,79,82,87,91,100
grid_eq,lpm1,683,10,12,15,18,29,35,37,41,43,61,64,69,72,80,86,96
grid_eq,lpm1,684,4,18,20,23,26,32,34,49,53,56,71,74,78,83,98,100
grid_eq,lpm1,685,3,12,16,18,29,38,42,55,62,66,68,81,84,89,92,98
grid_eq,lpm1,686,5,8,12,17,33,39,44,46,51,58,64,66,71,83,88,97
grid_eq,lpm1,687,3,4,9,26,33,37,40,41,46,54,63,67,69,92,95,98
grid_eq,lpm1,688,16,22,25,30,31,33,37,54,56,59,70,71,73,78,86,95
grid_eq,lpm1,689,3,16,21,28,30,33,36,52,57,59,64,70,72,86,89,93
grid_eq,lpm1,690,3,7,24,26,38,40,42,55,61,67,69,73,80,82,84,96
grid_eq,lpm1,691,3,7,9,15,23,34,38,46,51,55,59,73,76,84,86,88
grid_eq,lpm1,692,3,11,15,16,28,42,46,48,50,51,54,76,84,87,92,98
grid_eq,lpm1,693,11,14,16,20,25,34,39,48,52,65,66,70,78,82,93,97
grid_eq,lpm1,694,7,9,12,14,25,38,40,42,44,46,70,72,79,83,86,92
grid_eq,lpm1,695,5,13,20,26,28,32,47,49,52,54,68,70,76,82,94,100
grid_eq,lpm1,696,8,13,14,19,21,36,40,53,55,71,80,82,86,88,95,100
grid_eq,lpm1,697,2,4,9,17,23,25,39,50,51,54,58,66,73,84,98,100
grid_eq,lpm1,698,9,11,23,25,27,32,45,47,50,52,62,75,80,87,94,96
grid_eq,lpm1,699,4,8,16,22,27,30,33,49,52,55,64,67,72,86,89,98
grid_eq,lpm1,700,8,12,21,25,26,28,41,47,61,63,67,69,75,91,93,97
grid_eq,lpm1,701,5,12,20,23,28,29,42,45,54,67,69,71,74,86,89,96
grid_eq,lpm1,702,4,6,29,32,35,43,46,49,62,65,67,85,87,90,92,99
grid_eq,lpm1,703,8,11,15,19,33,34,37,41,52,60,63,67,78,82,85,100
grid_eq,lpm1,704,5,9,13,21,34,36,39,56,62,64,68,75,79,82,86,100
grid_eq,lpm1,705,12,16,19,24,31,40,44,46,53,59,78,84,89,91,93,100
grid_eq,lpm1,706,1,16,30,31,39,42,47,55,57,61,73,77,88,92,94,97
grid_eq,lpm1,707,5,11,16,19,31,36,40,44,58,60,66,71,73,86,90,93
grid_eq,lpm1,708,2,9,22,26,28,31,43,48,56,61,65,69,78,93,95,99
grid_eq,lpm1,709,3,8,11,14,16,35,36,42,50,53,59,72,74,77,87,91
grid_eq,lpm1,710,5,14,17,22,36,39,40,44,52,65,66,68,84,87,90,91
grid_eq,lpm1,711,2,18,25,34,37,40,42,52,58,67,70,72,78,85,92,98
grid_eq,lpm1,712,1,5,10,28,32,34,40,47,54,60,62,69,76,81,83,96
grid_eq,lpm1,713,2,9,14,18,21,26,31,37,54,59,62,68,74,86,88,91
grid_eq,lpm1,714,3,8,15,23,29,46,49,53,57,62,66,68,70,83,93,99
grid_eq,lpm1,715,7,20,22,24,28,33,36,49,53,57,61,68,74,76,82,96
grid_eq,lpm1,716,6,10,13,24,27,32,40,46,53,54,59,67,87,91,93,97
grid_eq,lpm1,717,5,11,20,26,28,42,44,46,48,53,65,74,78,80,82,98
grid_eq,lpm1,718,5,10,12,18,24,41,45,48,51,58,60,74,77,86,88,92
grid_eq,lpm1,719,14,18,21,23,26,37,38,53,57,59,61,73,88,90,92,94
grid_eq,lpm1,720,6,8,13,24,32,37,40,45,53,58,65,77,79,83,95,99
grid_eq,lpm1,721,10,12,17,21,24,42,50,51,56,58,65,69,82,86,89,93
grid_eq,lpm1,722,8,11,13,29,35,46,51,56,59,63,70,72,83,87,90,95
grid_eq,lpm1,723,11,12,15,18,20,26,31,50,51,57,64,71,77,80,96,100
grid_eq,lpm1,724,1,9,13,15,18,26,43,44,47,49,70,75,82,86,92,95
grid_eq,lpm1,725,2,6,14,19,21,28,34,49,58,61,64,67,76,83,90,95
grid_eq,lpm1,726,8,13,16,21,28,35,43,49,54,61,68,70,82,84,89,96
grid_eq,lpm1,727,1,8,19,22,25,37,48,52,54,57,70,73,74,87,92,99
grid_eq,lpm1,728,1,7,15,19,33,34,36,50,55,57,59,74,82,90,93,98
grid_eq,lpm1,729,2,7,15,20,24,37,42,50,54,57,59,61,65,78,83,85
grid_eq,lpm1,730,1,10,12,15,18,33,46,48,52,54,68,75,93,95,98,100
grid_eq,lpm1,731,5,8,10,12,23,36,38,51,53,55,60,73,77,78,81,96
grid_eq,lpm1,732,5,9,13,22,28,30,35,42,49,55,66,72,83,87,91,98
grid_eq,lpm1,733,7,11,13,16,20,29,42,44,46,59,63,65,77,80,91,95
grid_eq,lpm1,734,9,15,17,22,32,39,41,44,56,60,73,76,79,82,88,95
grid_eq,lpm1,735,5,8,11,14,35,38,40,49,51,57,72,80,86,93,96,99
grid_eq,lpm1,736,4,6,9,11,30,33,34,36,41,48,57,72,79,85,86,95
grid_eq,lpm1,737,3,7,9,15,21,27,34,49,52,68,69,71,75,86,95,99
grid_eq,lpm1,738,3,6,10,17,24,35,43,47,52,58,60,64,72,76,91,98
grid_eq,lpm1,739,3,6,9,21,27,32,47,50,53,55,68,80,83,85,87,99
grid_eq,lpm1,740,6,13,20,27,29,33,34,48,51,63,67,79,85,87,91,99
grid_eq,lpm1,741,2,5,17,23,29,34,40,42,47,52,60,66,84,90,92,98
grid_eq,lpm1,742,9,11,15,23,26,30,38,53,61,66,69,80,85,88,91,94
grid_eq,lpm1,743,1,4,16,20,22,38,41,45,59,61,65,70,76,82,95,98
grid_eq,lpm1,744,6,9,14,25,33,37,39,51,55,58,63,70,72,75,86,89
grid_eq,lpm1,745,3,6,11,20,25,27,38,44,59,60,61,64,77,83,92,97
grid_eq,lpm1,746,2,5,10,18,23,41,46,60,61,64,72,76,79,88,90,94
grid_eq,lpm1,747,2,6,8,23,28,32,48,55,57,70,72,76,79,83,84,98
grid_eq,lpm1,748,1,8,13,25,26,29,32,35,47,59,65,76,81,83,90,97
grid_eq,lpm1,749,1,10,14,22,25,28,32,37,59,63,65,70,72,79,86,92
grid_eq,lpm1,750,1,9,15,26,33,37,40,54,59,63,72,75,77,89,94,100
grid_eq,lpm1,751,1,3,10,26,28,32,39,44,46,66,73,80,81,84,86,99
grid_eq,lpm1,752,3,5,14,20,27,34,42,46,48,53,60,67,73,75,81,97
grid_eq,lpm1,753,14,18,20,22,27,39,44,53,56,61,68,74,81,93,96,100
grid_eq,lpm1,754,4,9,22,26,28,32,47,51,55,57,63,69,83,86,91,98
grid_eq,lpm1,755,1,6,8,28,31,33,35,49,53,64,68,73,79,85,92,99
grid_eq,lpm1,756,4,8,10,16,21,34,42,47,54,60,66,68,73,75,95,99
grid_eq,lpm1,757,1,3,17,19,24,26,31,39,47,54,61,73,77,80,93,95
grid_eq,lpm1,758,1,8,14,26,31,37,49,53,60,65,66,69,72,81,87,95
grid_eq,lpm1,759,2,9,15,24,27,37,38,43,50,51,64,69,73,86,88,94
grid_eq,lpm1,760,4,7,11,24,29,32,37,45,49,63,67,70,75,82,88,97
grid_eq,lpm1,761,10,14,18,22,33,37,49,61,67,69,73,75,88,90,92,96
grid_eq,lpm1,762,3,12,14,16,30,32,46,48,60,61,65,66,89,92,96,99
grid_eq,lpm1,763,6,10,11,19,24,32,34,37,48,58,61,75,82,86,88,100
grid_eq,lpm1,764,13,14,16,27,41,44,46,48,53,60,67,73,82,85,88,96
grid_eq,lpm1,765,2,5,6,19,21,23,38,43,58,60,66,75,82,93,98,100
grid_eq,lpm1,766,4,7,13,19,24,38,41,50,56,64,68,70,83,85,87,91
grid_eq,lpm1,767,1,5,16,23,27,30,42,45,57,59,62,65,77,79,85,93
grid_eq,lpm1,768,1,15,16,28,34,48,50,52,56,59,63,65,78,82,85,96
grid_eq,lpm1,769,2,4,17,30,31,34,39,50,51,55,57,73,78,85,92,97
grid_eq,lpm1,770,4,9,15,32,38,40,44,47,52,60,61,66,84,89,92,97
grid_eq,lpm1,771,10,11,15,17,32,35,40,47,52,60,65,69,77,81,96,99
grid_eq,lpm1,772,5,11,18,20,24,26,38,43,51,56,68,73,82,85,89,98
grid_eq,lpm1,773,1,7,10,13,35,38,40,42,46,55,69,71,75,83,96,99
grid_eq,lpm1,774,4,6,10,11,17,34,38,42,47,55,58,63,79,85,94,100
grid_eq,lpm1,775,3,19,25,27,33,40,41,44,48,57,71,74,77,83,89,96
grid_eq,lpm1,776,5,12,17,22,28,30,41,46,49,54,67,71,88,91,95,99
grid_eq,lpm1,777,1,15,17,23,29,32,38,44,55,56,67,69,71,74,90,97
grid_eq,lpm1,778,9,11,13,15,27,32,34,39,51,53,68,77,79,84,91,99
grid_eq,lpm1,779,7,8,11,14,23,36,42,48,50,56,64,68,80,83,93,98
grid_eq,lpm1,780,4,12,16,27,29,34,41,46,54,58,63,69,76,82,88,95
grid_eq,lpm1,781,2,7,14,21,27,29,32,34,36,52,56,68,73,87,94,97
grid_eq,lpm1,782,5,7,13,20,21,28,41,45,47,63,65,70,72,86,88,94
grid_eq,lpm1,783,2,6,7,14,35,42,48,50,51,56,70,75,78,84,88,95
grid_eq,lpm1,784,2,14,17,18,20,23,36,53,56,58,78,81,84,89,93,97
grid_eq,lpm1,785,7,8,11,14,29,41,46,48,53,54,59,72,78,86,91,100
grid_eq,lpm1,786,3,6,14,21,26,35,48,50,62,66,75,79,81,94,96,98
grid_eq,lpm1,787,1,10,22,26,33,37,45,50,51,62,67,72,80,87,96,100
grid_eq,lpm1,788,15,17,23,28,32,37,45,51,60,61,74,76,79,83,96,99
grid_eq,lpm1,789,4,6,8,12,19,33,39,56,61,65,67,76,81,90,93,99
grid_eq,lpm1,790,6,15,21,27,29,35,41,49,52,55,69,72,88,90,95,98
grid_eq,lpm1,791,2,7,9,20,21,23,25,38,51,57,69,74,82,90,91,99
grid_eq,lpm1,792,4,8,11,24,31,37,40,46,48,53,64,68,82,85,89,93
grid_eq,lpm1,793,4,17,20,22,25,33,40,41,59,65,67,73,78,82,86,99
grid_eq,lpm1,794,6,12,23,28,36,43,45,52,57,59,64,78,84,86,92,99
grid_eq,lpm1,795,5,13,20,22,29,34,38,51,55,63,67,69,72,85,92,98
grid_eq,lpm1,796,5,13,22,25,28,34,39,55,58,62,80,83,85,87,93,100
grid_eq,lpm1,797,2,14,17,21,25,30,34,37,39,51,55,69,73,81,85,87
grid_eq,lpm1,798,6,7,19,23,25,32,46,53,60,61,68,77,82,87,96,100
grid_eq,lpm1,799,12,14,20,23,26,36,38,52,54,60,65,66,79,83,86,94
grid_eq,lpm1,800,6,11,14,26,29,34,38,53,58,62,64,79,81,86,88,100
grid_eq,lpm1,801,3,17,18,21,23,40,43,47,48,64,71,77,85,88,91,99
grid_eq,lpm1,802,4,9,11,25,28,30,35,37,52,54,67,69,72,74,77,96
grid_eq,lpm1,803,15,17,23,29,36,52,54,60,61,66,80,84,88,91,94,99
grid_eq,lpm1,804,2,7,9,22,24,40,46,53,59,62,65,71,76,85,98,100
grid_eq,lpm1,805,5,12,17,23,28,35,41,47,49,60,64,67,89,92,94,97
grid_eq,lpm1,806,8,14,20,21,26,31,43,46,48,62,64,66,78,80,83,100
grid_eq,lpm1,807,2,5,19,27,33,41,47,52,55,57,68,73,84,91,97,99
grid_eq,lpm1,808,2,10,14,27,29,44,47,53,61,67,72,75,87,93,97,99
grid_eq,lpm1,809,6,9,13,20,24,33,48,50,56,63,64,70,78,92,95,98
grid_eq,lpm1,810,1,5,17,20,28,40,41,45,53,65,66,69,84,87,91,99
grid_eq,lpm1,811,1,8,14,20,22,27,46,49,53,59,61,67,74,83,88,95
grid_eq,lpm1,812,3,7,16,25,30,31,37,43,60,64,66,69,72,88,94,100
grid_eq,lpm1,813,6,9,13,21,25,30,38,44,52,60,74,76,80,82,93,98
grid_eq,lpm1,814,4,13,20,28,36,41,43,50,54,70,74,77,78,90,92,94
grid_eq,lpm1,815,4,7,11,20,34,37,41,57,60,61,83,85,87,90,92,97
grid_eq,lpm1,816,5,12,16,18,21,38,41,45,54,64,68,76,80,81,83,98
grid_eq,lpm1,817,1,4,9,24,27,28,32,44,49,65,68,71,80,82,86,88
grid_eq,lpm1,818,3,10,14,16,18,35,47,50,51,53,64,77,85,89,91,100
grid_eq,lpm1,819,5,9,11,27,34,38,43,50,54,56,70,71,78,85,95,98
grid_eq,lpm1,820,2,7,15,19,33,37,42,49,65,67,69,71,74,82,86,98
grid_eq,lpm1,821,1,3,6,19,21,25,39,45,51,56,68,70,73,86,95,98
grid_eq,lpm1,822,14,16,18,20,21,34,39,52,54,60,68,72,76,79,85,99
grid_eq,lpm1,823,12,17,24,28,30,35,39,53,56,61,64,67,92,94,97,99
grid_eq,lpm1,824,6,10,22,27,41,44,47,49,56,58,61,64,80,81,86,88
grid_eq,lpm1,825,8,11,16,25,29,31,34,50,53,59,65,72,74,80,83,97
grid_eq,lpm1,826,3,4,8,24,32,35,40,43,46,59,60,61,72,76,79,97
grid_eq,lpm1,827,3,4,8,11,17,30,37,43,55,59,63,78,82,89,94,96
grid_eq,lpm1,828,1,19,22,24,28,39,42,47,51,53,58,69,73,76,84,89
grid_eq,lpm1,829,10,11,15,23,28,31,36,39,42,57,69,72,84,86,94,98
grid_eq,lpm1,830,9,11,16,23,25,28,32,44,50,57,63,65,68,76,79,87
grid_eq,lpm1,831,4,10,17,22,31,37,45,49,52,60,66,71,75,83,88,95
grid_eq,lpm1,832,3,9,17,23,26,34,47,49,52,58,65,77,79,83,90,91
grid_eq,lpm1,833,9,12,16,24,28,32,35,47,53,59,60,71,75,79,83,97
grid_eq,lpm1,834,6,20,21,24,27,29,45,50,53,73,75,76,78,93,97,100
grid_eq,lpm1,835,2,8,20,25,28,41,43,54,56,58,63,67,70,75,89,93
grid_eq,lpm1,836,5,14,17,21,36,39,43,51,54,56,77,78,83,91,97,100
grid_eq,lpm1,837,1,10,15,21,26,29,32,45,51,54,56,59,77,85,89,91
grid_eq,lpm1,838,3,15,18,30,36,41,47,54,56,59,71,85,88,90,92,94
grid_eq,lpm1,839,9,12,15,17,31,37,40,43,54,67,71,75,89,94,97,100
grid_eq,lpm1,840,3,5,10,12,19,32,38,44,52,59,65,77,79,82,93,97
grid_eq,lpm1,841,9,10,14,22,29,33,38,51,53,56,61,64,67,79,85,88
grid_eq,lpm1,842,4,8,21,29,32,34,36,49,52,60,65,76,78,81,83,90
grid_eq,lpm1,843,2,6,10,14,32,47,49,50,52,55,56,72,84,91,96,99
grid_eq,lpm1,844,1,5,7,20,40,43,45,49,52,64,67,73,79,81,86,98
grid_eq,lpm1,845,11,16,18,23,32,37,50,51,54,57,62,76,80,83,89,97
grid_eq,lpm1,846,2,13,18,25,38,40,43,44,56,72,76,79,80,81,83,87
grid_eq,lpm1,847,1,6,24,28,32,45,47,50,51,58,69,71,73,80,88,94
grid_eq,lpm1,848,10,12,22,25,28,49,53,56,65,67,70,73,85,88,93,97
grid_eq,lpm1,849,6,15,18,21,23,30,46,55,57,60,61,63,67,72,79,85
grid_eq,lpm1,850,1,7,10,22,25,31,35,50,56,63,65,69,77,80,88,92
grid_eq,lpm1,851,5,11,17,23,25,28,30,43,54,62,66,70,75,78,81,97
grid_eq,lpm1,852,3,17,20,21,23,29,46,52,55,58,75,77,80,81,89,93
grid_eq,lpm1,853,3,18,20,25,37,43,49,52,55,61,64,68,87,91,94,100
grid_eq,lpm1,854,4,11,19,28,31,36,45,61,65,68,70,73,86,91,94,98
grid_eq,lpm1,855,1,8,15,17,29,32,35,38,57,64,71,75,76,83,88,98
grid_eq,lpm1,856,9,11,15,23,28,36,45,52,60,65,73,76,79,80,95,100
grid_eq,lpm1,857,14,16,18,29,32,35,47,55,58,61,75,78,82,92,98,100
grid_eq,lpm1,858,7,10,14,21,26,29,38,44,52,72,75,78,89,91,95,98
grid_eq,lpm1,859,2,5,7,8,11,29,36,41,45,49,62,66,75,79,82,99
grid_eq,lpm1,860,7,13,21,25,28,33,39,45,58,60,67,73,76,82,89,94
grid_eq,lpm1,861,5,11,18,29,35,37,43,49,57,65,71,78,83,84,90,96
grid_eq,lpm1,862,4,7,16,21,27,37,40,43,49,56,61,70,74,78,83,96
grid_eq,lpm1,863,4,11,20,24,27,32,38,40,45,53,60,67,72,81,94,97
grid_eq,lpm1,864,7,12,18,25,30,36,43,49,53,61,74,79,84,88,91,97
grid_eq,lpm1,865,1,5,8,23,26,35,39,41,48,65,67,71,84,87,93,100
grid_eq,lpm1,866,6,13,19,21,28,32,34,45,48,60,66,79,83,86,92,100
grid_eq,lpm1,867,1,8,22,24,29,35,38,46,50,54,57,61,63,78,84,99
grid_eq,lpm1,868,3,7,9,22,24,33,38,40,56,64,71,77,85,90,91,96
grid_eq,lpm1,869,10,11,15,18,31,35,38,49,54,56,63,71,88,90,95,97
grid_eq,lpm1,870,5,7,10,11,33,45,48,59,60,63,72,75,77,86,93,100
grid_eq,lpm1,871,2,7,15,18,23,27,33,40,48,64,72,79,81,84,87,97
grid_eq,lpm1,872,3,9,15,23,27,30,31,44,48,52,56,67,73,80,84,97
grid_eq,lpm1,873,1,13,18,25,32,37,46,49,52,54,57,73,76,88,90,94
grid_eq,lpm1,874,5,12,17,25,30,34,38,43,58,62,65,66,85,86,93,97
grid_eq,lpm1,875,2,8,14,17,20,21,33,35,46,48,58,70,71,74,89,95
grid_eq,lpm1,876,5,16,22,29,33,38,46,57,60,62,65,69,81,86,93,99
grid_eq,lpm1,877,2,5,16,19,24,30,35,42,49,63,65,66,80,88,92,96
grid_eq,lpm1,878,4,16,17,24,29,31,47,53,55,59,70,73,76,82,88,95
grid_eq,lpm1,879,8,12,19,25,26,38,40,51,56,68,70,71,74,77,92,95
grid_eq,lpm1,880,7,19,22,26,35,47,51,55,56,58,60,72,78,92,94,100
grid_eq,lpm1,881,5,7,10,21,32,40,44,46,57,58,65,71,77,85,90,92
grid_eq,lpm1,882,4,7,13,19,21,37,39,42,44,60,66,72,79,82,85,88
grid_eq,lpm1,883,1,4,7,11,29,33,38,49,62,76,78,83,85,91,94,97
grid_eq,lpm1,884,3,7,9,22,35,43,46,50,53,59,66,70,72,85,87,99
grid_eq,lpm1,885,3,7,20,23,26,33,45,48,52,56,68,72,87,89,92,94
grid_eq,lpm1,886,6,11,23,26,30,32,38,46,53,62,67,70,75,76,79,93
grid_eq,lpm1,887,3,8,23,30,37,41,43,59,60,64,68,73,79,86,91,99
grid_eq,lpm1,888,7,12,18,20,24,36,41,45,59,62,67,75,88,93,95,100
grid_eq,lpm1,889,1,4,9,17,24,31,36,43,49,53,65,68,70,73,87,96
grid_eq,lpm1,890,8,10,13,16,33,34,36,50,57,59,72,76,81,84,87,96
grid_eq,lpm1,891,6,10,21,24,27,39,41,44,57,64,68,70,76,83,92,96
grid_eq,lpm1,892,5,11,18,24,29,42,50,54,58,66,71,75,80,82,95,99
grid_eq,lpm1,893,2,15,17,31,35,38,40,43,57,71,74,77,79,82,97,100
grid_eq,lpm1,894,10,14,17,21,28,32,34,39,52,55,56,60,67,76,83,98
grid_eq,lpm1,895,6,9,21,23,25,34,38,50,53,54,61,66,74,83,97,99
grid_eq,lpm1,896,5,11,17,19,22,34,37,41,63,70,74,77,81,88,93,97
grid_eq,lpm1,897,11,15,19,26,32,37,43,50,55,62,69,74,78,92,94,98
grid_eq,lpm1,898,2,5,17,19,22,35,44,46,49,57,62,71,79,86,90,95
grid_eq,lpm1,899,4,8,22,24,27,41,45,49,54,59,71,73,85,88,93,98
grid_eq,lpm1,900,10,13,17,21,24,30,32,45,48,61,67,73,79,87,95,98
grid_eq,lpm1,901,4,16,18,23,27,32,36,45,50,63,66,82,84,87,89,90
grid_eq,lpm1,902,16,20,21,28,34,36,43,54,59,68,73,82,84,87,90,99
grid_eq,lpm1,903,2,9,17,22,28,31,34,45,56,59,78,82,85,93,95,100
grid_eq,lpm1,904,2,16,18,19,24,42,46,53,58,64,67,70,78,82,89,96
grid_eq,lpm1,905,6,10,29,32,34,38,41,43,50,55,56,69,78,89,91,94
grid_eq,lpm1,906,3,6,19,25,30,32,36,48,51,56,71,74,77,79,92,99
grid_eq,lpm1,907,1,3,14,18,34,39,40,46,63,65,68,70,76,81,85,93
grid_eq,lpm1,908,3,7,11,15,28,30,31,36,44,53,60,73,77,85,86,90
grid_eq,lpm1,909,2,6,8,13,29,33,47,50,54,57,61,63,74,89,92,97
grid_eq,lpm1,910,4,13,16,19,30,33,35,42,49,57,59,61,72,77,88,96
grid_eq,lpm1,911,1,12,15,17,28,31,39,44,46,58,61,63,65,88,91,97
grid_eq,lpm1,912,7,11,15,27,41,46,55,59,60,63,67,75,80,83,92,98
grid_eq,lpm1,913,6,13,24,26,30,31,49,52,55,67,69,72,76,83,90,97
grid_eq,lpm1,914,6,10,12,14,33,42,45,48,50,63,69,82,84,90,91,98
grid_eq,lpm1,915,1,6,14,23,30,44,46,50,51,59,62,67,73,85,87,89
grid_eq,lpm1,916,7,19,21,26,31,34,36,50,51,63,68,70,82,85,87,89
grid_eq,lpm1,917,2,6,24,29,35,37,39,43,54,61,63,66,78,80,83,97
grid_eq,lpm1,918,8,23,25,27,39,40,53,54,57,59,61,76,82,90,94,98
grid_eq,lpm1,919,2,7,19,25,41,43,48,56,61,65,69,72,76,81,90,96
grid_eq,lpm1,920,7,11,15,18,22,31,39,47,56,59,62,75,77,82,87,100
grid_eq,lpm1,921,1,12,17,26,28,35,52,56,60,63,65,68,80,83,94,99
grid_eq,lpm1,922,6,12,19,27,31,44,49,51,60,65,68,71,82,87,93,97
grid_eq,lpm1,923,10,13,16,19,22,31,35,37,46,60,65,72,77,84,93,98
grid_eq,lpm1,924,8,11,17,25,37,41,44,49,58,67,70,72,84,88,90,92
grid_eq,lpm1,925,4,6,25,30,37,42,44,48,53,62,64,76,79,85,87,100
grid_eq,lpm1,926,4,9,12,17,20,43,45,46,59,62,64,67,83,87,91,99
grid_eq,lpm1,927,8,10,11,16,24,32,36,44,53,60,61,65,66,73,78,90
grid_eq,lpm1,928,8,14,20,23,26,41,44,49,55,61,67,73,85,87,93,98
grid_eq,lpm1,929,1,5,10,14,17,22,37,40,41,54,65,66,80,83,93,99
grid_eq,lpm1,930,13,17,21,26,29,35,41,50,56,61,69,72,75,78,86,94
grid_eq,lpm1,931,4,10,15,18,21,43,46,48,56,60,73,76,81,84,87,98
grid_eq,lpm1,932,2,9,17,25,29,38,42,51,59,65,67,73,79,82,86,88
grid_eq,lpm1,933,1,12,19,25,37,41,45,50,52,65,67,70,81,89,94,96
grid_eq,lpm1,934,1,7,16,21,23,35,38,40,43,64,66,78,80,82,84,97
grid_eq,lpm1,935,3,6,11,14,18,29,34,38,61,66,68,75,81,83,90,97
grid_eq,lpm1,936,4,7,9,11,31,40,47,52,55,58,63,77,80,82,94,99
grid_eq,lpm1,937,2,4,17,24,28,32,40,45,52,58,66,72,79,85,91,97
grid_eq,lpm1,938,2,7,9,24,27,32,48,56,58,60,63,72,78,86,92,99
grid_eq,lpm1,939,8,12,15,21,28,36,41,50,59,64,73,79,81,87,88,95
grid_eq,lpm1,940,6,9,11,15,30,32,35,51,54,57,60,63,66,89,94,100
grid_eq,lpm1,941,4,8,12,28,34,36,41,48,50,56,63,68,81,84,90,97
grid_eq,lpm1,942,2,6,8,10,24,38,41,43,44,47,56,67,70,72,77,92
grid_eq,lpm1,943,6,9,11,24,39,42,44,46,53,60,73,77,79,84,86,98
grid_eq,lpm1,944,4,10,22,27,29,35,42,46,53,57,61,70,78,83,87,97
grid_eq,lpm1,945,1,5,13,24,29,43,46,49,58,61,64,75,78,80,84,97
grid_eq,lpm1,946,3,8,16,20,22,39,41,44,48,64,68,73,82,87,89,95
grid_eq,lpm1,947,2,4,8,19,33,34,39,46,62,64,67,71,80,83,88,97
grid_eq,lpm1,948,1,2,10,14,29,34,38,43,58,60,63,66,87,92,95,98
grid_eq,lpm1,949,1,4,13,18,27,31,36,50,59,67,74,81,85,89,92,97
grid_eq,lpm1,950,1,8,16,24,31,40,44,48,52,65,74,76,78,90,93,98
grid_eq,lpm1,951,3,4,11,27,30,35,38,50,52,54,58,66,74,82,89,98
grid_eq,lpm1,952,2,9,15,17,22,40,43,47,56,58,63,72,85,87,90,98
grid_eq,lpm1,953,2,7,10,25,32,34,37,39,62,65,67,69,74,81,87,90
grid_eq,lpm1,954,7,11,13,19,25,30,38,42,55,57,62,75,77,84,88,92
grid_eq,lpm1,955,6,10,13,29,32,34,47,50,58,62,64,66,70,84,91,98
grid_eq,lpm1,956,1,9,14,23,34,38,42,49,57,62,64,76,82,84,88,100
grid_eq,lpm1,957,8,13,16,25,33,48,50,52,55,58,64,71,83,88,94,100
grid_eq,lpm1,958,5,8,11,19,23,30,36,38,43,51,57,73,87,89,91,97
grid_eq,lpm1,959,8,15,21,23,29,40,43,55,57,59,71,78,82,84,89,91
grid_eq,lpm1,960,7,12,14,29,34,37,42,56,60,63,65,77,79,82,90,94
grid_eq,lpm1,961,4,13,18,25,30,42,48,52,55,60,67,73,78,84,86,92
grid_eq,lpm1,962,3,10,15,22,26,28,42,45,52,56,58,60,75,76,93,100
grid_eq,lpm1,963,2,7,21,25,28,32,38,44,46,54,58,61,69,83,85,88
grid_eq,lpm1,964,10,14,16,22,27,33,40,46,54,58,61,70,83,90,94,99
grid_eq,lpm1,965,1,13,16,20,29,31,44,47,51,63,66,70,79,83,86,94
grid_eq,lpm1,966,9,12,13,15,20,27,40,44,49,52,64,72,84,86,88,92
grid_eq,lpm1,967,1,4,9,25,29,36,41,48,60,62,64,81,84,86,88,90
grid_eq,lpm1,968,2,14,20,21,25,27,29,44,48,60,62,76,77,79,81,85
grid_eq,lpm1,969,3,19,22,25,26,40,41,45,48,66,68,74,85,87,92,100
grid_eq,lpm1,970,7,11,13,15,19,39,42,45,51,59,67,72,76,79,84,91
grid_eq,lpm1,971,2,15,18,22,27,32,38,40,46,54,67,79,84,91,97,100
grid_eq,lpm1,972,1,4,9,29,33,37,42,54,59,63,67,75,89,92,94,100
grid_eq,lpm1,973,6,11,18,29,34,36,43,49,51,65,69,77,81,86,93,99
grid_eq,lpm1,974,7,9,13,14,27,34,39,42,52,55,68,70,71,77,94,97
grid_eq,lpm1,975,2,7,14,26,35,36,40,41,58,61,63,76,82,90,94,97
grid_eq,lpm1,976,6,9,12,23,31,35,40,43,54,57,78,81,83,87,95,100
grid_eq,lpm1,977,3,5,7,22,30,38,46,50,52,55,57,61,81,86,89,95
grid_eq,lpm1,978,5,20,21,23,24,27,37,39,46,52,59,60,64,82,89,94
grid_eq,lpm1,979,2,4,6,20,21,29,43,47,54,57,60,62,68,89,92,94
grid_eq,lpm1,980,2,6,10,19,28,31,33,35,52,60,66,71,73,74,78,87
grid_eq,lpm1,981,2,5,7,10,21,28,42,45,49,51,53,56,71,76,79,96
grid_eq,lpm1,982,4,6,10,23,26,43,54,58,62,76,78,80,84,91,96,100
grid_eq,lpm1,983,1,8,16,21,24,38,44,53,58,60,61,81,84,88,97,100
grid_eq,lpm1,984,2,6,14,17,40,46,51,53,54,59,66,74,82,89,95,100
grid_eq,lpm1,985,1,4,8,10,30,35,37,39,43,51,54,57,74,93,95,99
grid_eq,lpm1,986,9,13,16,22,24,43,46,48,61,63,65,67,70,81,87,89
grid_eq,lpm1,987,1,4,9,15,20,27,35,39,41,56,64,73,77,86,88,92
grid_eq,lpm1,988,5,7,11,20,23,32,38,46,55,59,61,74,81,87,92,100
grid_eq,lpm1,989,3,5,26,28,33,45,49,60,63,66,71,75,87,91,95,100
grid_eq,lpm1,990,8,12,15,23,30,38,46,51,53,59,67,84,90,91,94,96
grid_eq,lpm1,991,5,11,20,27,33,35,42,49,63,66,69,75,78,81,95,99
grid_eq,lpm1,992,2,6,19,25,30,31,33,49,55,58,75,78,82,90,91,98
grid_eq,lpm1,993,18,21,24,26,29,31,40,47,53,62,65,68,81,90,95,99
grid_eq,lpm1,994,2,4,16,20,21,29,35,41,50,53,57,62,65,91,95,99
grid_eq,lpm1,995,1,8,15,16,29,32,36,40,49,63,68,75,82,88,93,97
grid_eq,lpm1,996,6,9,13,14,17,36,40,43,47,55,58,63,67,79,93,98
grid_eq,lpm1,997,2,8,16,27,31,33,40,46,54,58,60,61,76,88,92,95
grid_eq,lpm1,998,5,8,14,30,31,35,37,49,64,68,70,71,75,88,91,96
grid_eq,lpm1,999,5,13,22,28,31,35,43,50,54,58,75,78,84,90,91,97
grid_eq,lpm1,1000,5,6,10,12,27,28,32,37,56,62,64,67,69,82,86,100
grid_eq,lpm1,1001,4,6,8,11,34,38,45,52,57,64,67,70,85,89,91,97
grid_eq,lpm1,1002,5,9,13,18,21,29,33,36,44,56,62,75,80,81,89,92
grid_eq,lpm1,1003,5,14,21,26,29,37,43,45,51,60,62,66,88,92,95,99
grid_eq,lpm1,1004,5,12,20,26,29,32,34,47,52,64,66,68,72,89,95,98
grid_eq,lpm1,1005,1,8,15,16,21,39,44,47,56,67,68,73,75,89,91,97
grid_eq,lpm1,1006,7,9,14,16,22,35,41,48,52,54,67,71,84,89,96,100
grid_eq,lpm1,1007,9,11,13,27,29,32,35,46,48,63,72,76,79,92,96,100
grid_eq,lpm1,1008,2,4,6,20,24,28,32,46,55,58,66,71,77,79,93,99
grid_eq,lpm1,1009,7,14,21,25,28,40,44,48,51,53,57,74,78,80,89,91
grid_eq,lpm1,1010,6,21,24,27,29,33,37,51,60,63,64,76,79,92,94,99
grid_eq,lpm1,1011,2,5,10,17,22,29,42,46,55,57,61,73,77,80,92,94
grid_eq,lpm1,1012,2,9,16,23,24,28,44,46,54,67,70,74,79,92,95,97
grid_eq,lpm1,1013,2,5,25,29,33,36,40,52,55,59,68,71,76,87,91,94
grid_eq,lpm1,1014,3,7,9,12,20,25,32,45,47,53,58,64,79,81,83,87
grid_eq,lpm1,1015,2,7,13,21,25,27,39,40,43,47,53,70,77,79,81,94
grid_eq,lpm1,1016,5,22,24,27,30,42,45,47,53,57,74,78,80,81,87,94
grid_eq,lpm1,1017,4,6,9,13,21,29,44,47,53,58,61,66,70,78,81,84
grid_eq,lpm1,1018,4,17,19,22,31,43,46,54,57,59,66,70,74,81,98,100
grid_eq,lpm1,1019,1,5,8,21,29,33,35,38,52,55,68,71,83,88,90,95
grid_eq,lpm1,1020,5,11,28,30,32,34,45,54,60,62,68,81,83,86,89,100
grid_eq,lpm1,1021,2,12,17,19,23,30,31,45,48,65,68,71,73,74,87,89
grid_eq,lpm1,1022,3,8,19,26,31,34,48,52,65,69,72,77,89,92,94,97
grid_eq,lpm1,1023,11,15,20,23,35,37,51,53,59,65,70,71,76,78,85,87
grid_eq,lpm1,1024,5,19,25,31,35,39,43,47,54,61,63,68,76,79,81,88
grid_eq,lpm1,1025,1,19,21,24,34,38,40,46,59,62,64,79,82,87,94,100
grid_eq,lpm1,1026,5,9,13,17,38,42,45,51,58,65,67,71,76,90,97,99
grid_eq,lpm1,1027,3,5,7,22,27,36,38,43,50,61,64,78,79,83,94,97
grid_eq,lpm1,1028,5,20,22,26,35,42,48,49,51,58,64,70,77,81,95,100
grid_eq,lpm1,1029,9,11,16,18,24,35,47,50,55,61,63,68,82,88,90,96
grid_eq,lpm1,1030,2,17,21,24,26,42,44,46,60,63,65,77,80,82,89,93
grid_eq,lpm1,1031,3,8,15,27,30,33,39,45,51,60,66,82,86,88,94,100
grid_eq,lpm1,1032,3,7,9,15,22,35,43,47,59,60,61,65,67,93,95,98
grid_eq,lpm1,1033,3,18,21,25,30,38,45,47,53,59,65,73,76,80,93,97
grid_eq,lpm1,1034,3,12,20,26,28,32,37,51,55,57,60,72,75,86,88,99
grid_eq,lpm1,1035,2,4,19,20,23,27,36,41,54,56,60,62,68,82,89,96
grid_eq,lpm1,1036,5,11,14,29,35,38,42,49,53,65,67,78,81,83,95,99
grid_eq,lpm1,1037,1,4,6,12,18,34,39,46,52,65,68,70,71,76,93,96
grid_eq,lpm1,1038,1,5,20,23,28,35,43,47,58,64,72,77,79,81,84,100
grid_eq,lpm1,1039,2,5,6,10,24,31,36,48,50,54,56,61,74,79,88,91
grid_eq,lpm1,1040,4,8,10,12,27,31,37,45,57,62,68,71,75,88,93,100
grid_eq,lpm1,1041,11,15,20,22,27,36,39,50,54,56,63,74,78,92,97,100
grid_eq,lpm1,1042,5,10,13,17,19,31,34,39,51,66,69,74,78,82,93,99
grid_eq,lpm1,1043,7,10,13,25,31,38,45,54,57,60,63,68,71,83,86,89
grid_eq,lpm1,1044,5,9,12,26,29,37,41,48,53,55,66,70,79,82,84,87
grid_eq,lpm1,1045,2,5,8,23,26,31,35,48,50,51,65,70,72,78,86,97
grid_eq,lpm1,1046,6,10,18,21,24,36,42,56,59,70,71,74,78,92,95,100
grid_eq,lpm1,1047,12,23,25,28,31,39,44,50,56,61,65,74,79,81,93,99
grid_eq,lpm1,1048,1,15,17,28,30,36,41,44,52,64,69,77,85,88,93,99
grid_eq,lpm1,1049,4,11,18,24,40,43,56,58,61,70,71,76,79,85,92,97
grid_eq,lpm1,1050,7,12,16,20,25,38,40,41,45,54,56,61,75,80,87,93
grid_eq,lpm1,1051,2,7,15,21,35,39,48,50,51,63,65,66,71,86,97,100
grid_eq,lpm1,1052,8,10,12,14,27,40,41,46,49,55,64,70,83,90,91,96
grid_eq,lpm1,1053,3,10,27,29,33,34,38,54,61,66,69,78,83,85,93,99
grid_eq,lpm1,1054,7,12,14,18,21,34,39,51,53,64,66,78,87,90,91,95
grid_eq,lpm1,1055,10,15,18,23,26,29,41,44,49,58,62,68,76,83,85,96
grid_eq,lpm1,1056,3,18,20,21,27,34,38,46,56,63,68,76,83,89,91,94
grid_eq,lpm1,1057,1,5,9,16,28,35,39,44,53,62,67,74,79,90,91,97
grid_eq,lpm1,1058,2,15,16,27,30,34,41,43,49,58,67,71,75,77,94,99
grid_eq,lpm1,1059,7,12,19,24,27,31,36,49,57,60,63,80,82,84,87,91
grid_eq,lpm1,1060,8,16,23,25,30,31,42,44,49,57,63,68,79,83,96,99
grid_eq,lpm1,1061,4,8,19,25,32,43,50,54,56,58,62,74,78,87,90,94
grid_eq,lpm1,1062,4,17,19,23,30,32,35,50,53,55,58,73,79,85,86,95
grid_eq,lpm1,1063,2,15,26,28,34,40,41,49,53,55,56,74,81,87,89,98
grid_eq,lpm1,1064,12,15,17,20,29,32,36,44,57,70,71,74,76,79,93,96
grid_eq,lpm1,1065,6,13,14,19,21,42,45,48,50,61,74,78,80,91,95,98
grid_eq,lpm1,1066,7,11,15,19,26,34,40,43,48,63,65,78,83,95,97,100
grid_eq,lpm1,1067,1,7,20,33,34,39,47,55,57,61,66,71,79,84,93,99
grid_eq,lpm1,1068,4,8,10,13,22,27,34,36,41,53,70,79,83,87,92,96
grid_eq,lpm1,1069,9,14,21,25,29,37,42,53,56,60,65,67,71,86,88,91
grid_eq,lpm1,1070,3,8,11,15,23,30,35,38,52,56,68,75,82,87,94,100
grid_eq,lpm1,1071,6,12,20,22,35,37,40,43,52,58,66,72,84,88,93,97
grid_eq,lpm1,1072,4,15,23,27,36,40,41,53,60,62,65,68,74,83,88,90
grid_eq,lpm1,1073,10,11,24,28,35,39,41,47,54,59,68,71,80,85,88,94
grid_eq,lpm1,1074,1,4,9,23,28,36,39,53,54,57,62,66,80,84,93,95
grid_eq,lpm1,1075,7,11,13,16,29,34,42,48,55,61,69,80,82,84,86,98
grid_eq,lpm1,1076,2,7,21,26,28,36,39,52,54,56,68,83,86,91,93,99
grid_eq,lpm1,1077,2,5,13,17,36,40,42,48,59,61,63,64,66,86,90,92
grid_eq,lpm1,1078,4,8,12,21,27,32,39,46,52,55,58,71,77,85,90,91
grid_eq,lpm1,1079,9,21,26,28,30,33,38,41,55,59,64,73,76,79,92,98
grid_eq,lpm1,1080,7,22,24,27,29,31,38,42,56,60,68,71,73,85,97,99
grid_eq,lpm1,1081,5,7,12,23,26,30,45,53,55,57,67,69,74,89,91,96
grid_eq,lpm1,1082,7,10,15,21,27,34,38,42,54,57,62,65,88,90,91,98
grid_eq,lpm1,1083,1,5,22,26,30,41,48,58,65,71,73,76,88,89,90,93
grid_eq,lpm1,1084,2,5,8,20,27,32,37,44,49,60,61,73,74,81,87,89
grid_eq,lpm1,1085,5,10,12,25,28,38,39,42,59,62,65,78,85,90,92,97
grid_eq,lpm1,1086,4,7,9,24,32,35,40,41,53,57,60,74,76,82,89,96
grid_eq,lpm1,1087,5,12,27,29,31,43,46,50,51,58,64,76,78,82,98,100
grid_eq,lpm1,1088,2,6,14,18,32,35,37,40,59,61,63,66,68,75,83,98
grid_eq,lpm1,1089,1,4,17,25,29,32,45,47,49,60,61,74,76,82,89,96
grid_eq,lpm1,1090,9,12,14,20,25,39,41,44,48,52,66,75,79,86,94,98
grid_eq,lpm1,1091,1,10,13,15,18,31,37,40,51,53,64,72,76,79,87,95
grid_eq,lpm1,1092,8,11,17,23,30,34,45,47,57,63,66,75,80,88,93,100
grid_eq,lpm1,1093,1,3,10,17,33,39,46,48,53,63,69,71,84,86,95,98
grid_eq,lpm1,1094,3,14,19,27,31,36,43,47,50,52,66,72,79,86,90,97
grid_eq,lpm1,1095,3,11,17,20,24,36,38,44,53,59,73,80,81,86,93,97
grid_eq,lpm1,1096,6,8,14,22,29,35,42,55,58,63,69,78,84,86,90,93
grid_eq,lpm1,1097,1,14,19,20,27,33,35,48,50,52,56,61,67,83,88,96
grid_eq,lpm1,1098,5,9,12,18,35,39,43,48,52,56,60,64,73,76,88,93
grid_eq,lpm1,1099,13,14,18,26,39,42,50,54,56,61,70,73,82,85,88,100
grid_eq,lpm1,1100,1,5,9,18,22,32,36,40,48,55,61,71,79,83,97,100
grid_eq,lpm1,1101,5,10,11,13,28,31,34,43,47,59,72,77,80,88,93,95
grid_eq,lpm1,1102,3,6,18,24,30,33,35,48,54,60,63,71,74,76,92,99
grid_eq,lpm1,1103,12,17,20,23,26,32,45,47,51,57,70,73,76,89,93,95
grid_eq,lpm1,1104,1,3,7,18,26,33,37,45,54,67,69,70,81,84,86,99
grid_eq,lpm1,1105,4,7,9,22,25,40,43,47,55,58,62,67,76,84,93,97
grid_eq,lpm1,1106,2,7,15,21,30,38,43,45,49,51,56,68,80,83,86,94
grid_eq,lpm1,1107,7,9,16,21,32,36,38,41,45,65,67,72,80,81,95,99
grid_eq,lpm1,1108,3,5,21,26,29,40,43,46,54,61,65,72,78,84,97,100
grid_eq,lpm1,1109,4,19,21,25,28,41,47,54,56,60,65,72,86,93,97,99
grid_eq,lpm1,1110,1,8,19,22,27,33,37,41,44,68,70,73,75,81,96,98
grid_eq,lpm1,1111,11,16,18,22,29,36,44,48,50,53,62,67,68,75,83,98
grid_eq,lpm1,1112,2,8,14,17,33,34,38,50,52,57,65,73,78,85,96,100
grid_eq,lpm1,1113,3,5,22,27,30,35,41,48,50,52,72,74,77,80,95,99
grid_eq,lpm1,1114,13,14,17,19,22,38,44,47,50,53,75,78,81,89,93,96
grid_eq,lpm1,1115,2,16,20,24,28,33,44,50,52,57,63,76,80,84,88,92
grid_eq,lpm1,1116,6,9,13,24,29,31,35,42,47,54,58,78,84,87,92,98
grid_eq,lpm1,1117,6,11,17,20,22,33,37,42,54,60,66,72,87,93,98,100
grid_eq,lpm1,1118,10,11,13,18,25,32,39,44,46,57,62,68,70,73,87,96
grid_eq,lpm1,1119,1,5,7,25,38,41,50,51,55,64,67,73,79,81,88,94
grid_eq,lpm1,1120,4,7,10,21,26,35,37,43,62,65,66,69,73,85,88,100
grid_eq,lpm1,1121,4,11,20,25,27,35,41,47,50,51,58,73,74,76,88,98
grid_eq,lpm1,1122,5,20,22,27,28,37,42,44,50,58,69,75,82,89,91,97
grid_eq,lpm1,1123,1,4,9,17,20,26,34,42,48,51,55,57,63,87,92,100
grid_eq,lpm1,1124,3,6,11,18,26,33,45,49,53,58,74,82,85,88,97,100
grid_eq,lpm1,1125,1,9,16,24,28,33,37,54,57,61,69,78,83,85,97,100
grid_eq,lpm1,1126,6,9,17,21,23,41,43,55,60,61,67,73,80,86,92,99
grid_eq,lpm1,1127,15,17,22,26,34,43,47,50,56,62,64,79,81,94,97,100
grid_eq,lpm1,1128,2,8,15,23,34,42,46,50,52,68,73,74,79,80,87,93
grid_eq,lpm1,1129,10,14,16,23,29,36,41,50,53,68,71,75,82,87,90,96
grid_eq,lpm1,1130,5,8,11,26,29,32,44,50,57,63,71,75,78,86,95,100
grid_eq,lpm1,1131,3,8,16,20,24,32,35,46,58,61,63,75,77,79,83,95
grid_eq,lpm1,1132,1,10,13,15,18,33,37,39,57,61,63,75,78,80,84,93
grid_eq,lpm1,1133,1,8,23,27,39,45,48,61,67,70,71,79,84,86,93,99
grid_eq,lpm1,1134,12,14,16,18,20,39,42,46,51,58,65,73,76,81,87,99
grid_eq,lpm1,1135,1,4,9,17,37,41,43,46,52,64,66,68,79,82,85,100
grid_eq,lpm1,1136,3,7,23,26,30,33,44,47,57,63,70,71,79,86,94,97
grid_eq,lpm1,1137,3,7,12,15,29,35,40,42,54,57,59,65,72,84,87,89
grid_eq,lpm1,1138,2,6,10,14,28,32,55,56,59,60,61,73,74,79,81,98
grid_eq,lpm1,1139,6,11,19,24,33,36,45,47,50,52,76,78,84,94,96,100
grid_eq,lpm1,1140,10,18,21,23,24,26,38,42,57,59,63,66,77,81,83,99
grid_eq,lpm1,1141,5,9,12,33,37,39,40,45,53,57,69,73,76,85,89,92
grid_eq,lpm1,1142,2,6,24,28,30,32,45,47,55,61,68,70,76,87,92,99
grid_eq,lpm1,1143,23,25,27,32,36,40,48,53,54,65,68,79,80,82,85,91
grid_eq,lpm1,1144,2,15,22,27,30,43,49,50,51,55,57,74,78,90,92,95
grid_eq,lpm1,1145,7,9,12,14,28,32,34,37,49,52,57,64,76,82,88,94
grid_eq,lpm1,1146,2,10,19,21,23,25,28,34,46,62,69,73,76,88,95,99
grid_eq,lpm1,1147,4,7,23,26,29,32,48,50,53,56,68,72,81,84,86,100
grid_eq,lpm1,1148,1,10,15,16,24,39,41,46,60,63,65,72,79,85,87,93
grid_eq,lpm1,1149,5,9,16,22,27,38,45,52,55,59,70,73,76,81,94,98
grid_eq,lpm1,1150,3,5,9,27,32,35,41,44,48,60,69,75,81,84,89,97
grid_eq,lpm1,1151,11,14,18,30,33,45,47,50,58,64,70,71,76,87,92,95
grid_eq,lpm1,1152,1,5,9,23,26,40,51,55,60,67,73,79,86,92,96,99
grid_eq,lpm1,1153,3,10,12,16,18,33,40,45,54,60,61,73,76,79,83,97
grid_eq,lpm1,1154,1,18,20,21,25,34,36,43,56,62,69,78,84,86,93,99
grid_eq,lpm1,1155,4,8,20,22,25,36,48,51,53,56,59,64,81,88,96,100
grid_eq,lpm1,1156,1,18,19,21,34,36,40,43,47,54,62,78,82,85,94,99
grid_eq,lpm1,1157,19,21,23,25,30,34,41,48,59,63,67,74,77,92,96,99
grid_eq,lpm1,1158,11,14,16,20,28,33,36,45,58,61,66,70,72,84,90,97
grid_eq,lpm1,1159,5,9,11,28,33,41,49,57,61,64,76,78,91,95,97,100
grid_eq,lpm1,1160,8,13,16,28,34,41,46,50,57,63,69,70,75,83,87,94
grid_eq,lpm1,1161,11,13,19,25,26,37,42,53,56,60,64,80,82,86,94,100
grid_eq,lpm1,1162,4,9,17,24,28,37,39,41,45,56,69,74,83,92,97,100
grid_eq,lpm1,1163,6,9,14,21,36,40,44,47,64,70,71,78,86,91,95,100
grid_eq,lpm1,1164,3,18,20,23,31,35,38,49,61,63,65,67,69,80,81,86
grid_eq,lpm1,1165,2,15,19,26,31,34,37,49,54,63,66,75,82,86,93,100
grid_eq,lpm1,1166,6,12,15,27,30,31,43,47,51,53,58,60,75,87,90,91
grid_eq,lpm1,1167,7,13,15,22,29,36,50,55,57,61,63,79,84,87,93,96
grid_eq,lpm1,1168,3,17,20,25,32,45,48,51,59,63,65,78,79,83,94,100
grid_eq,lpm1,1169,10,13,17,24,36,38,41,54,63,65,66,69,89,91,95,100
grid_eq,lpm1,1170,4,13,27,34,39,41,43,47,61,68,70,72,85,90,91,98
grid_eq,lpm1,1171,5,13,20,22,28,37,42,46,50,62,69,71,74,78,93,97
grid_eq,lpm1,1172,2,16,17,21,33,37,42,48,57,64,80,81,83,88,94,100
grid_eq,lpm1,1173,2,7,9,25,29,32,35,38,49,61,68,71,75,84,86,98
grid_eq,lpm1,1174,9,11,16,23,29,47,49,51,53,57,64,70,82,86,88,93
grid_eq,lpm1,1175,2,5,26,29,31,33,38,45,63,66,67,80,81,83,86,88
grid_eq,lpm1,1176,9,13,16,24,31,45,47,50,53,58,71,77,79,85,92,97
grid_eq,lpm1,1177,6,22,26,29,31,37,46,59,63,65,76,79,90,91,96,98
grid_eq,lpm1,1178,5,8,13,17,20,32,35,38,60,62,64,79,81,85,92,99
grid_eq,lpm1,1179,2,5,9,25,27,31,33,40,48,51,64,72,77,90,94,97
grid_eq,lpm1,1180,7,14,35,37,40,41,43,60,61,65,66,79,81,92,96,98
grid_eq,lpm1,1181,2,13,16,19,24,33,38,40,54,58,62,77,79,84,92,97
grid_eq,lpm1,1182,7,11,12,18,35,43,47,49,51,56,58,65,76,83,96,100
grid_eq,lpm1,1183,6,8,12,14,29,36,42,45,58,60,66,71,73,84,96,100
grid_eq,lpm1,1184,16,19,21,24,33,38,41,50,51,55,58,64,76,93,96,100
grid_eq,lpm1,1185,5,9,13,18,27,40,42,52,55,58,70,71,75,86,95,98
grid_eq,lpm1,1186,3,14,19,25,34,41,47,49,61,63,67,74,83,87,98,100
grid_eq,lpm1,1187,2,9,23,27,32,35,38,49,51,55,67,70,83,91,94,97
grid_eq,lpm1,1188,1,9,15,18,23,39,45,47,53,66,71,85,90,91,93,96
grid_eq,lpm1,1189,1,3,10,26,29,35,42,48,53,55,58,61,76,84,89,98
grid_eq,lpm1,1190,3,9,17,21,29,34,41,48,54,65,68,73,79,85,88,91
grid_eq,lpm1,1191,5,11,17,19,24,41,44,47,55,59,63,66,68,82,87,90
grid_eq,lpm1,1192,2,4,8,23,28,31,50,55,58,61,66,78,85,90,94,98
grid_eq,lpm1,1193,1,8,13,26,28,34,37,50,51,63,65,68,77,79,86,94
grid_eq,lpm1,1194,12,17,20,24,32,35,48,51,57,60,61,65,76,88,92,94
grid_eq,lpm1,1195,6,13,18,24,39,40,46,51,54,62,69,78,82,85,91,99
grid_eq,lpm1,1196,4,6,7,11,19,25,32,46,52,54,59,70,73,75,86,90
grid_eq,lpm1,1197,3,9,22,25,30,32,36,39,44,58,70,72,78,81,85,96
grid_eq,lpm1,1198,6,12,18,26,30,38,41,46,53,58,62,65,66,85,89,94
grid_eq,lpm1,1199,3,6,7,10,14,32,36,38,44,58,73,75,79,91,93,97
grid_eq,lpm1,1200,3,14,17,18,21,34,40,47,53,54,61,72,79,86,95,99
grid_eq,lpm1,1201,2,6,23,27,29,34,37,45,50,52,69,80,82,86,88,95
grid_eq,lpm1,1202,5,10,13,25,31,35,37,43,62,67,70,73,81,87,89,96
grid_eq,lpm1,1203,6,8,13,29,31,33,35,37,50,53,59,65,71,86,90,98
grid_eq,lpm1,1204,4,6,10,21,28,31,44,48,52,64,69,86,90,92,95,98
grid_eq,lpm1,1205,3,7,12,24,30,31,36,48,50,61,65,69,77,82,89,94
grid_eq,lpm1,1206,1,7,14,22,29,36,41,44,50,52,67,70,75,82,89,97
grid_eq,lpm1,1207,2,5,9,20,22,26,37,43,51,60,64,67,69,72,88,93
grid_eq,lpm1,1208,5,13,16,18,33,36,40,54,67,69,73,76,81,89,95,98
grid_eq,lpm1,1209,5,12,17,20,25,28,32,36,55,59,62,66,81,88,95,100
grid_eq,lpm1,1210,3,4,8,10,32,37,43,49,56,64,72,76,79,91,93,97
grid_eq,lpm1,1211,6,8,12,24,34,36,48,50,51,53,55,59,67,85,87,100
grid_eq,lpm1,1212,2,15,19,27,33,35,46,57,64,68,70,72,86,90,91,95
grid_eq,lpm1,1213,2,8,11,15,17,33,37,49,64,67,68,72,85,89,93,100
grid_eq,lpm1,1214,1,7,15,19,22,27,37,41,44,57,75,80,83,92,96,99
grid_eq,lpm1,1215,1,15,23,28,34,40,42,56,58,62,70,72,74,89,92,98
grid_eq,lpm1,1216,9,11,14,28,33,39,45,51,63,68,70,87,89,92,95,100
grid_eq,lpm1,1217,3,8,11,16,29,34,47,54,57,61,69,70,74,81,87,98
grid_eq,lpm1,1218,1,8,16,22,36,40,43,48,56,58,60,64,72,84,89,98
grid_eq,lpm1,1219,3,8,10,11,38,43,45,56,61,64,68,76,83,88,90,91
grid_eq,lpm1,1220,6,21,23,26,36,38,40,45,56,62,73,74,76,78,97,100
grid_eq,lpm1,1221,5,11,14,17,26,30,34,39,52,67,69,74,82,89,93,99
grid_eq,lpm1,1222,1,5,18,24,29,31,35,42,54,60,63,69,77,86,88,94
grid_eq,lpm1,1223,4,6,19,21,34,37,41,43,49,58,64,76,83,90,91,95
grid_eq,lpm1,1224,1,6,10,22,24,29,36,43,49,57,61,73,80,85,88,97
grid_eq,lpm1,1225,6,12,18,24,26,34,50,53,59,66,71,73,77,80,85,96
grid_eq,lpm1,1226,4,6,18,23,29,34,43,48,50,56,61,74,80,93,97,100
grid_eq,lpm1,1227,14,17,20,25,31,34,47,54,58,60,75,78,83,86,90,91
grid_eq,lpm1,1228,4,10,12,24,28,36,42,45,48,63,68,71,79,86,95,98
grid_eq,lpm1,1229,3,8,14,26,41,43,46,49,54,60,71,74,83,88,97,100
grid_eq,lpm1,1230,1,3,16,19,25,44,48,56,60,63,68,76,82,84,90,96
grid_eq,lpm1,1231,3,4,12,19,31,35,37,49,52,59,61,65,77,90,91,97
grid_eq,lpm1,1232,4,9,11,13,17,30,34,41,48,55,66,70,73,88,94,99
grid_eq,lpm1,1233,3,10,11,15,27,28,34,50,52,58,65,66,77,90,91,95
grid_eq,lpm1,1234,1,5,14,17,26,33,35,55,57,59,73,78,80,82,95,99
grid_eq,lpm1,1235,5,7,10,12,24,38,41,44,46,63,78,80,82,86,92,100
grid_eq,lpm1,1236,10,15,22,28,36,40,41,44,57,59,63,71,80,84,88,95
grid_eq,lpm1,1237,9,12,18,26,43,45,47,50,63,64,70,71,78,89,93,95
grid_eq,lpm1,1238,1,15,16,22,30,33,36,39,55,70,73,76,85,88,91,100
grid_eq,lpm1,1239,6,9,12,28,31,33,40,44,46,51,57,80,83,88,91,100
grid_eq,lpm1,1240,20,22,26,28,34,37,41,50,55,62,67,75,78,82,94,98
grid_eq,lpm1,1241,4,11,18,20,33,42,45,50,58,61,63,70,74,79,82,96
grid_eq,lpm1,1242,9,14,21,29,32,44,47,51,56,59,67,72,85,88,94,98
grid_eq,lpm1,1243,4,8,25,29,30,32,37,41,53,55,57,66,76,89,92,100
grid_eq,lpm1,1244,11,25,26,28,32,36,39,45,51,59,63,66,70,82,84,95
grid_eq,lpm1,1245,11,13,16,25,30,39,44,46,50,61,67,85,88,91,94,98
grid_eq,lpm1,1246,9,12,15,18,34,37,40,43,52,56,64,69,81,83,89,97
grid_eq,lpm1,1247,6,10,22,23,28,31,35,40,51,66,67,68,84,86,90,93
grid_eq,lpm1,1248,14,19,23,26,39,41,48,55,61,66,70,72,78,84,90,96
grid_eq,lpm1,1249,1,6,19,22,25,30,37,45,53,60,62,66,78,82,95,99
grid_eq,lpm1,1250,3,17,19,20,31,35,39,47,55,61,63,76,84,88,92,99
grid_eq,lpm1,1251,4,17,21,26,29,31,36,38,40,51,65,74,76,79,82,98
grid_eq,lpm1,1252,12,16,18,20,21,24,35,47,52,56,63,79,82,88,96,99
grid_eq,lpm1,1253,9,13,14,21,28,36,44,50,52,55,58,73,78,82,89,96
grid_eq,lpm1,1254,5,10,11,16,18,31,44,48,50,61,65,73,79,80,84,87
grid_eq,lpm1,1255,4,12,18,25,27,33,37,40,52,55,66,72,79,85,86,92
grid_eq,lpm1,1256,5,12,20,21,25,28,40,48,51,64,68,77,81,85,91,100
grid_eq,lpm1,1257,4,6,8,10,24,29,38,41,54,57,63,68,77,83,92,97
grid_eq,lpm1,1258,6,9,11,24,26,33,37,46,55,60,62,68,74,86,94,97
grid_eq,lpm1,1259,6,10,21,23,26,35,41,49,53,56,58,72,75,76,90,92
grid_eq,lpm1,1260,3,9,21,25,27,34,40,41,52,65,68,72,76,84,89,96
grid_eq,lpm1,1261,7,10,12,15,24,26,50,51,53,56,58,81,84,86,89,97
grid_eq,lpm1,1262,10,15,17,23,26,29,31,36,54,59,60,71,75,78,89,99
grid_eq,lpm1,1263,4,8,13,17,30,31,48,55,56,59,61,74,80,86,93,95
grid_eq,lpm1,1264,1,3,5,10,17,37,43,45,49,56,72,81,86,89,95,100
grid_eq,lpm1,1265,10,13,19,21,24,27,36,43,50,52,54,66,73,75,77,80
grid_eq,lpm1,1266,1,7,15,29,39,41,46,51,54,60,65,67,82,89,93,95
grid_eq,lpm1,1267,2,4,15,28,30,36,42,45,49,51,65,69,77,93,96,100
grid_eq,lpm1,1268,1,5,22,26,28,41,45,49,52,66,68,70,81,88,95,100
grid_eq,lpm1,1269,4,6,12,19,28,32,35,38,59,64,67,82,85,88,91,99
grid_eq,lpm1,1270,6,9,12,23,27,32,47,49,56,58,62,64,78,83,91,99
grid_eq,lpm1,1271,12,14,18,21,26,35,39,40,42,57,59,62,76,88,92,97
grid_eq,lpm1,1272,13,15,17,19,21,36,40,44,54,57,63,70,83,86,88,97
grid_eq,lpm1,1273,3,7,16,20,21,31,38,47,54,67,70,72,82,84,89,95
grid_eq,lpm1,1274,6,11,20,26,32,34,39,41,47,55,61,70,73,76,79,96
grid_eq,lpm1,1275,1,7,10,19,23,25,51,57,59,63,70,75,77,81,83,90
grid_eq,lpm1,1276,3,4,8,20,22,39,52,54,58,67,72,78,80,85,93,96
grid_eq,lpm1,1277,6,11,15,29,31,34,46,50,52,55,67,70,83,94,98,100
grid_eq,lpm1,1278,3,15,18,29,32,37,43,48,54,57,59,61,74,89,93,96
grid_eq,lpm1,1279,8,14,21,27,32,37,44,50,62,67,69,74,83,87,95,97
grid_eq,lpm1,1280,7,9,13,14,18,31,33,46,55,62,70,78,82,86,90,94
grid_eq,lpm1,1281,5,11,17,29,31,37,45,52,54,59,67,72,80,85,89,92
grid_eq,lpm1,1282,4,12,19,26,32,38,40,43,59,62,64,66,75,79,95,97
grid_eq,lpm1,1283,3,14,17,30,43,44,46,48,53,66,68,70,72,74,86,98
grid_eq,lpm1,1284,6,17,19,22,24,40,43,47,49,63,64,72,78,87,90,95
grid_eq,lpm1,1285,1,4,7,24,29,33,35,48,53,57,66,73,79,86,92,100
grid_eq,lpm1,1286,5,13,21,26,28,32,48,51,54,56,63,69,75,81,86,89
grid_eq,lpm1,1287,5,8,12,23,26,30,43,45,57,65,70,77,89,91,93,95
grid_eq,lpm1,1288,1,3,9,15,29,34,38,42,46,59,63,74,81,85,87,99
grid_eq,lpm1,1289,5,8,12,16,23,40,43,46,57,65,70,71,78,90,91,95
grid_eq,lpm1,1290,1,13,15,18,30,41,47,50,56,61,68,71,75,83,89,97
grid_eq,lpm1,1291,2,7,18,22,25,30,43,46,48,54,61,65,68,76,83,98
grid_eq,lpm1,1292,4,7,10,11,24,31,39,46,59,62,64,67,82,90,94,97
grid_eq,lpm1,1293,4,6,10,11,27,33,44,46,53,59,60,65,77,80,83,97
grid_eq,lpm1,1294,5,8,13,30,32,38,46,50,52,65,70,73,76,78,85,99
grid_eq,lpm1,1295,4,12,15,29,33,40,47,53,55,59,61,67,72,75,89,97
grid_eq,lpm1,1296,1,6,9,15,28,34,40,41,47,52,67,69,74,82,86,88
grid_eq,lpm1,1297,5,11,13,26,29,35,41,52,63,64,76,78,81,84,89,96
grid_eq,lpm1,1298,2,9,13,17,29,33,37,41,44,60,63,68,75,76,93,97
grid_eq,lpm1,1299,1,7,22,34,36,39,40,43,65,68,70,72,87,93,97,99
grid_eq,lpm1,1300,6,10,13,14,28,31,35,48,54,62,70,76,81,84,90,99
grid_eq,lpm1,1301,5,10,22,28,40,43,46,49,55,62,66,70,75,82,88,96
grid_eq,lpm1,1302,5,8,20,23,26,44,47,51,56,58,63,74,88,91,95,98
grid_eq,lpm1,1303,2,10,14,18,36,38,40,41,61,66,68,70,72,74,94,99
grid_eq,lpm1,1304,2,12,17,18,24,35,39,41,53,58,74,80,85,93,97,99
grid_eq,lpm1,1305,7,13,19,21,28,36,41,48,52,65,67,70,71,78,84,97
grid_eq,lpm1,1306,14,18,21,26,33,36,47,51,57,59,73,75,77,81,97,100
grid_eq,lpm1,1307,7,11,13,20,39,42,46,51,53,54,70,79,81,86,93,100
grid_eq,lpm1,1308,2,7,15,18,20,21,39,45,54,62,66,70,73,77,92,97
grid_eq,lpm1,1309,1,3,4,7,9,29,32,46,54,59,61,67,71,79,86,92
grid_eq,lpm1,1310,5,7,20,22,25,36,48,51,54,57,69,71,74,86,89,91
grid_eq,lpm1,1311,10,15,21,22,28,41,45,47,50,58,63,75,88,90,92,96
grid_eq,lpm1,1312,3,17,19,31,34,38,43,46,49,58,61,75,78,89,91,94
grid_eq,lpm1,1313,2,10,16,22,25,38,42,47,55,62,68,70,75,83,89,97
grid_eq,lpm1,1314,3,9,11,25,30,34,38,41,46,56,64,67,70,71,89,94
grid_eq,lpm1,1315,1,13,15,17,20,42,44,48,50,53,65,70,77,82,85,97
grid_eq,lpm1,1316,2,7,13,15,34,40,43,47,49,52,65,68,79,81,85,87
grid_eq,lpm1,1317,4,10,18,22,40,41,45,47,57,62,65,66,68,81,87,89
grid_eq,lpm1,1318,3,16,19,23,30,32,37,51,57,62,65,69,70,90,91,95
grid_eq,lpm1,1319,2,10,11,17,19,32,36,44,60,62,64,67,78,83,86,99
grid_eq,lpm1,1320,2,8,13,25,30,37,42,54,56,60,71,73,77,85,92,98
grid_eq,lpm1,1321,1,6,15,34,39,43,47,52,57,60,65,81,83,89,95,97
grid_eq,lpm1,1322,2,14,16,18,22,36,40,42,51,57,75,76,81,83,89,100
grid_eq,lpm1,1323,2,8,15,17,23,29,34,46,52,56,60,69,74,83,90,98
grid_eq,lpm1,1324,9,15,23,26,39,43,46,52,56,65,79,80,83,88,92,95
grid_eq,lpm1,1325,6,8,10,12,23,29,34,37,41,52,56,64,69,84,86,100
grid_eq,lpm1,1326,5,6,11,13,17,19,32,45,48,52,57,74,77,80,93,100
grid_eq,lpm1,1327,2,4,16,20,21,28,33,42,56,59,60,63,76,80,83,96
grid_eq,lpm1,1328,10,12,14,19,26,39,42,45,53,58,71,73,76,82,94,99
grid_eq,lpm1,1329,3,7,15,19,22,32,37,39,45,48,62,65,80,81,87,94
grid_eq,lpm1,1330,4,11,16,19,33,44,48,51,58,63,64,76,82,87,90,98
grid_eq,lpm1,1331,4,9,11,17,22,34,38,43,46,51,67,70,79,81,85,87
grid_eq,lpm1,1332,3,7,10,25,37,42,45,53,61,67,69,70,77,81,84,89
grid_eq,lpm1,1333,3,4,15,19,33,37,39,53,61,64,67,87,89,90,92,94
grid_eq,lpm1,1334,3,7,10,16,21,31,39,47,51,53,66,71,86,90,95,97
grid_eq,lpm1,1335,3,5,20,21,26,29,37,43,52,59,67,71,74,87,94,98
grid_eq,lpm1,1336,7,12,14,26,36,42,53,56,58,64,71,79,85,87,91,100
grid_eq,lpm1,1337,5,8,12,24,32,37,39,60,63,64,68,72,81,85,88,97
grid_eq,lpm1,1338,6,8,12,33,34,36,48,51,54,67,70,72,74,78,87,92
grid_eq,lpm1,1339,3,8,14,23,26,29,38,42,47,57,65,82,86,93,98,100
grid_eq,lpm1,1340,15,18,20,23,26,41,45,49,58,62,73,76,80,81,89,94
grid_eq,lpm1,1341,7,11,15,27,29,30,32,34,57,63,64,68,75,80,82,97
grid_eq,lpm1,1342,2,6,9,27,33,40,42,46,62,64,66,68,73,86,90,91
grid_eq,lpm1,1343,11,15,17,18,20,35,40,42,48,51,57,74,76,79,82,97
grid_eq,lpm1,1344,2,10,13,15,29,34,43,51,60,65,69,76,83,85,89,98
grid_eq,lpm1,1345,2,8,10,13,26,32,34,41,48,55,60,68,71,82,84,88
grid_eq,lpm1,1346,1,7,15,23,28,34,42,46,50,58,64,66,72,78,84,98
grid_eq,lpm1,1347,3,19,23,26,28,32,39,45,59,64,66,73,79,91,94,97
grid_eq,lpm1,1348,4,11,26,29,32,45,48,56,61,74,78,80,83,87,91,96
grid_eq,lpm1,1349,12,13,15,27,29,41,44,49,68,70,75,77,83,90,91,97
grid_eq,lpm1,1350,4,9,15,18,22,30,33,47,65,68,73,76,81,90,96,98
grid_eq,lpm1,1351,1,5,8,20,29,31,35,50,53,57,67,73,75,87,89,92
grid_eq,lpm1,1352,7,10,14,22,33,36,40,45,61,64,67,69,73,81,86,90
grid_eq,lpm1,1353,11,15,18,20,26,31,38,49,54,72,74,77,80,82,91,98
grid_eq,lpm1,1354,13,15,19,26,35,38,40,42,51,58,74,77,89,93,95,100
grid_eq,lpm1,1355,8,13,14,33,39,40,41,48,64,69,71,73,77,90,91,97
grid_eq,lpm1,1356,2,8,13,19,25,32,35,50,51,56,57,64,68,83,90,99
grid_eq,lpm1,1357,6,13,14,18,21,35,39,40,51,57,64,72,76,80,88,94
grid_eq,lpm1,1358,4,11,16,18,23,33,45,50,52,55,59,68,71,84,87,89
grid_eq,lpm1,1359,12,14,17,19,31,33,37,45,59,68,73,75,79,81,92,98
grid_eq,lpm1,1360,1,17,29,30,31,34,37,43,62,66,68,86,89,92,95,98
grid_eq,lpm1,1361,2,7,10,13,25,45,47,52,54,56,69,83,85,88,91,95
grid_eq,lpm1,1362,10,13,18,21,24,33,36,38,57,62,64,69,83,87,94,99
grid_eq,lpm1,1363,17,18,21,24,38,40,42,44,56,58,63,72,80,86,92,99
grid_eq,lpm1,1364,5,12,25,28,31,40,43,44,59,62,64,67,78,82,95,99
grid_eq,lpm1,1365,4,6,13,22,27,29,37,43,44,60,65,74,76,89,92,95
grid_eq,lpm1,1366,4,7,21,30,35,39,42,57,62,65,79,83,87,91,95,100
grid_eq,lpm1,1367,2,15,19,23,24,27,41,47,53,59,64,66,78,85,91,98
grid_eq,lpm1,1368,3,6,11,18,30,32,47,58,60,61,76,81,84,88,90,92
grid_eq,lpm1,1369,7,11,14,22,37,39,40,45,53,64,67,76,80,83,93,96
grid_eq,lpm1,1370,3,8,24,29,34,43,46,52,57,60,64,73,76,81,88,99
grid_eq,lpm1,1371,6,8,12,23,38,40,47,51,56,64,72,87,90,93,96,98
grid_eq,lpm1,1372,5,9,22,27,34,39,47,50,53,64,66,75,79,82,93,100
grid_eq,lpm1,1373,1,5,13,16,20,34,39,52,55,59,67,72,78,91,94,96
grid_eq,lpm1,1374,4,6,12,18,19,37,42,44,57,60,63,72,85,88,92,100
grid_eq,lpm1,1375,4,11,17,18,25,43,44,47,50,58,62,69,75,81,92,95
grid_eq,lpm1,1376,3,24,27,29,33,37,40,41,45,48,52,66,71,80,87,94
grid_eq,lpm1,1377,8,13,20,24,26,32,41,45,48,60,64,66,79,80,81,86
grid_eq,lpm1,1378,6,9,12,23,26,29,31,48,50,52,64,66,79,83,93,99
grid_eq,lpm1,1379,4,16,22,27,30,34,37,45,51,63,70,77,79,85,93,99
grid_eq,lpm1,1380,2,18,22,27,30,38,46,52,57,61,66,75,79,83,95,98
grid_eq,lpm1,1381,6,13,19,24,28,30,34,49,53,55,60,76,81,85,94,97
grid_eq,lpm1,1382,6,9,11,23,32,36,40,51,55,60,67,82,86,90,94,98
grid_eq,lpm1,1383,12,16,25,28,30,32,44,49,56,63,64,68,80,84,92,97
grid_eq,lpm1,1384,2,4,18,27,30,46,51,53,59,65,71,73,77,89,93,97
grid_eq,lpm1,1385,4,7,13,19,25,32,36,54,60,63,69,74,76,82,96,98
grid_eq,lpm1,1386,2,9,25,32,38,40,46,51,55,57,60,73,78,86,91,100
grid_eq,lpm1,1387,2,6,19,22,27,47,49,53,61,67,74,79,81,85,87,90
grid_eq,lpm1,1388,2,8,25,29,32,35,37,49,53,67,71,73,75,79,90,97
grid_eq,lpm1,1389,11,15,18,27,35,37,41,59,60,62,66,68,73,75,86,95
grid_eq,lpm1,1390,4,10,13,16,29,32,35,50,53,55,66,70,81,88,93,98
grid_eq,lpm1,1391,2,4,8,21,24,28,36,55,59,60,73,78,81,86,89,97
grid_eq,lpm1,1392,4,8,23,26,28,31,40,43,47,52,72,74,76,78,93,99
grid_eq,lpm1,1393,9,18,21,34,40,45,51,53,57,58,70,74,77,85,91,100
grid_eq,lpm1,1394,3,16,18,19,21,41,47,52,65,70,74,76,81,92,95,100
grid_eq,lpm1,1395,5,9,10,11,25,33,42,45,47,56,62,69,74,86,90,94
grid_eq,lpm1,1396,2,15,17,24,29,40,42,46,51,60,63,65,77,84,94,99
grid_eq,lpm1,1397,7,11,15,24,37,39,45,51,54,59,67,71,77,85,93,97
grid_eq,lpm1,1398,7,12,19,21,24,26,30,42,49,53,75,76,78,92,94,98
grid_eq,lpm1,1399,5,12,14,17,20,34,46,49,60,62,73,75,77,88,91,94
grid_eq,lpm1,1400,1,8,10,24,28,31,39,42,47,50,55,58,72,88,94,100
grid_eq,lpm1,1401,6,10,11,23,28,31,35,47,62,67,70,72,74,86,89,100
grid_eq,lpm1,1402,1,8,14,19,33,38,45,50,51,57,64,68,73,89,92,97
grid_eq,lpm1,1403,12,24,27,28,32,38,45,50,56,61,63,69,84,90,93,98
grid_eq,lpm1,1404,3,4,9,24,27,30,39,41,46,54,62,67,78,81,95,98
grid_eq,lpm1,1405,7,12,16,28,33,39,42,46,50,55,69,73,80,84,92,95
grid_eq,lpm1,1406,1,9,14,16,33,38,49,51,54,56,58,67,73,86,90,93
grid_eq,lpm1,1407,4,9,18,21,26,33,34,48,57,62,66,74,82,88,96,100
grid_eq,lpm1,1408,3,8,14,16,21,28,43,52,54,58,60,66,78,83,96,98
grid_eq,lpm1,1409,1,5,8,22,30,38,43,45,49,54,68,71,73,75,86,88
grid_eq,lpm1,1410,4,8,16,23,27,31,34,39,58,61,69,70,72,75,87,93
grid_eq,lpm1,1411,5,9,21,31,39,43,46,54,60,69,72,74,77,81,90,96
grid_eq,lpm1,1412,1,4,16,24,29,31,34,51,63,65,67,69,70,76,82,98
grid_eq,lpm1,1413,7,11,14,18,37,40,43,51,55,56,59,62,83,85,88,100
grid_eq,lpm1,1414,3,12,19,25,27,31,39,45,47,54,56,65,78,83,94,97
grid_eq,lpm1,1415,16,19,24,27,31,33,36,49,53,65,68,70,76,85,93,98
grid_eq,lpm1,1416,2,8,15,21,29,35,39,51,56,59,63,72,78,80,94,97
grid_eq,lpm1,1417,2,18,20,21,24,27,36,49,53,54,58,75,83,87,89,100
grid_eq,lpm1,1418,4,8,11,16,30,33,35,39,46,53,60,74,76,79,92,99
grid_eq,lpm1,1419,2,5,18,29,32,35,37,52,56,58,71,78,82,87,94,99
grid_eq,lpm1,1420,9,13,15,26,29,42,47,53,55,59,61,76,82,85,97,100
grid_eq,lpm1,1421,3,8,12,32,35,37,39,54,58,60,66,71,73,80,84,87
grid_eq,lpm1,1422,6,8,23,24,37,40,41,44,54,56,60,63,71,76,90,95
grid_eq,lpm1,1423,2,18,23,24,29,43,47,49,52,57,65,81,86,88,93,99
grid_eq,lpm1,1424,2,17,20,24,33,44,46,50,52,58,67,83,87,89,90,92
grid_eq,lpm1,1425,10,11,24,26,40,43,45,49,51,67,72,74,78,80,91,98
grid_eq,lpm1,1426,3,7,25,32,35,48,53,60,62,65,74,77,79,90,92,96
grid_eq,lpm1,1427,7,11,18,23,25,32,37,46,50,62,64,69,76,93,98,100
grid_eq,lpm1,1428,14,19,22,27,31,37,39,44,57,60,64,72,76,78,95,100
grid_eq,lpm1,1429,4,11,19,23,28,34,37,49,51,56,65,68,84,88,92,97
grid_eq,lpm1,1430,4,8,17,21,25,32,37,51,59,67,70,75,79,83,91,99
grid_eq,lpm1,1431,2,7,19,23,25,35,38,40,42,64,67,70,71,83,87,100
grid_eq,lpm1,1432,5,12,16,20,34,38,42,49,52,57,70,75,76,84,92,98
grid_eq,lpm1,1433,12,18,21,26,30,34,41,49,54,60,71,73,75,79,84,97
grid_eq,lpm1,1434,6,10,11,19,24,27,36,42,44,53,60,68,72,78,85,97
grid_eq,lpm1,1435,2,4,8,10,17,24,38,46,52,58,71,73,77,84,89,94
grid_eq,lpm1,1436,3,7,14,21,29,43,45,46,60,64,69,72,75,77,83,97
grid_eq,lpm1,1437,4,7,15,19,33,44,46,50,51,66,70,72,77,85,93,97
grid_eq,lpm1,1438,2,15,17,20,23,45,49,52,56,60,61,72,85,86,89,99
grid_eq,lpm1,1439,3,8,16,25,28,32,34,49,50,52,63,66,68,84,90,92
grid_eq,lpm1,1440,11,13,17,26,30,33,37,56,61,65,70,72,78,85,88,93
grid_eq,lpm1,1441,2,15,17,19,21,24,38,41,43,50,67,68,71,75,87,91
grid_eq,lpm1,1442,6,13,15,22,36,40,43,49,52,56,65,78,81,84,88,100
grid_eq,lpm1,1443,3,9,15,31,33,36,39,45,60,62,67,71,73,85,88,100
grid_eq,lpm1,1444,2,17,20,24,26,32,39,45,52,58,65,67,71,87,94,100
grid_eq,lpm1,1445,5,10,16,21,23,32,37,39,59,61,67,74,83,87,89,95
grid_eq,lpm1,1446,2,18,20,22,26,36,38,43,51,59,64,67,84,86,94,99
grid_eq,lpm1,1447,6,11,18,24,33,36,40,44,48,60,62,65,77,87,91,94
grid_eq,lpm1,1448,4,12,18,19,23,35,36,40,49,52,57,71,83,85,86,89
grid_eq,lpm1,1449,3,10,14,17,23,29,32,36,60,63,67,68,74,83,87,90
grid_eq,lpm1,1450,1,7,13,27,30,31,36,53,58,62,70,74,76,79,91,96
grid_eq,lpm1,1451,9,12,26,28,30,31,34,48,54,61,68,76,81,84,88,99
grid_eq,lpm1,1452,4,8,12,20,25,34,45,49,51,54,66,74,78,91,96,99
grid_eq,lpm1,1453,14,18,22,29,33,36,44,50,57,61,75,77,80,82,95,100
grid_eq,lpm1,1454,1,17,25,28,30,33,42,46,55,63,64,69,71,76,89,95
grid_eq,lpm1,1455,3,11,15,19,30,34,42,46,48,61,68,74,80,88,94,97
grid_eq,lpm1,1456,6,11,14,26,29,41,43,50,61,65,68,73,80,89,92,98
grid_eq,lpm1,1457,1,3,7,25,33,36,38,59,61,64,66,77,80,82,92,98
grid_eq,lpm1,1458,1,13,15,18,29,31,36,40,44,49,63,66,82,89,94,100
grid_eq,lpm1,1459,2,4,9,16,20,25,34,43,56,60,61,75,79,88,93,96
grid_eq,lpm1,1460,1,9,14,17,31,38,40,44,55,61,67,69,73,88,91,99
grid_eq,lpm1,1461,1,8,21,25,34,36,42,54,59,60,67,81,84,86,89,99
grid_eq,lpm1,1462,7,10,13,21,26,28,33,42,59,65,71,74,76,80,93,98
grid_eq,lpm1,1463,2,4,17,26,34,39,43,47,51,57,64,85,89,91,95,97
grid_eq,lpm1,1464,1,4,10,18,25,39,41,55,56,60,61,76,83,88,91,100
grid_eq,lpm1,1465,3,10,16,22,27,43,46,49,52,67,69,71,74,92,96,100
grid_eq,lpm1,1466,7,11,14,19,30,41,45,56,58,63,72,83,86,89,90,97
grid_eq,lpm1,1467,4,9,20,23,32,34,38,45,54,59,73,76,78,90,92,97
grid_eq,lpm1,1468,1,5,18,26,33,40,55,58,62,64,67,78,83,86,90,94
grid_eq,lpm1,1469,5,9,11,14,26,28,41,43,54,58,60,63,84,92,96,99
grid_eq,lpm1,1470,2,9,16,23,30,31,34,36,39,53,58,66,72,74,95,99
grid_eq,lpm1,1471,10,14,16,21,23,36,39,51,54,56,68,70,82,84,88,99
grid_eq,lpm1,1472,6,12,17,20,21,29,34,39,43,55,62,69,74,77,83,89
grid_eq,lpm1,1473,13,15,27,30,33,35,39,48,54,63,67,80,82,85,88,97
grid_eq,lpm1,1474,3,5,8,12,19,24,43,46,49,60,64,81,85,87,89,93
grid_eq,lpm1,1475,2,7,16,27,29,32,34,37,50,52,54,56,70,72,85,96
grid_eq,lpm1,1476,8,11,13,22,26,29,34,43,48,51,67,72,78,79,95,98
grid_eq,lpm1,1477,2,5,8,19,22,26,41,47,55,62,67,70,75,76,88,91
grid_eq,lpm1,1478,6,11,13,20,25,27,33,42,45,48,60,64,66,90,92,99
grid_eq,lpm1,1479,2,8,24,26,28,33,50,63,66,69,75,77,80,83,94,99
grid_eq,lpm1,1480,7,10,11,24,31,35,40,46,51,64,68,80,84,89,92,95
grid_eq,lpm1,1481,2,7,14,28,30,32,35,47,55,58,62,69,76,82,84,88
grid_eq,lpm1,1482,1,4,16,25,28,38,44,50,61,64,70,73,76,79,95,98
grid_eq,lpm1,1483,13,15,17,32,37,40,44,58,61,64,81,84,87,96,98,100
grid_eq,lpm1,1484,2,10,14,17,25,29,31,44,47,59,63,74,79,86,90,97
grid_eq,lpm1,1485,2,4,17,19,22,38,41,45,52,58,61,65,70,73,76,88
grid_eq,lpm1,1486,2,10,17,19,23,25,37,42,48,54,72,74,78,79,83,96
grid_eq,lpm1,1487,18,25,29,30,31,33,37,45,62,65,67,72,79,80,88,95
grid_eq,lpm1,1488,8,11,13,15,29,42,46,48,51,54,60,63,67,69,76,94
grid_eq,lpm1,1489,1,8,10,16,22,34,37,42,45,58,63,68,75,82,88,92
grid_eq,lpm1,1490,10,11,22,25,29,34,40,55,58,60,61,77,82,84,89,95
grid_eq,lpm1,1491,3,5,8,26,28,33,45,47,51,60,63,65,66,78,82,97
grid_eq,lpm1,1492,1,6,8,13,14,34,38,40,43,56,60,63,67,81,84,96
grid_eq,lpm1,1493,10,11,18,24,33,37,39,45,67,69,72,74,81,83,90,97
grid_eq,lpm1,1494,3,11,14,16,18,20,42,48,54,67,68,70,73,86,91,99
grid_eq,lpm1,1495,7,11,13,24,26,30,33,37,45,56,61,63,70,78,87,96
grid_eq,lpm1,1496,2,14,16,23,27,30,31,48,57,63,72,74,76,80,92,96
grid_eq,lpm1,1497,2,7,9,22,34,39,47,50,61,65,67,72,79,86,91,96
grid_eq,lpm1,1498,7,12,14,27,32,34,39,40,46,63,67,70,89,91,93,96
grid_eq,lpm1,1499,9,11,16,24,28,31,45,49,52,57,59,63,74,82,88,96
grid_eq,lpm1,1500,2,4,9,24,32,38,40,44,46,53,64,67,69,82,84,87
grid_eq,lpm1,1501,13,14,26,31,37,39,40,53,54,61,68,75,80,83,87,95
grid_eq,lpm1,1502,4,13,19,21,25,30,43,47,54,59,63,66,77,84,90,99
grid_eq,lpm1,1503,5,16,23,29,32,36,45,50,51,69,71,76,80,84,94,99
grid_eq,lpm1,1504,6,12,18,25,30,31,37,53,55,58,79,81,84,86,90,93
grid_eq,lpm1,1505,5,9,12,27,30,31,36,43,60,62,65,76,78,84,91,95
grid_eq,lpm1,1506,8,11,13,26,29,33,35,41,48,51,54,58,60,85,86,91
grid_eq,lpm1,1507,1,10,17,23,25,32,36,38,43,59,67,74,78,92,95,97
grid_eq,lpm1,1508,2,7,15,28,30,31,45,51,63,69,70,75,82,87,90,96
grid_eq,lpm1,1509,3,7,11,25,30,31,38,50,55,62,69,77,82,86,89,94
grid_eq,lpm1,1510,2,7,14,20,22,39,45,47,60,62,66,72,74,77,95,97
grid_eq,lpm1,1511,1,19,25,27,33,36,40,41,45,63,66,69,77,83,95,98
grid_eq,lpm1,1512,10,12,14,17,19,34,40,46,52,58,69,72,74,87,93,100
grid_eq,lpm1,1513,4,11,16,22,28,34,40,42,46,53,61,67,74,82,89,100
grid_eq,lpm1,1514,1,5,22,24,27,29,40,48,54,62,66,77,80,83,94,100
grid_eq,lpm1,1515,13,15,19,26,31,43,45,49,56,58,63,75,78,81,86,98
grid_eq,lpm1,1516,5,6,10,22,33,36,39,53,58,71,74,78,80,84,91,99
grid_eq,lpm1,1517,5,18,20,22,25,33,47,53,55,60,67,83,84,88,93,99
grid_eq,lpm1,1518,3,7,14,21,34,38,41,45,50,57,64,69,76,83,89,96
grid_eq,lpm1,1519,1,7,15,23,28,30,35,39,43,51,53,58,66,79,83,87
grid_eq,lpm1,1520,7,14,18,21,23,38,39,52,55,57,73,75,80,87,92,97
grid_eq,lpm1,1521,3,5,7,29,32,36,40,45,58,61,70,74,79,87,91,97
grid_eq,lpm1,1522,2,11,15,17,18,33,35,50,56,65,71,77,79,91,96,99
grid_eq,lpm1,1523,3,8,14,25,30,32,36,47,51,55,60,73,76,78,91,99
grid_eq,lpm1,1524,1,4,20,27,31,38,43,44,59,66,68,74,87,90,92,94
grid_eq,lpm1,1525,2,10,17,18,25,43,48,51,55,62,66,74,78,83,86,90
grid_eq,lpm1,1526,3,7,22,24,28,30,31,47,53,58,65,77,79,81,86,94
grid_eq,lpm1,1527,1,23,25,27,33,36,40,49,58,62,64,86,88,92,94,98
grid_eq,lpm1,1528,2,7,9,14,26,40,43,47,59,61,63,66,79,82,84,96
grid_eq,lpm1,1529,10,14,16,23,28,33,39,41,46,56,64,71,77,80,89,97
grid_eq,lpm1,1530,5,11,14,19,27,30,36,41,43,55,70,73,75,79,86,99
grid_eq,lpm1,1531,1,5,7,20,22,24,31,44,49,66,69,71,74,87,96,99
grid_eq,lpm1,1532,8,11,14,23,36,41,47,49,53,54,58,70,82,87,90,94
grid_eq,lpm1,1533,12,15,23,28,40,42,45,48,53,55,58,61,83,84,87,100
grid_eq,lpm1,1534,2,5,7,14,21,28,33,47,49,55,60,63,76,80,87,93
grid_eq,lpm1,1535,1,13,15,20,26,42,44,47,56,61,68,74,80,85,93,99
grid_eq,lpm1,1536,14,16,21,30,35,43,47,50,53,65,74,76,87,90,91,97
grid_eq,lpm1,1537,3,5,20,22,27,32,46,49,61,64,66,69,78,85,94,99
grid_eq,lpm1,1538,1,5,20,27,33,37,39,41,45,64,68,70,71,76,83,88
grid_eq,lpm1,1539,4,21,26,30,33,37,49,51,53,57,66,70,82,84,90,96
grid_eq,lpm1,1540,6,8,11,23,25,38,43,52,56,60,65,77,83,86,94,99
grid_eq,lpm1,1541,7,13,19,24,35,38,49,53,55,61,66,74,78,82,87,100
grid_eq,lpm1,1542,1,6,15,20,36,39,41,55,57,62,70,73,76,82,88,99
grid_eq,lpm1,1543,1,6,10,13,29,34,37,45,52,59,68,75,78,82,86,100
grid_eq,lpm1,1544,1,9,12,15,17,35,41,48,59,63,64,67,83,90,95,98
grid_eq,lpm1,1545,2,4,7,24,31,39,51,56,59,65,67,72,84,87,93,100
grid_eq,lpm1,1546,1,8,15,20,21,35,46,48,51,59,62,73,88,90,93,97
grid_eq,lpm1,1547,5,8,23,26,38,43,54,57,60,61,66,75,82,88,95,99
grid_eq,lpm1,1548,2,14,16,18,32,34,46,48,59,63,68,74,82,85,92,97
grid_eq,lpm1,1549,5,11,16,20,34,39,47,53,59,62,75,77,82,87,93,99
grid_eq,lpm1,1550,8,21,23,26,28,35,48,63,64,67,70,73,76,81,94,97
grid_eq,lpm1,1551,4,7,12,18,35,40,41,49,53,58,77,81,89,95,97,100
grid_eq,lpm1,1552,2,6,9,22,26,31,37,44,57,59,62,67,84,87,94,100
grid_eq,lpm1,1553,2,8,14,28,31,35,37,55,62,64,70,73,76,79,91,98
grid_eq,lpm1,1554,10,11,13,18,24,32,37,39,57,60,61,64,73,80,87,93
grid_eq,lpm1,1555,1,4,7,22,27,29,36,42,58,63,66,68,82,85,91,100
grid_eq,lpm1,1556,3,9,15,17,21,23,39,51,54,67,68,81,85,89,92,97
grid_eq,lpm1,1557,5,8,17,22,30,43,44,48,52,55,61,79,83,86,92,99
grid_eq,lpm1,1558,1,6,15,30,31,36,43,48,55,63,67,69,75,83,89,91
grid_eq,lpm1,1559,4,10,12,26,29,32,37,44,55,56,59,61,70,73,79,94
grid_eq,lpm1,1560,1,7,13,29,30,35,37,43,49,62,74,76,78,82,85,99
grid_eq,lpm1,1561,2,8,14,16,21,33,37,49,54,62,68,81,83,88,90,96
grid_eq,lpm1,1562,6,10,13,15,41,44,49,60,62,65,68,74,80,81,92,97
grid_eq,lpm1,1563,1,3,15,18,29,33,36,38,51,54,60,72,77,91,95,99
grid_eq,lpm1,1564,6,10,11,19,23,37,43,48,52,68,70,73,85,87,90,92
grid_eq,lpm1,1565,1,4,7,13,18,37,40,42,44,48,61,67,73,79,85,98
grid_eq,lpm1,1566,3,6,20,21,23,27,42,49,51,56,60,67,79,83,85,100
grid_eq,lpm1,1567,6,14,20,22,26,31,38,43,50,55,59,63,74,77,90,93
grid_eq,lpm1,1568,2,5,23,28,30,36,42,45,49,58,63,74,78,82,96,100
grid_eq,lpm1,1569,3,5,10,18,21,38,44,58,60,62,65,67,74,87,91,96
grid_eq,lpm1,1570,3,6,8,12,14,42,46,57,59,65,73,77,81,95,98,100
grid_eq,lpm1,1571,12,23,26,29,34,40,42,47,56,59,62,77,79,81,84,96
grid_eq,lpm1,1572,3,6,17,22,33,37,40,45,59,64,71,83,85,88,90,94
grid_eq,lpm1,1573,8,11,20,25,28,34,43,48,50,64,67,71,79,91,94,98
grid_eq,lpm1,1574,12,14,16,20,28,42,45,49,52,54,75,76,80,83,88,99
grid_eq,lpm1,1575,2,11,15,18,26,34,37,42,53,68,70,71,75,83,88,98
grid_eq,lpm1,1576,9,14,23,30,31,34,49,50,52,69,72,75,78,90,91,95
grid_eq,lpm1,1577,9,15,18,22,30,34,42,46,54,66,68,70,81,86,89,94
grid_eq,lpm1,1578,13,15,17,21,26,29,43,44,49,51,56,62,86,88,90,94
grid_eq,lpm1,1579,5,7,11,18,24,29,32,46,61,66,74,77,81,86,90,99
grid_eq,lpm1,1580,5,11,16,17,31,33,40,46,49,61,67,75,84,89,95,100
grid_eq,lpm1,1581,12,15,21,30,32,34,37,49,61,67,73,74,76,81,89,95
grid_eq,lpm1,1582,7,12,19,21,25,33,45,48,54,57,62,70,77,85,89,92
grid_eq,lpm1,1583,13,17,31,34,37,42,48,50,54,56,71,74,76,83,88,96
grid_eq,lpm1,1584,1,4,13,20,24,29,38,45,52,56,67,71,83,85,97,100
grid_eq,lpm1,1585,4,6,19,21,35,41,43,48,50,59,64,73,79,81,90,95
grid_eq,lpm1,1586,1,15,18,19,23,34,37,49,52,54,75,77,79,81,92,97
grid_eq,lpm1,1587,6,10,11,13,28,34,39,41,46,53,54,69,71,77,85,89
grid_eq,lpm1,1588,1,3,7,15,27,29,38,46,57,64,70,73,78,86,92,95
grid_eq,lpm1,1589,4,7,11,16,28,32,34,49,55,57,69,73,82,86,97,100
grid_eq,lpm1,1590,2,7,10,11,29,40,44,46,55,61,69,76,83,87,91,94
grid_eq,lpm1,1591,3,17,19,20,22,25,44,49,51,57,64,71,84,89,94,98
grid_eq,lpm1,1592,7,13,21,26,34,38,52,56,60,63,69,72,85,91,94,99
grid_eq,lpm1,1593,2,8,16,23,27,32,44,47,49,58,63,76,78,81,93,98
grid_eq,lpm1,1594,5,10,11,17,25,37,41,43,49,50,66,73,74,89,94,98
grid_eq,lpm1,1595,8,13,15,20,21,33,45,48,53,57,75,78,80,82,84,96
grid_eq,lpm1,1596,3,6,8,21,28,33,35,46,49,55,62,80,85,92,95,98
grid_eq,lpm1,1597,3,5,8,11,20,32,35,39,54,67,69,72,90,92,94,98
grid_eq,lpm1,1598,3,10,16,22,27,29,33,45,48,53,55,60,78,80,84,92
grid_eq,lpm1,1599,2,15,19,22,26,33,39,42,47,54,66,70,73,78,85,93
grid_eq,lpm1,1600,12,15,16,18,21,34,38,41,45,49,64,66,71,77,79,98
grid_eq,lpm1,1601,8,11,13,24,27,43,45,49,53,55,76,80,81,91,96,98
grid_eq,lpm1,1602,2,7,20,22,26,29,36,38,41,53,56,70,71,84,87,97
grid_eq,lpm1,1603,2,6,11,15,29,32,45,48,50,54,62,66,78,83,84,99
grid_eq,lpm1,1604,1,4,10,24,27,33,41,48,54,60,62,67,73,80,84,89
grid_eq,lpm1,1605,5,8,21,23,28,37,41,43,49,55,62,66,74,80,88,99
grid_eq,lpm1,1606,12,16,22,27,30,35,42,46,52,65,66,78,80,82,88,94
grid_eq,lpm1,1607,8,20,23,25,29,36,41,43,49,57,74,77,81,93,96,100
grid_eq,lpm1,1608,4,7,10,12,21,26,37,45,58,60,64,67,71,88,92,96
grid_eq,lpm1,1609,4,8,20,22,24,37,42,44,60,66,73,80,81,86,89,95
grid_eq,lpm1,1610,1,5,8,13,30,31,35,47,55,59,61,68,73,77,85,88
grid_eq,lpm1,1611,6,20,21,25,28,39,46,52,55,60,63,77,81,88,93,96
grid_eq,lpm1,1612,3,5,22,28,30,35,42,48,62,70,75,77,79,81,84,86
grid_eq,lpm1,1613,2,13,17,25,40,44,46,51,53,66,69,82,84,88,97,100
grid_eq,lpm1,1614,8,11,14,16,20,34,46,53,54,58,70,83,87,89,92,95
grid_eq,lpm1,1615,1,8,13,20,34,36,43,52,59,64,77,79,82,95,98,100
grid_eq,lpm1,1616,11,14,17,23,30,35,38,42,55,58,61,67,80,83,87,91
grid_eq,lpm1,1617,4,8,11,13,32,37,39,51,55,56,60,72,75,78,84,90
grid_eq,lpm1,1618,2,5,20,23,25,28,42,47,59,64,66,75,89,91,94,97
grid_eq,lpm1,1619,8,11,26,29,38,41,43,45,57,59,61,77,80,81,88,94
grid_eq,lpm1,1620,1,5,10,19,27,33,45,51,60,64,68,76,82,84,87,99
grid_eq,lpm1,1621,3,8,11,15,20,34,38,49,56,63,72,74,79,80,87,96
grid_eq,lpm1,1622,8,11,22,27,29,34,41,47,49,61,64,69,72,76,94,99
grid_eq,lpm1,1623,12,14,17,20,33,35,37,39,51,68,80,83,87,91,96,100
grid_eq,lpm1,1624,3,5,12,18,27,38,45,53,60,61,65,69,71,74,86,88
grid_eq,lpm1,1625,5,10,12,18,21,25,42,47,55,63,69,71,74,77,80,92
grid_eq,lpm1,1626,5,17,19,21,32,38,41,50,53,56,65,68,74,79,82,91
grid_eq,lpm1,1627,5,9,11,16,22,25,37,41,48,54,60,73,86,88,93,96
grid_eq,lpm1,1628,8,10,22,25,34,40,45,47,52,60,66,74,78,81,88,95
grid_eq,lpm1,1629,2,16,18,22,29,34,45,51,57,60,63,65,78,85,92,97
grid_eq,lpm1,1630,11,15,18,27,35,40,41,43,47,59,60,71,86,94,96,98
grid_eq,lpm1,1631,2,7,9,23,32,36,44,48,51,56,67,71,80,83,85,99
grid_eq,lpm1,1632,1,4,6,9,24,30,32,36,38,56,58,61,64,75,92,99
grid_eq,lpm1,1633,5,8,10,11,17,22,35,37,61,65,68,80,81,83,85,98
grid_eq,lpm1,1634,15,18,21,24,30,34,48,53,58,60,74,77,81,85,93,99
grid_eq,lpm1,1635,3,9,16,22,27,31,39,44,55,62,68,69,73,85,95,100
grid_eq,lpm1,1636,2,14,16,19,35,38,42,47,50,55,63,65,70,77,82,96
grid_eq,lpm1,1637,8,10,12,15,21,28,35,53,54,58,69,83,84,87,96,100
grid_eq,lpm1,1638,4,7,21,25,31,40,46,53,54,57,59,71,74,95,97,100
grid_eq,lpm1,1639,2,4,18,22,26,29,37,43,44,61,66,68,70,82,87,95
grid_eq,lpm1,1640,3,7,9,15,26,31,39,42,45,58,63,76,78,83,92,99
grid_eq,lpm1,1641,9,17,22,24,26,40,42,46,56,59,61,64,78,83,96,99
grid_eq,lpm1,1642,1,6,20,25,27,28,32,44,47,61,68,72,84,87,90,95
grid_eq,lpm1,1643,5,11,13,19,26,36,39,52,55,58,61,70,78,82,85,98
grid_eq,lpm1,1644,5,8,12,28,33,34,41,47,60,62,65,69,78,83,87,91
grid_eq,lpm1,1645,5,12,21,25,26,29,40,42,48,52,64,77,82,88,93,98
grid_eq,lpm1,1646,3,19,20,22,24,33,36,39,58,63,64,67,83,85,89,95
grid_eq,lpm1,1647,5,7,12,13,19,30,36,38,43,44,57,61,78,84,91,98
grid_eq,lpm1,1648,1,5,7,22,28,32,35,50,52,58,65,69,77,82,84,97
grid_eq,lpm1,1649,6,12,25,28,32,40,44,47,57,61,64,70,89,92,94,97
grid_eq,lpm1,1650,2,9,15,17,22,26,43,44,46,50,55,71,84,88,96,100
grid_eq,lpm1,1651,2,15,20,26,34,36,38,43,60,69,72,85,86,92,97,100
grid_eq,lpm1,1652,2,15,17,19,22,36,43,45,48,50,61,64,79,87,92,95
grid_eq,lpm1,1653,1,15,17,23,29,30,35,38,41,54,60,65,71,82,88,96
grid_eq,lpm1,1654,13,15,20,22,26,38,41,46,50,61,65,72,76,80,87,98
grid_eq,lpm1,1655,1,6,9,23,27,32,36,41,53,59,74,80,88,91,95,99
grid_eq,lpm1,1656,11,14,19,20,27,32,34,47,50,52,56,75,79,82,96,100
grid_eq,lpm1,1657,3,7,19,21,30,33,38,45,49,61,64,71,77,79,94,100
grid_eq,lpm1,1658,2,15,18,20,31,33,37,44,49,56,69,73,78,84,86,91
grid_eq,lpm1,1659,7,13,15,22,27,30,38,44,55,57,61,80,82,84,86,88
grid_eq,lpm1,1660,2,10,14,17,22,28,31,40,45,56,61,68,75,83,88,95
grid_eq,lpm1,1661,1,4,6,9,12,27,33,44,51,56,59,72,75,78,87,94
grid_eq,lpm1,1662,2,5,7,26,31,37,39,45,53,60,61,76,78,93,96,100
grid_eq,lpm1,1663,8,15,23,26,41,43,47,50,55,62,72,77,79,88,95,100
grid_eq,lpm1,1664,2,10,14,27,35,40,42,55,60,66,72,74,79,81,90,93
grid_eq,lpm1,1665,5,11,14,18,20,25,34,37,48,62,65,68,71,86,93,98
grid_eq,lpm1,1666,1,8,15,21,23,29,45,58,66,70,73,78,85,90,91,94
grid_eq,lpm1,1667,1,10,13,16,22,27,34,47,55,56,61,70,84,95,98,100
grid_eq,lpm1,1668,8,13,15,22,27,29,41,45,48,58,66,73,79,81,94,98
grid_eq,lpm1,1669,11,13,15,16,18,38,40,44,52,56,59,71,73,77,96,100
grid_eq,lpm1,1670,1,16,22,25,35,39,41,48,55,64,68,70,71,77,83,88
grid_eq,lpm1,1671,12,15,18,19,23,31,45,47,62,67,69,70,74,89,91,97
grid_eq,lpm1,1672,3,9,12,25,27,43,44,47,52,59,73,75,76,78,80,96
grid_eq,lpm1,1673,3,4,9,27,29,32,36,45,59,62,65,77,83,84,90,99
grid_eq,lpm1,1674,3,20,21,25,28,32,36,45,47,59,67,72,81,84,86,97
grid_eq,lpm1,1675,2,14,19,26,31,34,38,43,46,63,71,76,78,90,95,98
grid_eq,lpm1,1676,2,6,9,14,32,37,49,53,66,70,74,78,83,86,91,98
grid_eq,lpm1,1677,2,6,17,22,30,33,35,46,59,61,68,70,75,76,83,95
grid_eq,lpm1,1678,8,12,15,24,30,38,43,44,56,58,61,70,74,78,83,98
grid_eq,lpm1,1679,3,4,7,21,29,32,35,48,52,55,61,70,79,83,96,100
grid_eq,lpm1,1680,2,15,19,27,30,32,43,47,54,58,60,61,83,85,87,89
grid_eq,lpm1,1681,11,15,19,26,32,35,39,51,57,65,68,71,73,90,96,98
grid_eq,lpm1,1682,12,15,22,27,30,33,47,52,57,59,72,74,77,79,92,96
grid_eq,lpm1,1683,8,13,25,29,33,47,49,54,57,63,70,71,84,88,91,100
grid_eq,lpm1,1684,1,15,18,20,34,46,48,51,53,58,60,66,81,83,84,88
grid_eq,lpm1,1685,1,9,11,14,27,30,31,37,52,58,69,71,73,74,76,87
grid_eq,lpm1,1686,3,7,18,23,35,43,50,56,58,63,71,74,77,89,93,95
grid_eq,lpm1,1687,4,12,20,23,27,32,46,49,52,54,64,77,79,90,93,95
grid_eq,lpm1,1688,5,10,18,21,23,24,41,47,55,60,63,77,80,83,85,88
grid_eq,lpm1,1689,7,9,14,22,26,33,47,51,58,64,66,70,72,86,95,100
grid_eq,lpm1,1690,4,8,21,23,26,37,42,44,50,57,63,74,79,87,92,100
grid_eq,lpm1,1691,3,7,21,30,38,41,43,44,56,58,71,75,78,86,92,100
grid_eq,lpm1,1692,2,6,8,29,32,34,36,38,58,63,70,71,75,90,94,97
grid_eq,lpm1,1693,10,11,15,16,31,39,44,54,57,61,69,83,85,91,97,100
grid_eq,lpm1,1694,2,9,16,28,31,35,43,50,58,61,64,67,77,85,93,98
grid_eq,lpm1,1695,8,12,24,27,33,34,40,41,47,56,58,67,73,74,80,96
grid_eq,lpm1,1696,3,7,24,27,33,36,40,54,62,65,67,70,85,88,92,100
grid_eq,lpm1,1697,2,8,11,25,35,38,40,51,54,66,69,70,82,85,88,91
grid_eq,lpm1,1698,1,13,17,20,26,31,35,42,47,49,54,68,73,89,93,96
grid_eq,lpm1,1699,1,4,6,17,29,32,35,55,57,60,61,68,85,93,98,100
grid_eq,lpm1,1700,4,9,17,23,40,41,43,45,58,61,64,66,70,83,86,100
grid_eq,lpm1,1701,4,7,24,30,33,45,47,49,52,64,66,79,82,87,95,98
grid_eq,lpm1,1702,5,7,12,19,26,41,46,48,50,55,61,73,79,87,93,99
grid_eq,lpm1,1703,4,7,11,25,27,30,43,48,58,61,66,72,74,80,88,96
grid_eq,lpm1,1704,3,6,10,24,28,41,45,48,50,62,71,74,86,89,94,98
grid_eq,lpm1,1705,2,4,27,29,32,35,40,43,46,65,67,71,80,83,87,99
grid_eq,lpm1,1706,1,9,17,24,36,40,42,44,57,59,62,64,78,81,95,99
grid_eq,lpm1,1707,8,12,14,21,27,34,45,48,62,67,70,83,85,88,93,96
grid_eq,lpm1,1708,10,13,16,22,28,31,38,45,58,63,65,71,76,84,90,99
grid_eq,lpm1,1709,4,11,12,19,27,30,34,45,47,53,62,67,79,82,85,87
grid_eq,lpm1,1710,9,20,22,25,34,37,39,43,61,65,70,73,77,79,88,92
grid_eq,lpm1,1711,10,11,14,16,27,34,42,50,64,68,71,73,86,89,90,94
grid_eq,lpm1,1712,6,10,24,26,31,34,37,50,51,68,74,79,82,87,93,99
grid_eq,lpm1,1713,10,11,17,22,25,29,45,48,51,64,66,68,75,83,92,100
grid_eq,lpm1,1714,3,16,18,21,23,29,31,45,47,63,64,71,76,79,90,93
grid_eq,lpm1,1715,2,4,9,17,32,40,44,46,52,59,64,72,77,80,85,100
grid_eq,lpm1,1716,2,5,16,19,30,31,33,45,47,59,63,71,77,85,90,93
grid_eq,lpm1,1717,1,7,14,25,30,32,38,43,46,54,68,70,76,83,84,100
grid_eq,lpm1,1718,1,10,24,26,29,32,36,49,50,52,56,76,78,82,84,91
grid_eq,lpm1,1719,6,14,23,29,30,35,43,48,54,61,69,77,82,94,96,100
grid_eq,lpm1,1720,3,6,11,18,20,34,38,41,45,58,61,65,70,83,88,94
grid_eq,lpm1,1721,3,19,21,27,31,33,36,38,55,58,63,76,79,85,91,99
grid_eq,lpm1,1722,5,11,16,19,31,43,49,55,57,61,70,73,75,76,96,100
grid_eq,lpm1,1723,1,7,14,19,36,43,48,50,55,63,66,78,81,83,86,90
grid_eq,lpm1,1724,8,10,13,17,32,34,36,39,53,57,64,75,77,89,92,95
grid_eq,lpm1,1725,12,14,21,29,34,39,46,50,53,66,69,73,75,81,84,99
grid_eq,lpm1,1726,8,12,13,19,26,32,37,48,55,66,70,73,75,89,91,99
grid_eq,lpm1,1727,9,16,20,23,25,28,31,43,46,62,68,80,81,85,89,92
grid_eq,lpm1,1728,4,8,20,25,31,36,38,40,52,54,65,68,79,91,94,96
grid_eq,lpm1,1729,12,14,17,18,29,36,44,50,51,56,59,72,75,93,96,98
grid_eq,lpm1,1730,14,18,23,29,32,36,38,51,56,59,73,74,78,91,93,100
grid_eq,lpm1,1731,6,8,11,24,29,33,37,52,60,64,66,71,75,77,88,90
grid_eq,lpm1,1732,2,4,18,21,27,41,45,47,49,53,58,66,83,87,93,100
grid_eq,lpm1,1733,8,12,20,26,29,31,37,56,61,69,73,75,78,86,90,91
grid_eq,lpm1,1734,1,15,18,27,31,34,43,49,57,59,70,72,83,85,86,100
grid_eq,lpm1,1735,7,12,14,18,30,33,47,49,55,59,62,71,84,86,90,92
grid_eq,lpm1,1736,4,7,23,27,40,41,45,47,49,52,66,68,71,82,86,99
grid_eq,lpm1,1737,2,10,15,21,27,37,41,46,50,57,65,74,83,87,90,93
grid_eq,lpm1,1738,6,11,13,14,17,19,36,47,54,63,67,69,74,91,97,100
grid_eq,lpm1,1739,3,5,12,17,19,41,45,48,49,52,58,61,77,79,83,97
grid_eq,lpm1,1740,7,9,13,21,28,45,49,51,54,56,63,68,85,87,89,91
grid_eq,lpm1,1741,6,10,11,24,39,41,45,48,60,69,71,74,76,82,88,98
grid_eq,lpm1,1742,6,17,19,25,28,31,33,51,57,59,64,75,77,84,90,97
grid_eq,lpm1,1743,8,11,12,25,29,33,35,54,56,59,65,71,84,89,91,100
grid_eq,lpm1,1744,4,6,12,18,20,21,48,53,56,61,65,68,80,85,87,98
grid_eq,lpm1,1745,1,8,16,21,37,43,44,46,49,61,66,68,79,82,86,93
grid_eq,lpm1,1746,6,13,21,25,39,45,54,58,60,61,67,75,80,82,87,94
grid_eq,lpm1,1747,3,10,16,18,31,33,35,38,53,58,60,65,80,82,86,99
grid_eq,lpm1,1748,1,5,17,20,23,35,40,44,48,52,68,75,77,81,88,94
grid_eq,lpm1,1749,3,9,12,17,25,37,45,51,53,57,59,64,79,83,94,97
grid_eq,lpm1,1750,1,4,6,18,32,34,41,49,50,57,65,71,86,90,91,94
grid_eq,lpm1,1751,3,11,14,19,31,35,39,43,54,59,76,79,83,85,98,100
grid_eq,lpm1,1752,1,6,13,17,20,32,41,44,47,49,50,72,76,85,89,97
grid_eq,lpm1,1753,3,17,22,26,28,31,35,43,49,59,73,75,79,82,97,99
grid_eq,lpm1,1754,6,10,11,15,19,33,38,41,45,60,61,66,68,74,79,86
grid_eq,lpm1,1755,3,7,23,24,28,31,46,48,53,60,66,73,79,86,91,99
grid_eq,lpm1,1756,13,21,24,27,29,35,44,49,53,61,64,68,80,85,88,92
grid_eq,lpm1,1757,3,5,8,16,22,39,43,47,52,58,66,72,75,84,91,99
grid_eq,lpm1,1758,4,12,23,29,30,41,45,48,52,60,65,76,78,81,94,99
grid_eq,lpm1,1759,5,7,10,19,21,23,43,55,58,60,71,79,85,87,92,94
grid_eq,lpm1,1760,7,12,20,31,33,37,42,45,58,60,64,73,78,81,86,97
grid_eq,lpm1,1761,5,12,17,18,24,44,49,53,55,57,61,69,74,90,94,99
grid_eq,lpm1,1762,4,8,20,23,27,42,44,47,59,62,66,79,81,88,92,95
grid_eq,lpm1,1763,1,14,19,20,25,31,34,37,46,59,63,64,77,91,96,100
grid_eq,lpm1,1764,5,9,12,23,34,37,40,43,49,66,68,82,87,89,91,94
grid_eq,lpm1,1765,6,8,14,22,23,39,45,47,56,60,61,68,75,82,97,99
grid_eq,lpm1,1766,4,12,19,21,28,32,37,46,54,61,67,79,84,86,90,92
grid_eq,lpm1,1767,2,8,15,21,26,30,35,38,53,57,61,75,76,83,97,100
grid_eq,lpm1,1768,5,7,13,27,32,34,40,48,51,65,69,73,86,87,91,100
grid_eq,lpm1,1769,3,6,8,19,32,36,47,53,59,61,73,77,90,92,94,99
grid_eq,lpm1,1770,5,9,12,17,34,42,46,49,53,68,71,74,77,92,96,99
grid_eq,lpm1,1771,5,11,18,19,33,36,42,48,59,60,63,77,79,82,85,99
grid_eq,lpm1,1772,3,5,9,11,24,33,37,39,46,53,59,64,76,84,90,91
grid_eq,lpm1,1773,7,10,11,16,24,36,39,42,47,53,54,68,75,92,96,99
grid_eq,lpm1,1774,8,11,17,24,29,35,39,43,53,66,68,70,74,90,92,95
grid_eq,lpm1,1775,3,9,12,28,30,34,37,46,51,59,64,76,78,81,84,90
grid_eq,lpm1,1776,1,8,10,14,22,26,32,35,49,55,58,61,69,88,92,96
grid_eq,lpm1,1777,12,14,16,19,31,34,36,53,55,59,67,70,74,83,89,92
grid_eq,lpm1,1778,3,8,14,17,23,31,36,49,53,62,67,70,74,78,89,94
grid_eq,lpm1,1779,3,17,23,25,28,30,31,45,57,63,69,72,74,77,81,89
grid_eq,lpm1,1780,11,18,23,30,32,35,37,43,49,58,65,72,85,90,96,99
grid_eq,lpm1,1781,7,19,23,24,37,39,41,46,53,58,65,70,71,77,95,97
grid_eq,lpm1,1782,1,7,10,12,15,28,36,41,47,62,65,67,73,80,93,99
grid_eq,lpm1,1783,2,4,6,8,36,38,44,49,51,65,68,71,77,86,90,91
grid_eq,lpm1,1784,4,9,17,23,30,32,45,50,61,63,65,67,78,83,85,96
grid_eq,lpm1,1785,5,10,12,23,26,29,42,48,56,61,63,66,79,80,82,94
grid_eq,lpm1,1786,14,17,23,29,31,50,51,54,57,63,65,70,77,83,86,89
grid_eq,lpm1,1787,2,16,18,23,31,38,40,45,53,59,66,71,74,77,93,97
grid_eq,lpm1,1788,2,7,21,26,29,31,40,43,44,48,74,76,79,80,93,99
grid_eq,lpm1,1789,8,14,21,27,29,33,35,52,56,59,68,73,75,95,97,100
grid_eq,lpm1,1790,2,4,6,18,22,34,36,51,55,60,67,74,79,81,92,97
grid_eq,lpm1,1791,6,11,27,28,30,32,36,44,51,58,63,70,75,76,88,93
grid_eq,lpm1,1792,3,8,20,22,26,38,42,44,51,57,65,76,80,81,94,98
grid_eq,lpm1,1793,7,13,21,24,28,33,38,53,55,58,60,66,73,79,84,97
grid_eq,lpm1,1794,6,12,21,24,27,42,48,50,54,65,69,73,78,81,96,99
grid_eq,lpm1,1795,3,10,12,26,29,34,41,46,48,63,69,70,76,82,88,95
grid_eq,lpm1,1796,2,16,24,28,33,36,51,55,58,63,67,70,75,81,89,96
grid_eq,lpm1,1797,10,15,19,21,24,32,36,49,58,61,64,75,77,89,93,95
grid_eq,lpm1,1798,3,15,24,26,29,31,40,49,55,63,76,79,83,88,91,95
grid_eq,lpm1,1799,10,12,14,28,30,32,35,47,52,64,66,75,78,82,98,100
grid_eq,lpm1,1800,11,14,16,28,42,44,46,51,57,60,63,66,74,79,93,98
grid_eq,lpm1,1801,1,4,8,25,28,33,39,55,57,60,68,73,75,80,91,97
grid_eq,lpm1,1802,3,8,17,23,32,35,39,54,58,62,74,86,90,92,96,99
grid_eq,lpm1,1803,4,10,15,21,27,42,46,48,54,60,61,67,82,89,90,94
grid_eq,lpm1,1804,5,10,11,13,17,40,42,46,49,55,67,71,83,87,90,95
grid_eq,lpm1,1805,7,10,12,21,25,35,47,49,52,57,64,70,72,82,84,88
grid_eq,lpm1,1806,1,4,21,28,37,40,45,54,59,66,72,80,85,93,96,100
grid_eq,lpm1,1807,3,6,8,11,27,40,44,48,52,55,67,73,81,88,90,94
grid_eq,lpm1,1808,2,10,18,21,26,40,44,46,52,59,70,72,76,81,89,96
grid_eq,lpm1,1809,1,9,25,28,33,36,42,54,56,60,61,69,81,85,87,100
grid_eq,lpm1,1810,1,6,21,24,27,30,36,38,52,54,69,78,81,84,92,100
grid_eq,lpm1,1811,4,21,26,28,30,31,43,45,47,60,62,67,79,81,87,94
grid_eq,lpm1,1812,3,6,22,26,38,41,45,46,49,53,64,76,79,87,93,100
grid_eq,lpm1,1813,1,10,16,19,22,37,39,43,64,70,71,75,77,83,88,90
grid_eq,lpm1,1814,7,10,11,14,22,37,40,44,52,56,59,63,76,77,93,98
grid_eq,lpm1,1815,3,15,19,27,34,38,40,41,43,59,61,74,76,78,80,91
grid_eq,lpm1,1816,5,17,26,31,34,38,45,50,52,57,70,72,74,76,78,92
grid_eq,lpm1,1817,4,9,18,23,27,31,38,57,59,64,75,81,86,91,96,98
grid_eq,lpm1,1818,2,8,11,15,16,24,29,32,54,66,70,71,75,82,88,100
grid_eq,lpm1,1819,2,9,18,25,35,39,43,50,61,65,67,70,71,78,83,93
grid_eq,lpm1,1820,4,9,15,17,21,34,37,50,51,57,72,77,80,84,92,97
grid_eq,lpm1,1821,2,3,9,16,30,35,41,48,56,73,75,76,79,82,90,94
grid_eq,lpm1,1822,4,10,13,21,27,34,40,42,55,57,63,70,78,84,95,98
grid_eq,lpm1,1823,7,16,20,21,41,45,47,53,58,65,71,79,85,88,93,98
grid_eq,lpm1,1824,3,5,17,23,34,39,47,50,51,65,66,77,80,84,92,99
grid_eq,lpm1,1825,5,19,23,27,34,40,43,46,58,62,67,73,80,84,88,93
grid_eq,lpm1,1826,5,12,27,33,36,39,41,52,54,65,68,70,81,89,94,96
grid_eq,lpm1,1827,1,6,18,25,31,38,40,46,52,54,56,71,75,79,84,100
grid_eq,lpm1,1828,1,5,6,10,26,33,35,48,53,55,69,72,84,88,90,93
grid_eq,lpm1,1829,3,6,9,32,37,39,44,51,62,66,69,77,85,90,91,98
grid_eq,lpm1,1830,1,3,18,25,29,33,41,49,57,61,65,73,81,86,89,99
grid_eq,lpm1,1831,3,6,8,26,31,34,36,38,58,61,75,80,81,93,96,99
grid_eq,lpm1,1832,3,5,20,27,35,41,43,49,50,62,64,68,77,82,85,96
grid_eq,lpm1,1833,6,12,18,23,36,40,44,53,55,57,62,68,70,86,91,94
grid_eq,lpm1,1834,3,8,15,20,23,32,37,55,56,60,61,63,68,80,94,97
grid_eq,lpm1,1835,10,11,13,17,30,36,43,47,52,54,57,69,74,77,83,98
grid_eq,lpm1,1836,1,10,15,18,26,29,33,42,53,57,70,77,78,81,94,98
grid_eq,lpm1,1837,4,15,17,20,31,34,38,40,56,58,61,67,79,83,85,96
grid_eq,lpm1,1838,1,5,8,13,40,43,46,49,55,66,69,72,74,87,93,98
grid_eq,lpm1,1839,1,4,9,17,26,34,41,48,53,56,68,76,80,81,87,97
grid_eq,lpm1,1840,1,6,9,24,31,38,45,50,62,66,71,79,83,91,96,98
grid_eq,lpm1,1841,2,15,18,30,31,34,36,43,52,59,65,76,78,81,91,97
grid_eq,lpm1,1842,1,3,5,17,38,41,45,50,63,65,67,69,82,86,90,94
grid_eq,lpm1,1843,6,12,18,21,25,34,36,39,51,59,64,80,82,85,93,100
grid_eq,lpm1,1844,11,14,17,30,37,43,44,49,51,57,65,74,88,91,94,98
grid_eq,lpm1,1845,3,11,19,24,30,36,39,44,51,57,77,79,81,83,85,100
grid_eq,lpm1,1846,2,8,19,26,31,33,36,49,52,60,65,79,83,87,92,96
grid_eq,lpm1,1847,8,16,21,23,28,40,41,45,61,64,66,69,72,84,97,99
grid_eq,lpm1,1848,5,12,16,19,21,43,47,52,57,60,63,75,79,88,93,95
grid_eq,lpm1,1849,1,3,16,17,22,24,30,47,49,62,64,68,73,77,94,98
grid_eq,lpm1,1850,9,15,20,22,27,31,45,46,56,61,72,74,78,80,83,87
grid_eq,lpm1,1851,3,5,9,17,21,33,38,45,54,56,60,73,78,84,86,99
grid_eq,lpm1,1852,5,9,11,28,30,32,34,36,49,55,58,80,84,87,92,95
grid_eq,lpm1,1853,1,3,15,27,29,40,44,47,53,56,64,68,72,83,86,100
grid_eq,lpm1,1854,1,3,15,18,31,36,39,45,57,61,64,70,75,88,91,100
grid_eq,lpm1,1855,4,9,11,18,25,30,42,45,53,59,62,65,86,90,93,97
grid_eq,lpm1,1856,1,4,7,22,30,36,38,42,55,57,63,69,82,85,87,95
grid_eq,lpm1,1857,6,9,12,23,28,32,35,40,51,54,58,79,82,85,90,97
grid_eq,lpm1,1858,7,12,15,18,29,33,38,41,44,50,55,61,67,78,83,97
grid_eq,lpm1,1859,4,6,10,17,32,36,41,47,58,60,61,72,75,79,80,86
grid_eq,lpm1,1860,7,13,14,27,32,37,38,43,52,55,59,67,72,78,85,97
grid_eq,lpm1,1861,4,16,18,20,23,31,37,53,56,59,64,76,85,89,92,99
grid_eq,lpm1,1862,5,16,19,23,38,40,43,45,54,62,67,69,73,74,93,99
grid_eq,lpm1,1863,4,8,11,26,32,38,40,51,53,54,59,66,72,89,94,98
grid_eq,lpm1,1864,13,18,19,24,31,37,48,50,53,58,63,65,78,80,91,95
grid_eq,lpm1,1865,11,13,16,20,31,35,37,50,59,61,65,77,80,85,92,94
grid_eq,lpm1,1866,9,11,16,32,38,40,44,47,60,61,63,86,91,95,98,100
grid_eq,lpm1,1867,2,20,21,25,27,44,50,51,56,58,62,76,79,80,84,95
grid_eq,lpm1,1868,6,11,24,30,37,42,45,48,50,52,56,78,82,86,94,99
grid_eq,lpm1,1869,9,11,16,18,23,24,40,42,54,56,67,74,83,89,96,99
grid_eq,lpm1,1870,6,17,20,21,24,32,45,49,57,62,74,79,80,83,92,97
grid_eq,lpm1,1871,3,14,19,32,36,38,53,55,57,59,60,74,77,82,92,100
grid_eq,lpm1,1872,10,11,13,16,19,38,41,44,52,66,68,77,82,84,88,98
grid_eq,lpm1,1873,1,8,14,26,40,44,46,51,60,69,72,75,78,81,87,95
grid_eq,lpm1,1874,1,10,15,27,33,36,39,45,50,63,70,81,83,85,88,99
grid_eq,lpm1,1875,4,9,22,26,28,31,46,53,65,66,70,73,79,93,96,100
grid_eq,lpm1,1876,2,5,23,26,28,39,41,48,53,55,68,72,79,85,93,97
grid_eq,lpm1,1877,5,8,12,21,26,28,39,45,54,58,63,69,78,85,93,98
grid_eq,lpm1,1878,14,17,22,28,34,36,41,49,52,59,63,67,76,80,93,96
grid_eq,lpm1,1879,1,5,7,18,22,29,36,50,51,56,63,67,76,88,91,96
grid_eq,lpm1,1880,11,18,22,24,45,47,53,56,59,60,73,75,81,87,90,94
grid_eq,lpm1,1881,2,14,18,26,33,44,49,56,60,62,64,74,81,87,89,96
grid_eq,lpm1,1882,5,13,17,19,21,34,42,47,50,53,59,76,79,84,93,99
grid_eq,lpm1,1883,3,10,12,14,26,28,39,41,47,64,67,70,71,85,89,94
grid_eq,lpm1,1884,1,5,14,18,22,37,39,43,58,64,66,71,73,84,87,89
grid_eq,lpm1,1885,3,5,12,20,27,31,45,53,57,59,61,77,79,81,96,100
grid_eq,lpm1,1886,4,12,20,24,26,32,38,47,54,60,62,69,78,81,85,96
grid_eq,lpm1,1887,1,9,24,27,30,32,46,51,54,57,62,70,75,78,93,97
grid_eq,lpm1,1888,2,15,18,20,22,36,38,44,51,58,60,63,85,87,91,93
grid_eq,lpm1,1889,4,12,17,20,25,37,39,41,44,58,60,65,86,91,94,100
grid_eq,lpm1,1890,2,6,12,20,24,27,41,48,61,67,70,71,74,77,78,94
grid_eq,lpm1,1891,3,5,16,20,22,33,40,48,56,57,61,65,81,85,88,99
grid_eq,lpm1,1892,3,11,20,24,27,49,52,55,56,61,68,70,82,86,88,94
grid_eq,lpm1,1893,6,21,24,26,29,33,38,51,60,65,68,71,77,88,93,100
grid_eq,lpm1,1894,3,9,20,27,34,43,46,48,53,57,60,71,74,79,88,93
grid_eq,lpm1,1895,5,10,12,18,35,38,41,50,56,63,72,78,84,86,89,100
grid_eq,lpm1,1896,6,12,13,18,37,41,45,49,53,58,70,71,75,89,95,97
grid_eq,lpm1,1897,5,7,9,21,33,37,52,57,60,66,74,78,81,89,93,96
grid_eq,lpm1,1898,2,4,20,26,29,41,44,53,58,66,70,71,75,82,94,97
grid_eq,lpm1,1899,17,20,21,23,28,32,44,55,58,61,69,76,84,91,95,99
grid_eq,lpm1,1900,8,12,14,17,20,31,48,50,53,56,67,71,74,88,90,93
grid_eq,lpm1,1901,1,14,19,23,30,35,41,48,50,52,55,58,78,86,92,94
grid_eq,lpm1,1902,4,8,19,21,25,32,37,50,55,59,66,71,74,80,85,97
grid_eq,lpm1,1903,1,4,7,10,35,37,48,53,57,61,69,75,80,81,84,98
grid_eq,lpm1,1904,6,11,20,24,27,32,44,48,55,56,69,71,73,75,89,97
grid_eq,lpm1,1905,6,8,22,25,28,33,41,49,54,65,66,70,72,78,90,94
grid_eq,lpm1,1906,1,5,13,18,26,34,38,40,52,57,69,74,83,85,89,92
grid_eq,lpm1,1907,5,12,18,20,23,32,35,39,54,56,63,69,72,86,91,100
grid_eq,lpm1,1908,5,11,17,23,25,29,42,44,48,61,67,68,82,87,94,99
grid_eq,lpm1,1909,1,4,18,23,25,40,42,48,55,56,74,77,81,83,96,99
grid_eq,lpm1,1910,3,12,19,24,27,43,47,49,55,62,67,73,85,89,93,98
grid_eq,lpm1,1911,3,5,8,16,29,34,42,49,57,62,74,77,79,83,90,96
grid_eq,lpm1,1912,5,8,16,22,32,45,48,52,57,71,77,79,81,86,90,94
grid_eq,lpm1,1913,4,7,9,23,36,39,42,48,55,63,66,72,83,86,88,97
grid_eq,lpm1,1914,4,7,12,24,27,30,32,44,47,51,67,74,78,82,85,98
grid_eq,lpm1,1915,3,7,9,11,35,40,41,48,53,59,67,76,83,85,89,93
grid_eq,lpm1,1916,8,15,23,24,28,49,50,51,56,58,63,65,72,77,90,98
grid_eq,lpm1,1917,12,15,16,21,29,32,49,54,61,63,66,69,70,74,78,94
grid_eq,lpm1,1918,2,13,17,19,35,40,43,44,60,61,65,67,78,86,93,99
grid_eq,lpm1,1919,6,7,10,11,31,36,38,43,56,60,69,84,86,90,91,96
grid_eq,lpm1,1920,4,6,19,25,33,44,48,50,57,62,64,69,83,87,92,97
grid_eq,lpm1,1921,11,14,20,25,34,38,42,47,50,51,65,69,72,87,93,99
grid_eq,lpm1,1922,1,3,17,18,23,38,42,44,46,60,72,76,89,93,95,98
grid_eq,lpm1,1923,1,5,8,20,25,32,37,39,52,56,59,72,75,79,87,91
grid_eq,lpm1,1924,11,17,25,29,36,41,44,47,60,67,69,75,82,94,98,100
grid_eq,lpm1,1925,1,7,19,22,24,31,34,47,56,63,69,75,76,80,92,94
grid_eq,lpm1,1926,2,7,10,29,32,34,36,54,58,62,71,85,89,90,95,97
grid_eq,lpm1,1927,9,14,21,26,29,34,40,45,52,56,59,65,82,85,89,95
grid_eq,lpm1,1928,4,9,12,16,30,33,37,42,53,57,71,74,78,93,97,100
grid_eq,lpm1,1929,3,5,16,20,33,38,53,65,66,71,77,80,84,89,92,98
grid_eq,lpm1,1930,7,12,15,20,27,31,34,46,50,58,63,71,79,85,88,96
grid_eq,lpm1,1931,1,9,22,29,35,46,52,57,65,66,69,72,85,89,91,98
grid_eq,lpm1,1932,2,16,19,23,24,37,39,41,58,63,70,74,78,81,94,98
grid_eq,lpm1,1933,13,15,17,20,26,35,38,43,61,64,66,68,72,84,86,90
grid_eq,lpm1,1934,1,10,12,18,21,34,40,56,58,61,68,77,84,91,93,99
grid_eq,lpm1,1935,10,15,17,21,32,37,45,50,53,56,69,82,85,87,89,93
grid_eq,lpm1,1936,5,12,16,19,23,25,47,53,55,60,67,75,78,83,91,97
grid_eq,lpm1,1937,1,3,7,26,31,33,36,40,56,65,69,71,76,84,93,98
grid_eq,lpm1,1938,5,10,22,25,27,38,40,46,61,63,70,74,77,81,85,90
grid_eq,lpm1,1939,2,7,15,18,34,37,45,48,53,67,79,81,84,89,96,100
grid_eq,lpm1,1940,8,11,16,23,27,30,38,42,44,60,61,65,78,84,89,94
grid_eq,lpm1,1941,2,4,9,16,25,33,39,48,51,54,57,68,74,83,87,89
grid_eq,lpm1,1942,1,10,18,22,26,32,47,51,55,58,64,70,84,87,89,94
grid_eq,lpm1,1943,1,4,8,22,26,35,46,48,62,68,70,71,76,84,88,96
grid_eq,lpm1,1944,7,11,14,19,23,28,35,39,41,51,63,67,74,78,93,100
grid_eq,lpm1,1945,1,7,15,23,29,36,43,51,64,68,70,76,81,85,87,90
grid_eq,lpm1,1946,2,8,15,17,22,36,40,59,61,65,73,76,79,93,97,99
grid_eq,lpm1,1947,2,7,10,13,28,34,45,47,49,53,62,64,69,76,95,98
grid_eq,lpm1,1948,1,8,13,15,16,29,35,42,49,55,57,72,75,78,84,99
grid_eq,lpm1,1949,9,12,15,17,20,23,35,49,55,60,61,73,77,84,91,99
grid_eq,lpm1,1950,15,18,20,21,24,37,40,42,45,52,64,68,70,82,86,96
grid_eq,lpm1,1951,2,9,15,18,24,31,33,40,48,57,59,63,64,77,83,95
grid_eq,lpm1,1952,9,13,14,17,21,30,41,44,46,64,66,75,78,90,94,96
grid_eq,lpm1,1953,13,15,18,22,27,36,43,54,59,63,70,71,75,79,84,87
grid_eq,lpm1,1954,1,6,19,21,36,42,48,54,58,62,73,77,88,92,95,99
grid_eq,lpm1,1955,7,11,14,19,23,34,37,39,45,50,52,61,75,77,90,95
grid_eq,lpm1,1956,12,17,20,25,33,36,48,50,53,57,76,83,85,90,93,97
grid_eq,lpm1,1957,5,12,17,23,24,29,40,41,44,57,63,65,78,86,90,91
grid_eq,lpm1,1958,2,15,17,23,28,39,42,45,51,54,73,76,78,80,92,98
grid_eq,lpm1,1959,2,7,25,27,28,36,41,43,50,58,65,73,81,87,95,99
grid_eq,lpm1,1960,5,10,11,17,22,37,49,54,56,60,62,69,74,82,86,89
grid_eq,lpm1,1961,12,16,21,24,29,37,43,49,50,52,55,57,74,80,83,98
grid_eq,lpm1,1962,1,10,16,18,23,37,39,44,51,53,56,62,67,90,94,96
grid_eq,lpm1,1963,12,15,18,21,36,40,42,45,62,67,69,75,80,88,93,95
grid_eq,lpm1,1964,11,13,14,17,28,32,34,48,50,51,55,64,70,85,88,92
grid_eq,lpm1,1965,2,4,18,21,26,36,40,44,52,57,59,73,77,80,82,94
grid_eq,lpm1,1966,3,8,12,16,25,49,50,53,55,61,67,70,74,85,94,99
grid_eq,lpm1,1967,3,18,24,27,31,43,46,49,54,67,70,71,75,82,89,100
grid_eq,lpm1,1968,8,10,13,16,22,42,45,47,50,53,72,77,78,84,91,99
grid_eq,lpm1,1969,12,16,25,28,31,34,36,51,59,63,65,66,68,82,90,96
grid_eq,lpm1,1970,6,12,21,24,30,32,37,38,45,56,62,74,76,78,93,98
grid_eq,lpm1,1971,8,21,24,26,29,43,49,55,58,61,69,73,74,82,86,97
grid_eq,lpm1,1972,1,6,8,22,29,36,43,54,60,61,69,75,81,83,87,89
grid_eq,lpm1,1973,1,8,13,20,25,27,45,52,65,69,73,76,79,81,90,94
grid_eq,lpm1,1974,2,8,16,19,32,34,36,55,57,59,60,63,74,82,89,97
grid_eq,lpm1,1975,3,8,11,15,29,32,37,40,45,56,64,70,72,77,94,96
grid_eq,lpm1,1976,1,5,10,13,19,44,48,50,53,62,65,66,70,86,92,100
grid_eq,lpm1,1977,3,11,20,25,26,32,48,51,57,63,70,76,83,85,87,95
grid_eq,lpm1,1978,2,6,14,19,31,33,36,45,50,56,69,72,84,91,97,100
grid_eq,lpm1,1979,2,10,27,29,34,41,46,53,60,64,67,81,84,87,94,99
grid_eq,lpm1,1980,4,9,12,16,20,31,38,45,52,54,69,72,78,80,85,92
grid_eq,lpm1,1981,9,12,16,23,30,36,41,49,50,52,55,68,72,75,95,98
grid_eq,lpm1,1982,1,7,10,16,21,39,43,45,47,50,52,74,77,81,88,94
grid_eq,lpm1,1983,5,10,19,21,23,26,34,51,58,66,73,79,85,89,92,100
grid_eq,lpm1,1984,7,12,14,19,31,35,38,40,43,63,65,69,84,86,95,100
grid_eq,lpm1,1985,3,15,20,22,29,42,45,50,59,61,64,75,79,83,86,94
grid_eq,lpm1,1986,2,19,22,24,27,38,40,46,53,61,64,66,73,77,97,99
grid_eq,lpm1,1987,1,3,6,19,26,45,48,50,56,63,68,78,82,85,94,99
grid_eq,lpm1,1988,4,8,16,23,27,30,33,35,48,54,69,72,75,77,89,91
grid_eq,lpm1,1989,2,8,16,22,24,29,36,38,52,55,68,70,77,81,85,94
grid_eq,lpm1,1990,1,9,14,16,38,41,44,46,61,63,67,70,90,92,95,99
grid_eq,lpm1,1991,14,16,23,27,29,32,45,51,60,65,68,71,77,82,85,90
grid_eq,lpm1,1992,1,7,15,18,24,31,35,39,57,59,61,73,77,82,96,98
grid_eq,lpm1,1993,2,8,15,17,20,23,32,40,47,54,67,70,71,75,86,94
grid_eq,lpm1,1994,3,19,23,26,36,42,45,48,60,64,77,81,86,88,92,96
grid_eq,lpm1,1995,7,14,19,22,33,42,46,49,59,61,74,78,82,85,87,91
grid_eq,lpm1,1996,3,7,22,24,28,30,47,51,53,59,64,75,76,87,92,99
grid_eq,lpm1,1997,1,8,15,28,33,38,44,57,61,63,70,76,81,84,87,99
grid_eq,lpm1,1998,3,16,18,21,25,30,37,50,52,54,67,75,81,89,93,97
grid_eq,lpm1,1999,11,12,15,16,19,39,43,48,55,63,67,70,72,87,89,96
grid_eq,lpm1,2000,3,8,16,38,42,46,50,55,63,70,74,76,89,92,94,100
random_eq,wave,1,8,10,11,13,20,24,27,40,43,51,52,54,71,78,90,99
random_eq,wave,2,11,12,20,26,48,55,62,66,70,74,76,87,93,94,98,99
random_eq,wave,3,2,12,14,19,36,37,47,51,53,62,67,71,76,79,81,100
random_eq,wave,4,13,23,28,29,44,45,52,53,63,73,78,79,82,87,93,98
random_eq,wave,5,1,4,5,7,13,23,24,29,31,40,52,53,60,72,83,84
random_eq,wave,6,11,13,14,15,20,29,35,48,60,62,68,71,76,82,88,93
random_eq,wave,7,3,11,27,39,46,48,53,55,56,65,68,75,82,88,96,100
random_eq,wave,8,5,9,11,17,18,30,40,45,63,64,74,80,89,92,95,96
random_eq,wave,9,1,5,20,21,31,43,51,52,60,61,71,75,76,81,84,85
random_eq,wave,10,3,17,18,22,27,37,38,48,54,66,72,79,84,88,96,97
random_eq,wave,11,7,13,17,19,24,39,44,45,56,71,72,74,75,78,86,88
random_eq,wave,12,1,7,9,12,23,33,49,55,64,72,74,79,81,84,91,99
random_eq,wave,13,2,4,6,10,12,15,24,25,31,38,52,64,78,87,91,99
random_eq,wave,14,7,22,26,33,35,50,56,61,66,69,73,77,80,89,92,100
random_eq,wave,15,26,34,41,43,50,52,55,61,66,74,75,76,78,88,98,100
random_eq,wave,16,2,5,10,11,14,20,24,32,40,44,45,71,73,83,89,93
random_eq,wave,17,6,21,22,30,36,56,57,60,67,69,73,79,81,82,87,94
random_eq,wave,18,18,19,23,32,39,48,52,53,63,66,83,92,93,94,95,97
random_eq,wave,19,4,7,12,17,31,64,65,68,80,81,82,84,89,94,99,100
random_eq,wave,20,1,31,32,42,45,48,58,62,71,76,82,93,94,96,97,98
random_eq,wave,21,1,6,12,15,23,36,37,38,47,53,64,70,90,93,94,99
random_eq,wave,22,1,3,4,9,14,15,21,27,37,41,46,68,80,81,83,100
random_eq,wave,23,1,5,10,21,25,26,30,41,46,55,57,58,67,69,81,90
random_eq,wave,24,4,7,21,22,23,31,37,56,60,61,63,65,69,78,81,84
random_eq,wave,25,9,11,19,23,24,36,37,40,45,49,61,64,71,91,96,100
random_eq,wave,26,9,12,15,18,21,26,27,30,37,38,64,68,69,80,99,100
random_eq,wave,27,7,10,12,19,29,52,62,76,78,79,86,87,89,92,95,98
random_eq,wave,28,17,18,25,31,35,37,38,39,42,43,47,57,60,83,97,100
random_eq,wave,29,18,22,25,30,41,46,48,57,63,66,69,92,94,95,96,98
random_eq,wave,30,24,43,48,54,55,62,66,70,72,74,76,79,85,94,98,99
random_eq,wave,31,2,6,11,12,13,14,19,23,24,62,71,74,78,93,97,98
random_eq,wave,32,2,7,10,13,35,51,52,60,63,76,78,79,84,87,90,95
random_eq,wave,33,2,5,10,19,20,26,33,38,43,49,51,54,67,77,83,90
random_eq,wave,34,8,13,16,22,29,35,38,39,41,43,50,52,65,72,78,88
random_eq,wave,35,1,9,14,15,23,26,32,35,47,50,53,55,62,72,85,93
random_eq,wave,36,2,4,30,32,33,35,40,57,60,63,75,82,88,91,95,96
random_eq,wave,37,9,21,23,26,30,32,37,38,39,42,50,56,68,77,83,100
random_eq,wave,38,1,5,28,29,35,39,45,46,49,51,55,58,64,77,89,90
random_eq,wave,39,6,7,11,13,14,15,35,36,38,60,62,69,74,76,85,94
random_eq,wave,40,5,8,11,20,24,27,29,30,32,44,50,53,62,67,71,85
random_eq,wave,41,1,7,13,30,32,50,55,56,57,74,79,80,90,94,98,100
random_eq,wave,42,15,22,23,30,32,35,45,57,59,63,65,68,70,74,91,93
random_eq,wave,43,1,8,11,15,21,24,30,36,37,53,58,60,69,71,75,88
random_eq,wave,44,2,4,9,12,37,68,70,76,80,81,84,90,91,95,96,99
random_eq,wave,45,10,18,25,38,39,43,48,52,57,60,63,64,66,90,94,95
random_eq,wave,46,2,19,20,26,37,42,47,49,51,54,64,67,68,77,81,90
random_eq,wave,47,9,17,21,28,45,46,59,62,64,66,68,85,86,87,92,95
random_eq,wave,48,2,4,5,10,19,20,21,49,51,54,65,67,77,81,83,99
random_eq,wave,49,9,19,20,35,40,57,60,62,65,68,70,74,76,91,93,97
random_eq,wave,50,8,12,16,18,23,27,28,40,44,48,52,63,66,75,79,99
random_eq,wave,51,17,27,28,33,41,44,46,47,56,62,72,79,82,85,94,98
random_eq,wave,52,3,10,11,22,40,51,56,58,61,68,69,70,71,89,92,96
random_eq,wave,53,12,16,17,25,26,30,33,42,47,51,64,81,84,90,99,100
random_eq,wave,54,16,25,31,40,48,49,54,55,58,64,65,66,67,84,90,94
random_eq,wave,55,1,4,5,28,29,34,49,60,61,63,67,76,85,90,91,95
random_eq,wave,56,8,18,24,27,37,41,43,50,52,58,66,75,79,88,89,98
random_eq,wave,57,9,23,24,30,37,47,50,60,63,66,69,71,76,84,95,98
random_eq,wave,58,1,7,11,17,21,34,36,39,50,54,61,62,63,71,85,97
random_eq,wave,59,8,23,38,39,41,42,43,47,50,52,57,68,75,82,86,95
random_eq,wave,60,3,8,23,28,41,43,49,53,63,71,75,78,82,86,95,98
random_eq,wave,61,6,19,26,33,37,38,39,53,54,73,77,83,86,91,93,97
random_eq,wave,62,9,17,20,24,28,31,36,40,47,54,64,66,71,74,88,93
random_eq,wave,63,3,5,10,13,28,30,41,46,55,69,76,87,88,94,98,100
random_eq,wave,64,2,14,18,21,22,24,26,37,40,57,60,69,72,73,80,96
random_eq,wave,65,8,16,33,44,45,48,52,57,59,66,72,75,86,88,89,96
random_eq,wave,66,1,2,3,5,14,15,21,22,26,34,38,41,43,58,77,85
random_eq,wave,67,1,7,17,19,29,34,40,48,54,55,56,58,61,62,66,85
random_eq,wave,68,3,7,8,24,32,33,52,59,63,74,75,80,84,91,94,95
random_eq,wave,69,4,9,10,28,35,37,45,46,48,56,61,68,69,77,87,100
random_eq,wave,70,4,6,8,9,13,16,23,35,36,38,45,46,47,52,84,87
random_eq,wave,71,3,18,23,28,41,46,48,62,66,77,79,92,93,95,97,98
random_eq,wave,72,4,20,21,29,31,32,35,49,50,55,64,65,67,68,73,82
random_eq,wave,73,4,8,11,16,20,29,30,32,33,34,38,60,73,91,95,96
random_eq,wave,74,48,53,59,60,68,69,70,75,77,85,86,87,88,92,96,100
random_eq,wave,75,4,9,27,40,45,53,63,68,69,70,76,82,88,95,96,99
random_eq,wave,76,1,2,5,21,23,29,34,38,39,43,49,56,58,60,62,84
random_eq,wave,77,7,12,31,34,36,55,59,61,70,72,73,83,84,85,91,99
random_eq,wave,78,2,3,4,17,22,23,31,41,42,46,47,58,68,82,97,98
random_eq,wave,79,4,12,20,25,28,30,31,37,42,44,47,67,68,83,93,94
random_eq,wave,80,6,7,24,25,26,52,57,59,60,68,69,74,85,91,94,97
random_eq,wave,81,18,19,20,24,25,31,36,37,42,49,59,70,83,86,96,97
random_eq,wave,82,1,5,6,19,21,26,42,49,54,55,64,67,81,85,90,94
random_eq,wave,83,3,4,7,9,14,23,32,33,35,44,60,72,74,83,84,91
random_eq,wave,84,15,29,30,31,32,35,50,53,56,57,68,71,82,88,93,100
random_eq,wave,85,5,8,18,21,26,29,35,41,50,57,58,67,69,73,74,80
random_eq,wave,86,12,13,16,30,31,40,43,62,70,71,76,78,80,94,99,100
random_eq,wave,87,10,11,16,17,20,38,43,51,56,60,61,68,75,89,98,100
random_eq,wave,88,10,17,19,23,29,45,54,62,65,68,76,79,89,92,98,100
random_eq,wave,89,6,9,10,11,12,13,25,35,39,49,64,65,68,82,96,99
random_eq,wave,90,3,6,7,9,25,26,32,36,37,40,42,47,49,64,71,84
random_eq,wave,91,12,15,25,36,37,38,49,79,83,85,87,91,94,97,99,100
random_eq,wave,92,8,9,13,15,18,26,38,43,48,52,60,74,80,86,99,100
random_eq,wave,93,1,17,21,30,31,34,39,50,55,58,60,62,78,83,85,96
random_eq,wave,94,20,26,33,39,54,64,67,70,74,80,81,89,90,93,94,99
random_eq,wave,95,2,10,28,43,51,56,60,69,78,79,87,90,91,92,98,100
random_eq,wave,96,2,5,10,12,13,17,19,55,64,67,72,73,79,81,87,95
random_eq,wave,97,8,16,25,28,33,42,43,45,47,59,61,63,65,69,70,75
random_eq,wave,98,6,19,21,33,45,70,77,79,80,82,83,90,93,94,96,98
random_eq,wave,99,4,16,19,20,23,33,44,49,54,64,67,73,77,81,86,91
random_eq,wave,100,6,19,23,31,34,45,49,53,59,61,62,64,68,87,89,92
random_eq,wave,101,9,11,15,23,30,32,34,37,45,53,59,76,87,91,93,100
random_eq,wave,102,3,9,13,15,20,24,27,41,46,64,68,70,71,74,77,85
random_eq,wave,103,3,7,10,13,20,25,49,59,60,64,65,78,84,90,92,94
random_eq,wave,104,7,9,21,22,30,33,35,39,52,56,57,60,82,88,92,100
random_eq,wave,105,8,9,13,17,24,27,28,30,31,58,60,71,74,78,80,98
random_eq,wave,106,8,9,27,31,40,41,46,52,53,62,71,78,92,96,99,100
random_eq,wave,107,1,4,8,15,27,34,48,52,57,60,63,66,75,88,92,95
random_eq,wave,108,13,14,15,20,26,32,44,50,73,74,78,80,83,86,92,93
random_eq,wave,109,2,21,28,33,44,45,49,64,72,73,79,80,82,89,98,99
random_eq,wave,110,16,25,28,32,33,42,47,49,59,63,64,67,79,90,94,95
random_eq,wave,111,2,4,7,13,14,19,20,24,36,40,54,65,73,76,77,85
random_eq,wave,112,2,3,5,9,15,18,26,41,46,49,58,64,74,77,81,91
random_eq,wave,113,11,19,23,29,42,49,54,67,71,76,78,81,86,90,92,100
random_eq,wave,114,20,21,28,30,38,39,43,45,56,68,69,75,80,82,88,95
random_eq,wave,115,2,4,8,19,20,33,44,51,54,77,80,81,82,89,90,96
random_eq,wave,116,12,13,18,22,28,37,48,51,59,63,70,80,93,95,96,97
random_eq,wave,117,1,5,11,12,14,20,21,27,71,73,75,81,85,96,99,100
random_eq,wave,118,10,12,20,25,31,36,49,61,64,65,67,84,89,92,94,99
random_eq,wave,119,7,11,16,21,34,55,57,60,61,68,69,70,83,88,95,98
random_eq,wave,120,5,10,11,12,17,18,25,38,47,49,64,67,89,94,99,100
random_eq,wave,121,10,25,36,43,44,50,52,72,79,83,87,89,92,94,97,98
random_eq,wave,122,1,3,7,17,26,29,30,46,51,53,58,76,77,78,92,98
random_eq,wave,123,1,3,5,8,29,34,39,41,43,52,55,62,84,85,91,95
random_eq,wave,124,9,13,18,31,32,35,36,37,44,49,50,57,64,67,72,80
random_eq,wave,125,3,9,13,30,41,46,53,70,77,78,79,80,87,92,98,100
random_eq,wave,126,5,10,19,24,25,33,49,54,58,59,65,67,75,77,86,89
random_eq,wave,127,11,16,34,40,48,55,60,68,70,75,76,87,88,93,96,100
random_eq,wave,128,1,11,30,34,36,38,41,43,48,50,56,58,66,74,75,88
random_eq,wave,129,6,7,22,28,35,36,45,51,52,55,59,74,77,89,93,97
random_eq,wave,130,4,5,31,34,38,42,47,52,54,61,64,67,73,84,99,100
random_eq,wave,131,1,17,22,25,27,28,31,34,39,41,46,48,56,63,71,85
random_eq,wave,132,3,7,9,12,17,18,21,26,37,61,62,80,81,84,97,100
random_eq,wave,133,5,11,14,27,32,34,38,39,43,45,58,65,73,80,83,89
random_eq,wave,134,9,12,16,18,19,23,24,43,48,52,59,63,64,66,86,95
random_eq,wave,135,1,2,5,14,24,40,43,55,60,72,83,84,85,88,90,91
random_eq,wave,136,21,36,37,45,49,59,64,72,73,84,85,86,87,94,96,99
random_eq,wave,137,9,17,23,27,28,32,36,45,56,59,74,87,89,92,97,100
random_eq,wave,138,5,7,9,12,25,30,31,34,42,47,56,58,59,65,74,99
random_eq,wave,139,7,12,18,23,38,39,48,52,61,64,66,74,90,94,95,99
random_eq,wave,140,24,29,40,45,55,57,69,70,76,79,80,86,87,89,90,100
random_eq,wave,141,4,9,17,20,33,35,37,42,44,47,54,60,61,77,96,97
random_eq,wave,142,4,6,7,13,22,32,36,37,53,70,80,81,87,94,97,99
random_eq,wave,143,2,3,8,9,11,13,24,40,46,52,58,71,74,78,80,96
random_eq,wave,144,14,19,25,29,32,67,72,74,78,79,81,85,87,89,90,93
random_eq,wave,145,11,17,18,22,23,41,43,50,53,58,65,78,86,92,97,98
random_eq,wave,146,5,6,12,24,26,27,29,40,42,51,67,69,87,89,90,99
random_eq,wave,147,2,14,18,31,36,37,39,51,65,72,80,81,83,90,93,99
random_eq,wave,148,7,17,30,32,34,38,39,57,58,65,66,73,74,78,83,85
random_eq,wave,149,1,3,4,15,27,36,41,46,49,56,62,72,77,82,91,94
random_eq,wave,150,2,4,14,16,20,25,32,33,44,57,60,65,67,75,81,91
random_eq,wave,151,2,5,12,21,44,49,63,64,73,79,81,84,85,87,96,99
random_eq,wave,152,7,17,19,51,54,59,66,71,76,77,78,82,86,90,97,100
random_eq,wave,153,2,7,12,17,18,26,36,37,56,80,81,83,84,89,99,100
random_eq,wave,154,4,6,9,12,23,31,34,36,37,42,47,49,64,65,67,99
random_eq,wave,155,2,12,26,45,53,56,58,67,68,71,81,82,88,90,93,99
random_eq,wave,156,2,10,18,24,26,30,32,38,45,48,56,77,88,96,98,100
random_eq,wave,157,5,11,18,27,28,32,50,51,62,67,70,81,85,91,97,100
random_eq,wave,158,4,15,20,21,29,31,34,54,62,65,70,76,78,92,93,99
random_eq,wave,159,6,9,13,14,37,60,61,64,67,78,79,80,81,84,87,99
random_eq,wave,160,4,11,22,24,27,33,40,41,50,63,66,69,70,74,80,97
random_eq,wave,161,3,10,11,23,29,30,36,41,46,69,71,72,83,89,92,98
random_eq,wave,162,2,3,14,20,24,40,46,48,66,71,73,74,83,84,93,95
random_eq,wave,163,1,7,8,26,29,30,32,34,40,45,55,58,84,85,88,91
random_eq,wave,164,10,33,45,46,55,58,59,69,70,75,77,82,86,88,89,96
random_eq,wave,165,9,18,23,34,37,42,48,52,57,59,60,61,76,95,96,97
random_eq,wave,166,7,11,15,16,18,25,44,48,52,60,63,66,71,83,94,97
random_eq,wave,167,2,8,23,28,36,45,46,49,53,72,75,79,87,89,92,98
random_eq,wave,168,5,18,26,34,45,46,59,61,69,70,75,76,80,84,91,100
random_eq,wave,169,3,4,11,21,22,27,40,43,51,70,78,85,87,92,97,100
random_eq,wave,170,2,14,20,21,40,60,66,71,78,82,83,84,85,88,93,95
random_eq,wave,171,4,7,15,20,29,31,33,37,44,52,54,86,88,89,90,99
random_eq,wave,172,3,11,16,27,30,33,42,46,48,56,59,62,70,72,87,94
random_eq,wave,173,1,2,5,14,16,26,40,55,60,67,69,72,73,75,84,91
random_eq,wave,174,4,6,7,12,17,18,24,28,31,37,40,42,47,61,64,73
random_eq,wave,175,3,26,30,38,41,42,46,47,56,68,69,72,75,82,94,98
random_eq,wave,176,1,2,11,13,22,23,24,40,41,50,58,69,70,71,74,78
random_eq,wave,177,7,12,17,21,22,34,39,62,63,68,84,85,92,95,97,99
random_eq,wave,178,1,5,10,13,17,24,40,41,46,55,58,61,75,84,88,99
random_eq,wave,179,8,13,17,28,29,33,34,41,46,53,62,63,79,85,95,98
random_eq,wave,180,11,19,24,29,54,62,66,70,71,74,76,78,85,93,98,100
random_eq,wave,181,1,14,15,34,42,43,45,47,57,58,59,61,65,73,82,83
random_eq,wave,182,5,10,11,18,21,27,30,32,51,58,60,64,65,81,91,96
random_eq,wave,183,11,13,19,23,27,36,37,41,52,53,58,64,67,73,81,87
random_eq,wave,184,12,15,25,26,29,35,42,47,55,58,68,70,82,83,93,99
random_eq,wave,185,2,4,11,14,21,32,35,36,44,45,55,58,62,76,82,96
random_eq,wave,186,10,25,36,40,44,49,54,64,67,72,79,87,89,92,94,99
random_eq,wave,187,4,22,24,30,31,33,60,65,66,72,74,80,84,93,98,99
random_eq,wave,188,19,21,26,32,40,49,55,58,61,62,66,67,68,76,85,94
random_eq,wave,189,6,9,36,41,46,49,61,74,76,79,87,88,89,92,98,99
random_eq,wave,190,3,4,15,29,35,41,46,49,53,63,77,78,85,88,92,95
random_eq,wave,191,12,13,18,19,20,26,30,37,42,48,51,59,76,90,93,98
random_eq,wave,192,12,25,34,40,43,55,61,64,74,79,84,85,87,91,95,99
random_eq,wave,193,8,27,28,33,38,41,42,43,47,52,62,79,82,94,95,98
random_eq,wave,194,13,19,23,32,37,49,53,62,63,64,67,78,79,81,87,95
random_eq,wave,195,4,20,28,32,33,34,44,50,56,57,61,67,74,75,88,89
random_eq,wave,196,1,5,10,12,21,22,26,51,55,56,57,61,67,69,72,81
random_eq,wave,197,2,45,48,51,55,57,65,66,70,72,74,76,80,90,96,98
random_eq,wave,198,3,10,20,40,44,55,57,60,68,69,83,86,87,88,89,97
random_eq,wave,199,1,4,14,16,38,42,45,47,58,75,76,77,86,88,93,96
random_eq,wave,200,6,14,15,18,25,27,32,34,37,42,47,50,59,75,76,77
random_eq,wave,201,8,11,24,29,35,43,49,55,60,62,67,68,74,80,91,95
random_eq,wave,202,2,13,17,24,33,40,43,50,64,68,72,73,74,79,84,85
random_eq,wave,203,13,20,27,28,34,39,52,55,60,69,74,75,78,80,87,97
random_eq,wave,204,1,2,3,5,24,26,40,41,55,56,57,69,73,85,91,100
random_eq,wave,205,13,14,15,35,60,62,63,69,71,76,78,79,80,82,94,95
random_eq,wave,206,11,20,34,36,41,43,44,50,53,61,70,71,75,82,88,98
random_eq,wave,207,3,11,14,16,18,25,32,36,39,42,48,67,75,81,94,100
random_eq,wave,208,8,9,12,16,18,27,31,48,52,55,59,66,88,96,99,100
random_eq,wave,209,15,23,24,29,30,53,60,62,68,69,70,71,79,86,89,100
random_eq,wave,210,4,11,12,13,16,33,35,48,49,58,61,64,73,80,96,99
random_eq,wave,211,3,13,24,27,29,30,31,32,38,63,65,74,78,83,88,96
random_eq,wave,212,7,13,14,23,24,32,38,40,50,53,65,78,83,84,94,100
random_eq,wave,213,1,2,5,10,20,22,24,26,28,40,51,55,56,60,67,69
random_eq,wave,214,6,7,17,19,25,29,32,33,53,56,57,79,81,89,90,92
random_eq,wave,215,7,13,24,29,31,40,41,50,55,56,65,69,72,74,78,88
random_eq,wave,216,12,14,21,28,31,67,68,80,81,82,83,87,88,93,94,100
random_eq,wave,217,1,2,11,15,51,53,56,60,69,72,78,85,88,90,92,98
random_eq,wave,218,2,6,14,16,18,25,26,32,40,42,45,48,55,77,83,96
random_eq,wave,219,16,23,28,39,45,46,52,62,77,78,86,87,91,92,97,100
random_eq,wave,220,1,8,16,27,30,32,34,48,50,55,59,63,75,77,80,95
random_eq,wave,221,12,21,22,34,37,45,51,52,57,68,71,80,93,97,98,100
random_eq,wave,222,2,12,21,33,40,44,49,64,66,67,72,73,79,82,84,99
random_eq,wave,223,12,13,15,20,31,65,70,74,75,76,78,80,81,88,93,99
random_eq,wave,224,3,11,18,22,25,28,30,32,36,44,47,53,63,92,94,98
random_eq,wave,225,16,19,25,40,48,49,54,55,64,66,67,72,79,87,90,94
random_eq,wave,226,6,15,26,32,36,37,38,42,47,49,50,73,77,86,87,97
random_eq,wave,227,1,5,10,14,15,21,26,29,32,35,55,57,58,60,76,88
random_eq,wave,228,7,9,20,23,26,34,40,46,52,55,56,66,74,78,84,99
random_eq,wave,229,9,15,18,38,43,44,45,61,70,72,74,79,80,83,89,99
random_eq,wave,230,12,16,19,22,42,47,51,55,70,71,78,84,93,95,97,98
random_eq,wave,231,4,18,21,29,30,32,35,37,57,60,68,73,76,80,95,96
random_eq,wave,232,29,34,43,45,53,59,61,65,70,76,78,84,85,88,91,100
random_eq,wave,233,8,18,21,24,25,37,41,42,46,49,50,59,75,86,96,100
random_eq,wave,234,4,7,19,20,21,23,29,31,35,36,37,49,54,65,76,90
random_eq,wave,235,8,13,16,27,41,43,44,50,52,55,72,75,78,79,87,88
random_eq,wave,236,4,14,16,23,32,33,38,57,60,63,67,75,76,86,91,95
random_eq,wave,237,6,9,14,23,28,38,39,45,68,77,82,83,86,87,91,93
random_eq,wave,238,3,15,17,22,27,32,51,55,58,59,65,74,78,85,89,97
random_eq,wave,239,4,9,16,21,25,28,33,35,44,45,49,66,70,76,93,95
random_eq,wave,240,11,16,17,27,40,41,44,48,50,51,66,67,71,76,90,97
random_eq,wave,241,17,28,32,39,45,56,65,72,73,74,75,78,86,89,92,93
random_eq,wave,242,5,7,28,29,31,32,34,39,45,47,49,56,62,71,80,100
random_eq,wave,243,1,7,16,17,20,22,31,51,53,54,56,59,61,65,78,99
random_eq,wave,244,7,12,15,17,18,34,48,56,59,61,75,77,82,88,99,100
random_eq,wave,245,13,17,22,23,28,33,35,38,39,43,47,54,65,72,74,97
random_eq,wave,246,15,16,18,20,23,26,38,43,48,49,54,66,76,90,94,99
random_eq,wave,247,12,15,26,27,36,38,42,44,47,52,58,64,82,85,94,99
random_eq,wave,248,1,15,19,20,26,27,29,35,38,41,42,47,49,64,73,82
random_eq,wave,249,5,7,10,18,24,25,30,44,50,69,72,83,84,91,94,97
random_eq,wave,250,4,9,11,18,20,30,42,44,45,49,76,82,86,88,89,96
random_eq,wave,251,2,4,15,19,20,31,35,36,41,42,47,49,65,73,82,83
random_eq,wave,252,14,17,20,21,42,43,47,59,60,68,75,82,84,86,88,95
random_eq,wave,253,3,7,8,9,10,17,30,32,34,55,59,62,68,84,91,95
random_eq,wave,254,18,19,23,35,39,42,48,49,54,61,63,64,90,92,94,95
random_eq,wave,255,4,6,13,19,30,54,56,65,74,77,78,80,81,90,93,94
random_eq,wave,256,14,26,29,32,35,38,39,50,58,62,68,76,80,82,91,93
random_eq,wave,257,10,19,20,31,39,51,54,65,68,70,83,86,89,92,93,97
random_eq,wave,258,1,2,3,32,37,42,45,47,56,58,71,73,81,83,84,93
random_eq,wave,259,4,13,32,34,38,44,50,56,57,58,61,74,75,78,88,96
random_eq,wave,260,5,6,17,19,22,23,24,39,42,47,54,65,74,77,93,97
random_eq,wave,261,2,4,8,13,28,31,34,39,44,46,58,69,78,82,88,90
random_eq,wave,262,6,10,21,22,25,26,27,30,32,33,40,50,56,84,92,94
random_eq,wave,263,14,25,26,27,28,37,53,60,67,68,69,81,83,89,90,100
random_eq,wave,264,6,18,21,26,37,50,54,62,64,67,70,77,80,81,93,94
random_eq,wave,265,7,12,13,25,52,55,56,72,79,81,82,84,87,90,94,99
random_eq,wave,266,7,19,22,23,24,29,33,35,37,39,44,52,54,73,91,95
random_eq,wave,267,5,14,18,22,24,32,57,59,60,73,85,86,91,96,97,100
random_eq,wave,268,1,2,19,20,31,37,40,42,45,48,49,51,57,64,71,90
random_eq,wave,269,4,14,15,16,25,29,33,35,50,54,63,65,83,91,93,95
random_eq,wave,270,6,12,15,16,31,35,51,62,68,71,76,78,91,93,97,99
random_eq,wave,271,2,7,31,40,42,47,54,58,64,68,70,71,73,82,84,99
random_eq,wave,272,11,16,21,38,46,50,52,58,59,73,78,83,86,87,96,97
random_eq,wave,273,3,17,21,22,27,33,35,41,43,51,59,63,84,85,95,97
random_eq,wave,274,16,22,25,30,42,48,59,60,63,69,71,79,94,95,96,98
random_eq,wave,275,12,16,19,21,29,31,49,55,64,65,66,67,68,73,81,100
random_eq,wave,276,11,12,13,17,20,22,38,40,48,51,61,65,74,80,96,97
random_eq,wave,277,3,4,6,8,21,28,29,31,35,36,41,46,49,80,82,90
random_eq,wave,278,1,2,14,24,26,28,32,39,45,55,72,73,83,85,91,93
random_eq,wave,279,8,21,24,36,37,43,45,52,59,66,72,75,84,86,87,88
random_eq,wave,280,7,14,16,20,21,27,33,38,39,41,44,46,57,83,88,94
random_eq,wave,281,1,4,5,10,25,30,32,50,64,67,72,81,84,89,90,94
random_eq,wave,282,2,9,21,24,30,41,43,50,56,71,73,78,79,85,95,98
random_eq,wave,283,22,27,28,33,44,45,46,51,53,59,69,70,72,82,91,97
random_eq,wave,284,1,9,13,20,24,26,28,45,49,53,55,61,62,76,85,98
random_eq,wave,285,4,13,14,29,40,47,57,60,67,68,69,73,76,80,87,95
random_eq,wave,286,21,24,30,35,36,37,54,70,71,80,84,90,93,94,95,99
random_eq,wave,287,7,10,14,20,25,26,33,44,60,69,81,83,84,90,91,94
random_eq,wave,288,4,20,31,44,45,49,53,56,62,68,80,92,94,96,98,99
random_eq,wave,289,2,12,13,19,21,33,49,63,64,67,73,79,81,85,90,95
random_eq,wave,290,3,11,17,24,27,28,40,46,71,73,74,78,83,91,97,100
random_eq,wave,291,3,7,14,29,32,34,39,53,55,57,63,68,83,85,88,95
random_eq,wave,292,1,2,3,8,9,11,15,24,48,52,58,60,66,71,74,80
random_eq,wave,293,11,13,19,20,34,44,47,53,54,56,59,75,87,92,93,96
random_eq,wave,294,3,8,21,27,29,33,34,41,49,59,66,74,77,88,95,96
random_eq,wave,295,3,10,13,14,24,27,28,40,44,46,58,71,73,75,78,79
random_eq,wave,296,8,9,12,21,28,31,52,55,56,58,59,62,66,68,82,85
random_eq,wave,297,1,14,25,26,28,40,46,48,55,58,66,67,75,85,86,91
random_eq,wave,298,4,7,10,15,22,24,33,44,60,69,72,74,77,88,89,97
random_eq,wave,299,13,33,34,38,39,49,50,54,62,67,74,75,76,79,80,95
random_eq,wave,300,6,13,19,23,33,49,53,54,64,70,77,79,86,90,92,98
random_eq,wave,301,7,11,16,20,33,44,48,59,60,66,69,75,76,86,88,92
random_eq,wave,302,13,17,22,23,29,40,43,53,60,61,64,71,79,82,99,100
random_eq,wave,303,2,8,10,11,13,40,43,48,51,55,60,63,69,87,90,95
random_eq,wave,304,4,10,14,29,35,44,54,55,72,83,84,87,88,89,93,99
random_eq,wave,305,2,5,6,13,19,35,49,53,54,55,65,67,73,77,83,85
random_eq,wave,306,3,17,18,21,22,27,37,41,43,44,51,56,80,84,95,98
random_eq,wave,307,3,20,25,29,35,39,41,43,49,53,65,68,76,77,89,92
random_eq,wave,308,2,5,6,12,15,18,19,21,25,26,70,73,81,83,85,93
random_eq,wave,309,7,9,11,13,20,40,44,47,60,61,64,68,69,70,80,82
random_eq,wave,310,1,4,12,19,31,33,35,39,42,47,58,61,62,70,83,85
random_eq,wave,311,9,11,20,22,23,36,40,44,56,60,61,69,71,82,91,96
random_eq,wave,312,7,16,22,28,40,51,52,59,60,78,86,87,88,91,97,100
random_eq,wave,313,7,12,17,25,28,34,36,38,53,61,63,82,83,87,95,97
random_eq,wave,314,2,6,19,25,33,39,49,53,54,65,77,81,82,83,89,97
random_eq,wave,315,1,7,9,12,35,36,52,53,55,59,61,64,85,90,95,99
random_eq,wave,316,1,12,16,20,26,40,48,49,51,55,57,62,66,67,76,97
random_eq,wave,317,1,6,16,17,24,25,28,40,43,45,48,66,71,79,86,97
random_eq,wave,318,4,5,7,10,21,24,25,32,40,49,55,63,90,94,95,99
random_eq,wave,319,3,11,15,35,44,46,56,58,68,71,73,75,82,91,93,94
random_eq,wave,320,15,16,30,32,34,45,59,62,65,70,76,77,78,80,91,100
random_eq,wave,321,12,15,18,20,26,29,35,37,51,53,70,76,78,90,93,99
random_eq,wave,322,24,27,33,40,45,49,57,62,63,74,79,80,89,95,96,97
random_eq,wave,323,5,16,17,18,19,22,41,51,56,59,65,67,84,86,91,100
random_eq,wave,324,3,6,8,18,23,37,40,46,47,48,49,54,66,75,84,86
random_eq,wave,325,8,29,35,36,39,43,47,49,51,53,54,65,82,84,90,99
random_eq,wave,326,4,9,19,20,21,25,33,37,42,44,54,61,64,67,77,81
random_eq,wave,327,1,5,12,15,26,34,38,43,58,61,70,73,83,85,91,99
random_eq,wave,328,1,11,14,20,26,29,34,38,50,53,62,76,78,89,93,98
random_eq,wave,329,7,11,16,21,23,33,47,50,52,54,59,66,72,86,90,97
random_eq,wave,330,21,22,33,34,59,60,61,69,70,72,77,80,87,88,92,96
random_eq,wave,331,4,9,14,19,20,27,36,37,54,65,67,77,80,81,83,89
random_eq,wave,332,1,5,6,12,26,49,55,64,73,81,84,85,91,94,96,99
random_eq,wave,333,1,5,14,21,22,26,27,50,51,57,67,69,72,81,85,97
random_eq,wave,334,1,5,10,12,25,26,29,34,38,49,58,67,70,90,91,99
random_eq,wave,335,4,9,16,19,25,33,39,49,54,58,61,65,77,81,83,91
random_eq,wave,336,3,10,28,33,34,41,43,44,59,61,69,70,72,75,88,89
random_eq,wave,337,6,15,19,22,26,33,42,47,51,54,70,77,81,82,93,97
random_eq,wave,338,4,31,33,34,39,43,52,53,58,60,61,75,76,84,85,89
random_eq,wave,339,2,10,14,20,26,33,44,57,60,67,69,73,80,81,83,89
random_eq,wave,340,1,5,8,9,19,24,35,39,43,47,49,54,63,77,85,95
random_eq,wave,341,3,9,13,20,24,25,40,46,52,64,74,78,79,86,87,96
random_eq,wave,342,4,5,13,16,19,25,31,48,49,54,67,72,81,90,94,97
random_eq,wave,343,6,7,11,13,16,22,23,30,32,50,56,78,87,92,94,98
random_eq,wave,344,11,17,18,19,22,23,37,39,42,43,44,45,47,72,86,97
random_eq,wave,345,4,10,13,22,23,28,43,45,56,61,65,69,72,78,92,98
random_eq,wave,346,1,4,7,15,20,30,32,34,36,50,53,62,70,76,82,95
random_eq,wave,347,11,17,33,41,43,50,63,71,73,80,82,83,86,91,95,98
random_eq,wave,348,11,24,36,37,41,43,44,50,61,63,70,71,73,80,83,98
random_eq,wave,349,14,17,18,19,24,25,42,44,45,48,59,72,75,77,86,96
random_eq,wave,350,3,20,21,27,29,46,49,62,66,76,77,79,82,85,87,98
random_eq,wave,351,2,3,4,10,13,24,33,40,51,52,56,63,77,90,95,96
random_eq,wave,352,4,9,15,17,19,35,42,44,45,61,62,64,78,82,93,95
random_eq,wave,353,4,10,12,15,20,29,31,35,52,62,65,68,89,92,93,99
random_eq,wave,354,2,7,22,23,32,33,34,38,45,47,52,57,63,74,79,98
random_eq,wave,355,2,3,8,9,18,21,34,37,41,42,43,59,70,80,84,95
random_eq,wave,356,2,16,19,36,42,47,49,54,55,64,67,72,73,79,81,87
random_eq,wave,357,5,6,7,14,26,32,55,60,68,73,76,81,84,85,86,91
random_eq,wave,358,7,12,15,23,52,53,59,62,64,65,72,78,80,92,94,99
random_eq,wave,359,1,2,5,11,14,17,23,34,38,45,63,65,73,83,91,96
random_eq,wave,360,22,28,33,39,45,46,51,52,53,55,77,82,86,89,97,100
random_eq,wave,361,7,16,18,19,22,23,38,42,48,49,54,59,63,86,95,97
random_eq,wave,362,3,13,17,28,34,39,46,48,61,63,68,80,83,92,95,97
random_eq,wave,363,4,5,6,10,15,18,31,32,34,38,50,70,73,75,89,93
random_eq,wave,364,6,10,14,15,23,36,37,41,46,62,79,81,86,87,93,99
random_eq,wave,365,4,8,9,14,16,23,27,32,36,42,50,65,67,81,89,100
random_eq,wave,366,3,10,22,23,28,36,43,70,77,79,86,87,89,92,97,98
random_eq,wave,367,1,3,13,22,24,30,40,56,63,69,71,74,77,78,80,96
random_eq,wave,368,12,16,21,29,30,31,32,40,44,56,58,71,78,88,96,99
random_eq,wave,369,8,9,13,24,28,30,33,41,46,53,59,63,65,69,77,85
random_eq,wave,370,6,19,29,31,34,40,42,47,54,55,56,61,65,82,90,93
random_eq,wave,371,9,16,18,25,38,48,50,52,57,60,66,67,79,86,97,100
random_eq,wave,372,1,2,3,4,8,13,28,35,43,52,55,63,73,82,84,95
random_eq,wave,373,1,2,4,5,6,19,21,31,52,54,64,67,73,81,85,90
random_eq,wave,374,5,15,18,21,26,29,46,52,54,62,72,76,81,85,93,99
random_eq,wave,375,7,8,11,34,38,44,49,50,54,62,63,68,74,75,80,98
random_eq,wave,376,5,9,13,14,27,32,50,53,57,65,67,68,81,83,85,100
random_eq,wave,377,5,30,32,34,42,47,55,57,59,60,64,67,70,73,87,100
random_eq,wave,378,12,22,35,36,37,42,47,49,51,61,72,79,87,96,97,99
random_eq,wave,379,1,12,30,38,42,47,50,57,62,71,82,83,93,94,95,98
random_eq,wave,380,17,18,31,34,38,39,43,54,56,57,61,74,75,88,89,100
random_eq,wave,381,4,5,8,10,18,29,30,51,57,58,60,62,67,69,81,89
random_eq,wave,382,7,9,13,18,19,48,52,54,59,63,64,80,85,86,92,95
random_eq,wave,383,1,5,8,10,13,27,28,34,39,45,46,52,71,75,88,95
random_eq,wave,384,10,17,24,29,36,40,45,46,48,61,72,76,79,87,88,96
random_eq,wave,385,2,13,17,20,22,23,24,31,38,39,41,43,44,74,78,99
random_eq,wave,386,13,28,29,30,36,45,51,63,65,69,74,76,79,90,92,98
random_eq,wave,387,6,9,21,30,31,37,57,60,67,68,69,70,71,80,81,83
random_eq,wave,388,5,6,18,19,22,26,42,47,67,69,73,77,81,85,86,97
random_eq,wave,389,5,7,16,17,18,23,31,54,59,65,83,84,86,91,99,100
random_eq,wave,390,3,9,20,21,26,33,41,46,49,61,64,67,80,81,82,84
random_eq,wave,391,5,20,21,24,29,31,40,50,51,54,55,65,70,84,90,93
random_eq,wave,392,9,10,25,28,33,36,39,44,45,72,76,82,86,89,93,97
random_eq,wave,393,7,15,21,23,29,32,35,45,56,58,68,71,77,82,86,90
random_eq,wave,394,5,9,24,26,38,40,52,57,58,60,64,68,74,80,86,89
random_eq,wave,395,13,20,27,32,47,50,53,62,65,68,70,76,79,92,94,98
random_eq,wave,396,7,17,19,33,34,39,41,62,63,74,77,80,89,92,95,97
random_eq,wave,397,3,11,20,21,22,36,37,44,46,51,56,59,61,62,69,87
random_eq,wave,398,6,17,21,22,27,34,37,41,43,45,59,64,68,80,84,87
random_eq,wave,399,20,35,41,43,50,57,59,61,68,70,74,75,82,88,91,95
random_eq,wave,400,11,14,27,32,34,38,44,45,48,58,66,73,74,83,85,96
random_eq,wave,401,10,26,28,45,46,48,56,61,69,72,75,76,87,88,92,98
random_eq,wave,402,10,24,27,28,41,46,56,59,63,69,73,75,78,87,89,95
random_eq,wave,403,3,8,9,16,21,28,33,41,44,46,52,59,63,66,80,86
random_eq,wave,404,1,5,16,26,27,30,45,56,57,59,69,75,88,89,96,100
random_eq,wave,405,2,6,10,11,19,40,49,51,54,64,67,73,78,87,91,92
random_eq,wave,406,4,7,15,16,25,27,33,48,56,57,60,66,69,72,83,94
random_eq,wave,407,2,5,10,11,30,40,51,55,60,63,65,69,76,90,91,96
random_eq,wave,408,12,22,23,30,34,37,53,63,70,78,79,87,95,96,98,99
random_eq,wave,409,16,23,30,33,38,39,54,66,76,84,89,90,93,94,95,99
random_eq,wave,410,5,10,11,14,20,29,44,60,69,71,76,81,88,90,91,96
random_eq,wave,411,5,7,12,17,25,29,36,40,61,72,79,83,85,87,91,99
random_eq,wave,412,12,20,21,26,30,33,40,42,56,62,67,82,84,93,94,99
random_eq,wave,413,6,11,14,48,59,60,66,69,73,83,85,86,87,92,96,97
random_eq,wave,414,8,11,22,29,36,37,39,42,43,47,52,60,71,81,88,100
random_eq,wave,415,9,20,25,28,38,42,45,47,56,61,65,67,68,69,79,82
random_eq,wave,416,14,19,20,21,34,36,54,62,65,66,71,79,82,83,93,98
random_eq,wave,417,5,14,31,50,53,71,76,78,81,85,90,91,93,94,96,100
random_eq,wave,418,9,11,25,30,35,37,38,39,42,47,50,68,69,71,76,100
random_eq,wave,419,9,18,27,28,34,36,37,43,45,53,59,63,69,80,95,97
random_eq,wave,420,3,8,21,29,31,34,36,37,41,52,58,59,65,73,80,96
random_eq,wave,421,8,17,19,30,33,34,43,45,48,62,72,74,75,80,95,98
random_eq,wave,422,8,12,16,21,23,29,40,49,57,65,66,68,72,90,92,96
random_eq,wave,423,4,11,13,19,20,34,44,54,71,73,74,78,80,93,97,98
random_eq,wave,424,36,37,39,43,44,45,53,56,57,58,59,69,75,86,88,89
random_eq,wave,425,2,7,10,12,21,23,24,37,39,52,64,68,73,84,95,99
random_eq,wave,426,17,18,25,26,32,36,37,50,53,56,67,75,81,84,86,100
random_eq,wave,427,2,7,12,14,18,19,21,22,23,26,34,36,37,58,66,81
random_eq,wave,428,4,8,10,27,40,45,51,52,57,62,63,68,89,92,95,96
random_eq,wave,429,12,16,23,31,48,52,59,65,66,72,75,76,86,92,96,99
random_eq,wave,430,4,16,22,23,33,38,45,46,48,52,66,72,84,86,97,99
random_eq,wave,431,1,9,12,23,24,26,27,36,37,42,47,52,63,64,84,99
random_eq,wave,432,7,11,16,20,25,30,40,42,48,54,55,56,60,65,83,94
random_eq,wave,433,4,20,28,29,30,35,55,60,62,66,68,69,74,76,80,95
random_eq,wave,434,6,11,12,15,21,29,33,36,52,59,64,71,73,82,86,99
random_eq,wave,435,4,11,15,22,24,37,41,42,43,48,50,52,61,63,95,97
random_eq,wave,436,3,7,16,18,22,23,38,46,48,56,66,69,79,94,95,98
random_eq,wave,437,10,18,19,26,48,52,54,62,64,66,72,92,93,94,98,99
random_eq,wave,438,1,4,6,29,36,43,49,50,56,65,77,82,88,89,92,98
random_eq,wave,439,2,21,22,23,28,32,33,42,50,56,65,72,79,82,93,98
random_eq,wave,440,1,6,10,17,26,34,43,54,55,61,62,64,78,84,98,99
random_eq,wave,441,11,16,17,20,22,28,34,36,45,55,59,65,66,88,93,97
random_eq,wave,442,6,8,16,18,32,38,39,48,50,52,57,66,75,86,88,96
random_eq,wave,443,8,12,16,17,47,55,66,75,79,81,84,86,88,95,96,99
random_eq,wave,444,8,16,19,20,27,29,31,39,40,45,48,51,52,66,71,90
random_eq,wave,445,8,17,27,28,31,36,37,45,46,47,51,53,71,75,98,100
random_eq,wave,446,3,8,9,13,16,27,41,43,70,71,75,78,79,88,98,100
random_eq,wave,447,8,16,17,28,34,39,43,44,48,61,63,66,71,75,77,88
random_eq,wave,448,3,4,15,18,22,32,35,38,42,48,51,52,56,77,82,100
random_eq,wave,449,6,9,10,19,25,26,40,41,52,64,65,68,78,89,92,93
random_eq,wave,450,10,14,22,27,32,39,45,78,79,87,88,89,92,96,97,100
random_eq,wave,451,1,5,8,17,24,29,41,46,59,61,62,77,85,91,95,96
random_eq,wave,452,12,15,20,23,26,36,37,47,52,64,81,86,87,90,93,99
random_eq,wave,453,3,4,6,10,22,27,33,40,46,51,70,77,89,92,96,97
random_eq,wave,454,1,8,14,24,26,27,39,41,46,53,55,58,75,77,85,88
random_eq,wave,455,29,34,36,37,43,44,53,54,61,62,63,70,79,89,98,99
random_eq,wave,456,1,14,16,21,25,26,29,35,39,42,55,58,60,77,83,93
random_eq,wave,457,8,17,29,30,31,35,36,38,45,46,58,65,67,74,88,91
random_eq,wave,458,1,5,21,27,46,57,60,66,67,69,71,73,81,85,97,100
random_eq,wave,459,3,6,14,15,23,26,29,33,35,46,49,53,76,77,90,92
random_eq,wave,460,8,15,17,20,29,30,31,35,38,44,45,46,74,78,88,91
random_eq,wave,461,20,26,33,38,50,54,57,67,69,73,81,83,85,86,91,97
random_eq,wave,462,1,5,16,34,40,55,56,60,61,62,69,75,84,91,95,96
random_eq,wave,463,8,11,24,36,41,50,52,62,71,74,80,89,93,94,98,100
random_eq,wave,464,1,12,15,21,29,31,35,37,52,56,71,72,78,80,93,99
random_eq,wave,465,1,5,10,31,34,40,45,61,69,70,71,72,75,91,96,99
random_eq,wave,466,17,20,42,43,50,59,65,68,73,81,82,83,84,86,91,97
random_eq,wave,467,1,5,11,14,25,32,37,41,43,50,75,81,85,86,91,100
random_eq,wave,468,8,16,28,29,43,45,48,52,61,63,66,71,79,88,95,98
random_eq,wave,469,7,14,30,32,33,42,47,50,62,71,76,77,82,94,98,100
random_eq,wave,470,18,23,26,36,37,42,60,64,67,69,81,84,89,90,94,100
random_eq,wave,471,6,8,19,21,36,49,54,57,59,75,86,87,88,92,94,96
random_eq,wave,472,9,18,48,52,59,60,63,66,76,77,82,86,88,95,96,97
random_eq,wave,473,4,12,15,24,31,42,47,51,55,63,69,70,74,83,86,99
random_eq,wave,474,3,4,8,28,31,33,35,41,46,52,65,72,74,75,88,91
random_eq,wave,475,2,24,25,28,31,33,38,43,49,54,58,64,65,67,74,91
random_eq,wave,476,1,2,3,8,11,15,17,21,30,35,43,71,72,73,74,85
random_eq,wave,477,2,18,26,30,42,45,48,51,55,56,57,69,82,90,98,100
random_eq,wave,478,2,5,12,13,53,56,57,67,68,69,73,75,79,81,85,95
random_eq,wave,479,7,11,21,25,30,32,36,40,50,58,66,70,71,82,83,94
random_eq,wave,480,1,17,22,45,46,51,53,61,71,77,78,82,96,97,98,100
random_eq,wave,481,3,6,11,13,17,24,29,30,43,62,71,74,76,78,80,98
random_eq,wave,482,5,18,21,24,29,30,31,35,50,64,65,67,69,73,85,100
random_eq,wave,483,12,18,31,39,47,49,66,72,76,81,84,85,90,92,94,99
random_eq,wave,484,6,19,20,22,35,42,47,49,51,54,56,67,68,71,77,82
random_eq,wave,485,2,18,25,37,39,42,43,48,52,57,60,63,81,90,95,97
random_eq,wave,486,2,28,31,35,37,38,39,42,43,44,45,52,58,73,78,83
random_eq,wave,487,1,7,9,11,16,19,54,55,61,62,66,69,72,76,89,98
random_eq,wave,488,7,9,10,25,28,36,37,45,47,56,59,63,69,86,87,95
random_eq,wave,489,9,12,24,26,30,53,55,56,57,59,62,68,69,85,96,100
random_eq,wave,490,5,7,8,12,22,30,31,40,58,65,66,70,85,91,94,99
random_eq,wave,491,3,4,9,13,16,20,25,27,36,40,41,46,56,65,69,84
random_eq,wave,492,13,36,44,45,50,53,70,72,79,82,83,87,88,93,94,98
random_eq,wave,493,2,21,24,26,37,45,46,49,51,56,57,68,80,90,98,100
random_eq,wave,494,4,7,17,19,22,36,42,51,54,58,61,65,77,82,97,98
random_eq,wave,495,3,11,14,15,21,27,34,37,41,46,68,71,73,75,80,100
random_eq,wave,496,7,8,20,21,29,34,45,52,55,57,59,62,65,74,78,85
random_eq,wave,497,1,5,6,7,10,17,25,26,30,32,50,64,81,90,91,94
random_eq,wave,498,6,7,13,24,30,37,42,47,57,59,60,69,76,87,90,94
random_eq,wave,499,2,10,11,14,16,20,40,60,68,69,71,75,78,88,91,96
random_eq,wave,500,2,19,22,32,36,37,42,47,51,67,70,72,79,81,87,93
random_eq,wave,501,1,3,5,8,20,21,26,28,29,34,40,46,49,55,73,85
random_eq,wave,502,6,14,16,19,25,26,29,33,37,43,47,54,77,81,83,91
random_eq,wave,503,1,7,9,19,23,26,32,42,47,61,70,72,76,81,82,99
random_eq,wave,504,9,23,30,31,38,47,53,60,63,65,66,67,68,69,70,86
random_eq,wave,505,6,15,17,33,35,42,43,45,47,51,61,62,64,79,82,99
random_eq,wave,506,4,6,12,13,18,19,31,56,62,67,80,81,92,93,94,96
random_eq,wave,507,2,6,11,14,21,37,40,50,51,68,69,76,80,87,90,96
random_eq,wave,508,5,11,19,21,30,34,39,43,54,62,63,66,71,75,76,85
random_eq,wave,509,5,9,11,30,34,38,42,43,47,50,58,59,65,70,76,88
random_eq,wave,510,2,10,12,14,40,63,64,73,77,79,87,89,92,95,96,99
random_eq,wave,511,3,6,15,19,26,33,49,54,64,73,74,77,80,81,86,89
random_eq,wave,512,1,12,20,28,29,31,35,39,47,53,59,62,64,70,82,93
random_eq,wave,513,12,22,27,31,38,40,51,52,58,65,66,78,82,96,97,99
random_eq,wave,514,10,12,14,15,20,27,33,38,44,73,79,83,89,93,97,99
random_eq,wave,515,4,16,18,19,38,42,44,47,54,63,67,70,73,77,83,86
random_eq,wave,516,7,12,17,21,25,29,30,31,40,42,55,58,68,76,82,99
random_eq,wave,517,5,6,17,18,22,24,38,39,43,50,56,57,73,85,86,91
random_eq,wave,518,13,22,41,43,50,51,53,56,57,59,78,85,86,87,92,100
random_eq,wave,519,7,23,30,31,34,37,42,47,54,57,58,59,60,65,68,75
random_eq,wave,520,3,12,15,21,31,36,37,49,51,64,65,66,72,80,81,86
random_eq,wave,521,13,17,19,26,33,34,38,44,45,53,56,61,62,63,67,85
random_eq,wave,522,12,16,25,31,36,49,58,64,67,71,81,84,90,91,94,99
random_eq,wave,523,4,6,12,14,15,25,35,36,42,47,75,76,82,87,93,99
random_eq,wave,524,13,15,30,32,34,38,45,65,74,75,76,77,78,88,93,100
random_eq,wave,525,5,10,24,26,55,57,58,60,61,69,75,76,88,91,96,98
random_eq,wave,526,2,15,20,35,36,41,44,50,55,56,69,73,79,80,82,91
random_eq,wave,527,3,10,15,17,18,22,27,37,46,51,54,59,77,89,97,100
random_eq,wave,528,9,10,14,18,25,28,32,45,48,63,76,79,86,92,95,98
random_eq,wave,529,6,11,21,37,49,54,61,64,67,78,80,81,87,90,94,99
random_eq,wave,530,7,22,30,32,33,34,38,50,56,63,74,79,80,89,95,98
random_eq,wave,531,3,18,31,40,41,42,43,47,55,70,72,73,82,83,84,97
random_eq,wave,532,4,15,20,24,29,33,35,45,52,53,83,88,89,93,95,99
random_eq,wave,533,4,10,12,13,25,29,31,52,57,61,67,76,78,87,89,100
random_eq,wave,534,4,9,13,14,15,19,23,27,37,44,54,64,72,78,81,87
random_eq,wave,535,14,15,25,33,38,41,43,50,63,66,75,79,82,86,91,95
random_eq,wave,536,6,8,17,25,30,37,42,46,47,50,57,67,68,79,81,86
random_eq,wave,537,7,13,19,20,26,49,51,54,61,64,68,77,80,90,92,98
random_eq,wave,538,12,16,19,23,26,33,40,48,49,66,67,72,76,90,92,94
random_eq,wave,539,7,12,16,17,22,31,40,42,51,61,65,78,84,97,99,100
random_eq,wave,540,3,4,13,35,41,44,46,51,53,55,58,78,84,85,93,97
random_eq,wave,541,4,11,15,19,20,29,42,44,54,70,76,78,85,88,92,93
random_eq,wave,542,8,13,24,55,57,60,61,69,74,79,88,90,94,95,96,98
random_eq,wave,543,2,14,19,33,40,44,54,67,72,73,74,76,79,80,89,92
random_eq,wave,544,9,20,21,30,32,35,37,39,55,57,60,64,68,80,87,93
random_eq,wave,545,3,8,9,33,34,40,44,46,49,61,72,79,80,82,89,96
random_eq,wave,546,7,11,19,22,24,38,52,54,74,78,88,91,94,97,98,100
random_eq,wave,547,5,11,14,20,21,27,34,38,59,60,65,69,73,83,85,96
random_eq,wave,548,2,19,33,34,39,53,54,69,70,77,82,83,88,89,96,100
random_eq,wave,549,6,7,10,17,25,41,46,48,56,59,68,75,84,86,87,92
random_eq,wave,550,3,21,27,36,41,51,57,58,65,69,85,90,92,96,97,98
random_eq,wave,551,1,8,15,17,19,34,37,41,42,48,59,61,63,75,88,95
random_eq,wave,552,15,22,24,27,32,38,44,50,52,72,74,78,79,87,88,89
random_eq,wave,553,2,6,19,39,49,54,62,64,68,74,78,85,87,89,92,93
random_eq,wave,554,4,9,12,16,23,28,31,35,37,42,47,49,64,67,68,100
random_eq,wave,555,19,26,29,33,42,47,51,54,57,62,70,76,82,93,98,100
random_eq,wave,556,3,4,13,35,41,53,62,70,77,78,87,92,93,96,97,100
random_eq,wave,557,1,2,5,8,30,35,55,57,58,59,60,69,73,85,91,96
random_eq,wave,558,3,8,21,27,33,41,46,51,52,59,63,75,80,82,84,95
random_eq,wave,559,6,10,19,26,38,47,51,54,64,67,68,70,77,86,90,93
random_eq,wave,560,3,5,10,18,34,46,56,57,59,61,69,83,88,89,95,96
random_eq,wave,561,5,19,21,25,49,54,55,64,67,72,79,81,85,87,90,94
random_eq,wave,562,16,18,22,27,28,36,40,48,51,60,63,70,79,92,95,97
random_eq,wave,563,1,2,10,14,34,38,39,41,43,48,50,57,58,69,73,83
random_eq,wave,564,1,8,19,20,23,26,37,40,42,47,49,54,61,67,71,90
random_eq,wave,565,15,16,18,48,51,57,59,60,61,63,66,69,70,75,76,100
random_eq,wave,566,3,5,6,7,16,19,22,41,48,61,66,71,73,79,97,98
random_eq,wave,567,4,6,14,15,23,24,29,33,35,37,42,48,54,62,77,93
random_eq,wave,568,8,9,17,18,21,23,24,30,41,42,46,59,63,67,95,99
random_eq,wave,569,5,15,16,17,20,25,26,27,38,43,56,57,60,75,91,100
random_eq,wave,570,7,10,11,14,22,29,32,36,50,51,71,72,74,89,92,98
random_eq,wave,571,1,3,8,30,31,34,36,39,42,43,47,55,58,73,82,84
random_eq,wave,572,1,10,11,14,22,27,34,38,51,58,60,67,69,78,91,97
random_eq,wave,573,6,11,14,22,29,35,36,42,47,50,51,67,69,71,72,82
random_eq,wave,574,5,10,11,14,17,19,27,34,38,39,44,54,58,83,88,91
random_eq,wave,575,5,8,9,21,30,35,38,39,57,60,62,68,69,80,95,96
random_eq,wave,576,1,3,9,21,22,24,32,43,52,63,71,74,77,78,80,98
random_eq,wave,577,16,17,18,22,23,42,43,46,48,54,59,63,84,86,95,97
random_eq,wave,578,5,10,11,30,45,60,63,69,71,73,81,83,86,91,95,96
random_eq,wave,579,15,26,30,33,35,47,53,57,60,62,76,80,82,93,94,100
random_eq,wave,580,5,13,18,20,23,26,38,39,50,53,57,64,70,73,86,93
random_eq,wave,581,6,17,25,30,36,40,41,43,47,50,53,64,71,79,90,94
random_eq,wave,582,10,15,22,24,27,32,33,44,45,51,57,63,70,79,89,98
random_eq,wave,583,4,12,15,20,25,29,31,33,38,44,70,74,90,91,93,99
random_eq,wave,584,13,37,39,41,43,50,52,53,56,58,65,75,77,78,86,88
random_eq,wave,585,5,6,17,19,22,31,43,45,51,61,65,78,85,91,97,98
random_eq,wave,586,6,14,18,21,22,48,50,57,59,66,69,73,85,86,92,96
random_eq,wave,587,9,11,13,14,27,44,50,53,68,69,71,72,76,82,88,98
random_eq,wave,588,3,4,5,16,27,34,41,46,68,70,73,83,84,91,95,97
random_eq,wave,589,4,17,21,28,33,44,45,46,51,62,63,77,86,92,95,97
random_eq,wave,590,8,9,17,28,33,34,45,46,59,61,62,74,85,87,91,100
random_eq,wave,591,7,13,17,19,34,39,53,54,58,61,62,71,77,78,82,97
random_eq,wave,592,17,19,20,26,30,33,54,64,67,73,74,77,81,85,89,100
random_eq,wave,593,4,20,22,28,30,32,34,45,47,66,68,70,77,80,87,92
random_eq,wave,594,6,14,19,32,33,38,39,43,45,47,53,75,82,86,88,94
random_eq,wave,595,17,19,23,37,38,39,42,47,54,63,68,77,83,86,95,97
random_eq,wave,596,10,12,14,18,25,28,48,63,79,83,92,93,94,95,97,98
random_eq,wave,597,3,6,8,23,32,36,39,42,57,70,71,75,82,86,89,96
random_eq,wave,598,7,8,11,30,32,36,50,62,65,70,74,89,92,94,98,100
random_eq,wave,599,1,4,5,9,11,21,27,30,32,50,64,71,72,80,81,96
random_eq,wave,600,2,14,15,25,42,43,50,68,72,76,79,81,82,87,89,90
random_eq,wave,601,1,2,4,5,15,31,35,53,54,56,63,73,83,91,93,99
random_eq,wave,602,2,8,18,19,26,41,42,47,51,67,69,70,74,81,90,100
random_eq,wave,603,3,17,18,22,23,27,34,37,41,42,46,48,59,84,95,97
random_eq,wave,604,9,33,34,43,45,52,57,59,62,63,74,80,87,91,95,97
random_eq,wave,605,3,17,22,27,31,33,38,41,43,44,72,84,85,91,97,98
random_eq,wave,606,7,12,17,23,28,31,36,37,40,47,53,56,72,83,87,94
random_eq,wave,607,6,7,23,28,29,31,37,45,47,52,59,64,66,86,87,90
random_eq,wave,608,5,8,21,30,40,41,50,55,62,63,65,67,69,79,85,94
random_eq,wave,609,4,6,9,13,14,15,16,35,43,45,57,65,78,88,92,97
random_eq,wave,610,12,15,23,31,44,48,55,59,70,72,82,83,86,93,97,99
random_eq,wave,611,10,12,20,29,51,65,68,70,76,79,89,90,92,93,98,99
random_eq,wave,612,11,17,35,41,43,50,53,61,68,71,75,76,82,88,89,100
random_eq,wave,613,1,5,13,16,27,32,50,51,55,56,57,62,63,67,81,95
random_eq,wave,614,6,25,31,35,39,42,43,47,50,52,55,65,68,82,83,90
random_eq,wave,615,1,12,15,16,20,26,27,38,51,52,53,64,78,90,91,99
random_eq,wave,616,1,4,5,13,14,24,29,35,50,53,55,67,69,76,88,100
random_eq,wave,617,16,31,40,43,51,55,60,61,63,65,76,78,84,90,91,97
random_eq,wave,618,9,19,25,31,36,39,42,45,56,58,61,65,69,81,82,91
random_eq,wave,619,2,4,6,7,12,17,19,21,23,36,40,62,64,77,87,92
random_eq,wave,620,3,10,12,14,20,25,38,39,65,68,76,84,89,90,93,94
random_eq,wave,621,3,7,14,20,23,29,32,36,53,65,71,76,81,84,90,92
random_eq,wave,622,1,5,11,17,31,39,43,50,56,58,61,75,81,85,88,91
random_eq,wave,623,2,26,32,38,45,50,51,57,58,68,70,76,82,90,91,98
random_eq,wave,624,3,8,16,17,28,29,44,46,48,51,61,63,66,71,77,98
random_eq,wave,625,12,15,16,18,22,25,29,48,56,66,79,81,86,93,99,100
random_eq,wave,626,3,6,17,18,24,25,36,37,41,42,43,47,56,59,61,84
random_eq,wave,627,10,19,32,36,40,44,51,61,70,71,72,79,83,89,93,97
random_eq,wave,628,11,12,16,17,18,21,29,34,36,38,61,63,64,88,98,99
random_eq,wave,629,3,7,18,19,23,26,37,38,49,53,54,83,89,94,97,100
random_eq,wave,630,3,9,24,33,44,56,57,58,59,61,62,69,74,80,89,96
random_eq,wave,631,6,9,13,18,19,23,27,37,49,53,54,64,67,77,79,81
random_eq,wave,632,22,43,45,47,57,63,66,68,70,71,82,86,88,95,97,98
random_eq,wave,633,3,8,11,20,27,30,32,36,44,53,62,70,71,82,94,96
random_eq,wave,634,4,9,15,20,21,31,33,34,35,41,44,46,50,52,80,92
random_eq,wave,635,4,9,19,21,36,43,57,60,61,70,76,87,88,92,98,100
random_eq,wave,636,2,3,8,22,24,30,33,46,59,63,65,70,74,80,84,89
random_eq,wave,637,8,28,41,43,48,66,70,75,79,85,86,87,88,92,98,100
random_eq,wave,638,9,13,18,19,36,47,54,56,63,77,79,82,88,93,95,98
random_eq,wave,639,9,11,19,20,21,23,32,33,37,44,49,61,64,66,67,81
random_eq,wave,640,11,12,25,29,35,36,37,42,47,49,64,67,71,90,99,100
random_eq,wave,641,2,3,8,22,28,34,46,52,59,65,72,73,74,78,80,91
random_eq,wave,642,4,6,15,18,31,34,37,38,60,70,73,83,85,91,93,99
random_eq,wave,643,11,13,16,30,40,41,50,69,70,71,78,80,83,94,95,96
random_eq,wave,644,4,5,14,23,29,32,35,45,53,57,76,87,89,90,96,100
random_eq,wave,645,3,4,7,8,15,21,34,38,41,52,65,68,72,73,74,80
random_eq,wave,646,10,14,16,20,26,28,33,44,45,46,62,67,75,81,91,94
random_eq,wave,647,12,14,15,29,31,35,44,51,53,58,62,71,78,82,93,99
random_eq,wave,648,11,17,19,21,36,54,56,61,62,63,71,80,82,94,98,100
random_eq,wave,649,2,36,41,44,48,51,72,74,76,79,85,90,92,93,98,99
random_eq,wave,650,6,10,14,18,28,43,45,48,73,79,81,83,86,92,97,98
random_eq,wave,651,2,3,13,22,24,33,44,46,70,72,73,74,79,80,84,98
random_eq,wave,652,10,12,15,20,21,27,31,33,34,49,64,65,73,81,99,100
random_eq,wave,653,14,16,21,22,27,31,32,38,39,42,44,51,58,60,78,84
random_eq,wave,654,3,21,22,27,36,37,44,46,66,70,72,79,80,87,94,98
random_eq,wave,655,12,15,17,20,21,34,36,38,43,56,61,65,75,82,88,99
random_eq,wave,656,3,9,11,22,27,32,33,40,48,52,56,66,74,80,96,100
random_eq,wave,657,15,18,23,24,29,37,48,54,66,70,76,79,86,90,95,99
random_eq,wave,658,4,8,20,28,29,30,41,46,53,55,62,68,69,82,86,95
random_eq,wave,659,4,6,10,14,27,32,45,68,75,76,77,87,88,89,92,98
random_eq,wave,660,9,18,20,23,31,44,48,49,53,54,59,64,86,92,96,99
random_eq,wave,661,6,7,18,28,30,38,40,45,48,56,66,79,83,85,88,94
random_eq,wave,662,3,7,9,16,17,18,23,26,42,46,48,56,61,72,81,84
random_eq,wave,663,3,5,7,9,17,24,28,40,55,56,58,65,74,77,80,91
random_eq,wave,664,2,6,7,23,52,53,54,64,73,78,79,81,84,87,92,99
random_eq,wave,665,1,2,13,15,22,24,36,38,49,51,54,72,74,79,97,99
random_eq,wave,666,2,8,11,15,30,32,34,45,59,75,78,82,88,89,93,95
random_eq,wave,667,1,5,9,10,11,34,38,39,41,43,50,52,56,58,73,89
random_eq,wave,668,2,19,23,26,37,42,47,49,54,62,64,67,68,72,81,87
random_eq,wave,669,6,8,21,29,32,33,37,52,62,66,67,79,80,81,86,99
random_eq,wave,670,6,16,17,22,27,28,45,46,48,51,55,59,66,87,92,97
random_eq,wave,671,5,10,18,20,21,25,28,44,49,54,64,67,79,81,90,94
random_eq,wave,672,3,4,8,13,23,29,35,43,52,53,62,78,84,87,92,100
random_eq,wave,673,2,3,11,21,30,32,35,38,59,63,65,73,78,83,85,96
random_eq,wave,674,4,6,11,14,21,42,60,67,68,69,71,73,80,82,83,86
random_eq,wave,675,12,21,28,29,35,39,63,64,66,68,70,73,85,92,93,95
random_eq,wave,676,7,14,16,20,25,32,42,47,59,65,68,75,76,84,86,99
random_eq,wave,677,4,9,10,12,13,35,38,57,62,70,76,78,87,93,96,100
random_eq,wave,678,11,14,16,20,28,44,45,47,66,69,71,75,76,86,88,98
random_eq,wave,679,5,7,29,32,34,59,61,62,63,70,76,84,85,87,89,95
random_eq,wave,680,2,8,10,11,28,40,41,46,49,51,78,87,89,90,92,100
random_eq,wave,681,7,11,13,24,32,50,53,61,70,71,75,76,78,85,98,100
random_eq,wave,682,2,13,17,34,45,53,59,63,64,77,78,87,88,92,95,96
random_eq,wave,683,9,12,19,31,35,36,39,58,64,70,80,82,84,87,91,93
random_eq,wave,684,5,11,12,17,20,22,42,47,56,58,59,65,73,86,96,99
random_eq,wave,685,11,29,30,35,36,40,42,44,50,51,58,62,71,76,82,93
random_eq,wave,686,2,3,11,15,17,21,30,32,37,51,56,59,63,68,85,95
random_eq,wave,687,9,10,27,30,36,40,57,60,62,69,79,82,87,89,96,100
random_eq,wave,688,10,18,24,29,32,36,37,39,49,50,65,73,77,86,89,100
random_eq,wave,689,3,11,16,18,19,22,38,41,48,51,66,70,93,97,98,100
random_eq,wave,690,11,14,23,32,37,42,44,47,59,60,67,72,76,86,87,97
random_eq,wave,691,4,13,29,40,45,49,57,64,65,72,73,74,78,85,92,96
random_eq,wave,692,9,17,20,21,35,37,38,44,51,60,61,68,79,80,84,96
random_eq,wave,693,1,7,10,17,19,25,30,45,48,59,66,72,83,90,92,94
random_eq,wave,694,7,13,14,16,32,40,50,57,63,64,71,78,79,80,90,95
random_eq,wave,695,16,18,28,30,32,38,39,45,48,63,66,76,86,88,90,93
random_eq,wave,696,3,16,17,22,38,39,46,47,51,54,63,68,84,93,95,97
random_eq,wave,697,1,3,4,5,10,21,24,31,40,51,56,58,62,69,83,96
random_eq,wave,698,9,10,11,18,20,23,35,37,44,48,49,54,59,64,90,96
random_eq,wave,699,14,16,20,23,27,28,31,32,38,39,42,45,47,68,83,94
random_eq,wave,700,4,5,7,10,17,18,25,40,54,61,64,72,84,91,94,99
random_eq,wave,701,6,12,18,19,23,29,31,34,37,42,48,49,59,61,76,90
random_eq,wave,702,1,2,5,8,10,20,24,26,28,40,46,51,55,69,90,91
random_eq,wave,703,2,5,6,8,10,12,13,18,19,23,26,35,39,73,89,93
random_eq,wave,704,1,5,10,12,25,26,28,49,55,64,67,72,81,89,90,94
random_eq,wave,705,2,3,11,16,30,32,40,48,51,58,62,66,67,70,71,76
random_eq,wave,706,1,13,20,22,34,36,41,43,50,61,70,71,74,79,88,98
random_eq,wave,707,3,17,27,34,38,40,53,56,68,71,82,83,84,88,91,95
random_eq,wave,708,3,24,32,33,53,56,57,59,61,63,70,73,75,85,95,96
random_eq,wave,709,1,3,4,16,27,29,34,41,48,52,56,62,63,84,91,96
random_eq,wave,710,19,21,33,39,47,49,54,63,64,67,73,80,81,82,94,95
random_eq,wave,711,18,22,25,42,45,48,56,63,79,92,93,94,95,96,98,99
random_eq,wave,712,6,11,12,19,34,49,53,61,64,65,68,71,75,88,92,98
random_eq,wave,713,3,8,15,24,29,30,33,46,59,62,63,74,84,85,89,95
random_eq,wave,714,9,11,30,34,39,43,50,54,68,70,71,74,80,83,91,100
random_eq,wave,715,4,13,20,29,30,32,35,44,45,53,57,68,76,88,92,96
random_eq,wave,716,6,13,47,52,54,64,65,68,77,80,82,90,93,94,98,99
random_eq,wave,717,18,30,32,42,45,48,57,59,62,63,76,85,92,94,95,96
random_eq,wave,718,8,23,29,35,41,46,52,53,73,78,79,87,92,96,99,100
random_eq,wave,719,6,7,8,9,12,17,34,38,61,62,74,78,84,85,87,99
random_eq,wave,720,6,13,18,23,31,45,48,59,61,64,70,82,90,93,94,96
random_eq,wave,721,3,8,13,15,17,23,31,35,41,44,46,53,71,72,73,78
random_eq,wave,722,1,2,4,10,12,19,21,31,36,37,49,67,72,76,81,90
random_eq,wave,723,9,13,15,20,24,27,43,52,59,60,74,77,78,80,87,97
random_eq,wave,724,7,11,16,17,18,19,25,39,54,58,61,64,65,66,78,94
random_eq,wave,725,5,18,22,23,24,26,27,28,45,46,53,55,58,59,69,97
random_eq,wave,726,4,7,9,12,20,21,31,37,52,61,65,68,76,80,81,99
random_eq,wave,727,1,7,12,28,39,48,55,61,63,66,70,74,83,88,94,95
random_eq,wave,728,3,5,18,28,35,38,41,49,56,63,67,75,85,88,91,95
random_eq,wave,729,7,8,11,14,15,20,29,32,35,36,44,53,59,82,88,99
random_eq,wave,730,1,2,5,8,11,13,15,20,22,30,32,34,38,60,88,95
random_eq,wave,731,1,8,9,11,13,24,30,41,43,50,58,71,74,78,85,98
random_eq,wave,732,11,35,39,41,43,44,50,55,58,66,70,73,74,78,83,97
random_eq,wave,733,4,6,7,9,10,15,17,31,35,48,54,61,68,87,92,99
random_eq,wave,734,3,8,18,28,29,34,39,46,48,52,66,73,74,77,85,100
random_eq,wave,735,9,16,17,19,23,36,44,45,66,71,72,79,86,96,97,98
random_eq,wave,736,8,11,12,17,33,35,37,38,51,53,58,61,65,90,96,99
random_eq,wave,737,4,13,14,15,29,32,33,35,47,50,53,82,83,88,90,95
random_eq,wave,738,7,11,25,40,42,47,50,54,55,56,61,65,72,82,90,94
random_eq,wave,739,11,16,25,33,44,47,49,50,54,66,67,68,72,81,83,94
random_eq,wave,740,7,10,14,18,25,32,38,47,50,75,77,79,86,94,98,100
random_eq,wave,741,4,15,35,42,43,44,45,51,63,68,70,84,89,90,92,97
random_eq,wave,742,8,10,19,24,29,35,36,41,49,67,71,77,84,88,89,100
random_eq,wave,743,6,12,13,32,35,37,49,50,51,53,76,78,79,87,90,96
random_eq,wave,744,8,17,22,28,29,35,43,45,47,53,61,63,68,71,82,95
random_eq,wave,745,9,12,18,20,24,31,38,48,49,64,65,66,67,85,86,99
random_eq,wave,746,2,6,9,11,18,21,23,32,36,37,42,49,64,67,81,99
random_eq,wave,747,3,4,13,17,22,28,30,35,44,46,48,55,72,74,80,94
random_eq,wave,748,1,3,5,9,12,13,15,23,26,38,52,53,72,83,93,97
random_eq,wave,749,11,14,23,24,36,37,44,53,59,60,69,72,76,90,94,96
random_eq,wave,750,4,12,17,20,31,40,53,56,61,62,78,85,92,94,96,99
random_eq,wave,751,2,3,11,13,28,44,46,49,71,72,74,76,78,88,90,98
random_eq,wave,752,1,5,12,20,34,38,39,47,53,73,75,82,84,93,95,99
random_eq,wave,753,4,6,14,17,22,24,25,28,33,35,37,43,45,47,66,94
random_eq,wave,754,12,13,28,36,37,49,53,64,67,72,79,81,85,87,90,94
random_eq,wave,755,1,8,9,16,23,26,30,32,35,48,57,58,60,66,67,71
random_eq,wave,756,2,4,14,15,23,32,33,42,48,50,76,77,81,82,90,100
random_eq,wave,757,2,8,10,21,34,36,37,45,46,52,57,59,62,71,95,96
random_eq,wave,758,4,6,9,12,31,35,47,49,64,66,67,84,85,87,92,99
random_eq,wave,759,14,20,21,23,26,32,45,50,57,66,67,68,73,81,82,83
random_eq,wave,760,5,7,10,18,21,22,25,26,32,33,50,56,81,84,94,100
random_eq,wave,761,2,23,24,31,35,37,39,43,52,53,56,60,71,78,90,100
random_eq,wave,762,5,7,9,12,26,47,52,61,68,72,74,76,80,81,84,99
random_eq,wave,763,3,4,9,15,16,17,31,33,35,41,46,48,62,66,97,100
random_eq,wave,764,3,8,10,24,27,28,29,46,49,62,63,71,78,91,95,98
random_eq,wave,765,8,17,20,29,34,36,39,47,53,57,60,71,73,77,82,93
random_eq,wave,766,9,15,21,26,34,37,38,56,60,62,68,69,80,93,99,100
random_eq,wave,767,4,10,12,17,20,31,43,51,61,65,89,90,92,97,98,99
random_eq,wave,768,1,2,4,35,37,41,50,53,56,63,69,73,77,83,95,96
random_eq,wave,769,1,12,15,26,29,34,38,53,56,58,62,76,78,85,93,99
random_eq,wave,770,2,3,8,9,20,21,31,36,44,49,66,71,80,82,96,98
random_eq,wave,771,19,29,34,44,54,59,62,63,66,76,77,78,85,87,93,99
random_eq,wave,772,5,8,11,18,19,20,27,29,38,39,49,54,85,88,91,100
random_eq,wave,773,4,6,12,15,25,31,36,38,42,47,64,82,90,93,94,99
random_eq,wave,774,7,12,16,17,18,22,25,40,48,56,66,79,84,94,99,100
random_eq,wave,775,1,3,5,6,10,24,26,29,35,46,52,55,62,67,77,91
random_eq,wave,776,18,20,22,23,31,39,41,42,43,48,50,70,86,92,97,100
random_eq,wave,777,4,25,28,36,37,42,47,54,70,72,81,83,87,93,94,97
random_eq,wave,778,4,12,14,15,20,25,29,31,33,44,74,85,90,91,93,99
random_eq,wave,779,2,14,19,25,32,33,39,55,63,64,77,81,82,89,93,95
random_eq,wave,780,5,14,21,24,26,38,57,60,64,67,69,73,85,86,87,100
random_eq,wave,781,4,7,13,17,29,34,53,60,61,62,76,78,84,85,87,100
random_eq,wave,782,11,14,27,28,32,34,36,40,44,45,53,55,58,73,83,85
random_eq,wave,783,7,12,37,38,50,52,59,63,68,73,83,84,85,86,91,95
random_eq,wave,784,4,6,12,15,17,25,34,36,66,76,77,82,87,90,93,99
random_eq,wave,785,9,23,35,37,42,47,49,54,59,61,64,65,67,68,72,99
random_eq,wave,786,2,5,10,22,34,52,55,56,57,59,60,69,72,87,89,96
random_eq,wave,787,7,14,18,41,44,47,50,62,63,69,76,81,84,85,92,94
random_eq,wave,788,1,12,15,23,26,29,35,55,58,71,76,78,90,91,93,99
random_eq,wave,789,4,6,9,12,15,25,31,42,47,64,68,70,81,82,93,99
random_eq,wave,790,6,19,47,49,51,54,55,61,62,67,68,77,79,80,87,97
random_eq,wave,791,2,5,15,18,19,20,26,51,53,54,56,69,77,81,83,89
random_eq,wave,792,5,6,7,9,10,18,19,25,26,32,55,61,70,81,83,91
random_eq,wave,793,5,6,9,10,12,19,23,39,49,55,61,64,77,81,87,89
random_eq,wave,794,4,5,14,18,21,23,27,32,34,42,73,81,83,84,99,100
random_eq,wave,795,6,14,16,21,32,33,43,60,62,66,76,77,79,80,94,98
random_eq,wave,796,8,11,15,17,22,27,30,34,60,68,71,73,80,82,91,95
random_eq,wave,797,1,4,11,16,22,40,48,51,55,56,60,66,69,86,96,100
random_eq,wave,798,4,6,8,9,18,25,32,35,36,37,38,43,45,52,84,89
random_eq,wave,799,12,13,16,17,18,25,28,30,38,39,44,48,83,86,93,95
random_eq,wave,800,21,25,33,43,45,59,63,66,70,75,84,85,86,92,95,97
random_eq,wave,801,13,16,18,45,46,48,49,55,56,59,65,75,77,86,88,100
random_eq,wave,802,3,8,11,13,16,39,41,43,51,52,71,72,75,78,86,92
random_eq,wave,803,7,16,25,32,40,48,50,56,63,66,68,79,83,92,94,95
random_eq,wave,804,1,3,5,8,15,23,24,27,41,43,52,58,71,75,77,91
random_eq,wave,805,5,13,14,27,28,31,32,39,45,53,65,72,73,80,81,83
random_eq,wave,806,3,6,14,21,27,28,32,34,59,66,68,74,75,77,80,83
random_eq,wave,807,8,21,33,34,43,50,57,59,61,65,70,72,75,82,85,88
random_eq,wave,808,9,17,24,25,36,37,39,42,43,47,57,60,71,76,97,100
random_eq,wave,809,29,33,35,52,53,54,62,64,79,84,85,89,92,95,96,99
random_eq,wave,810,3,4,17,20,22,23,27,41,44,46,66,77,85,87,97,98
random_eq,wave,811,2,7,12,31,34,40,58,68,70,71,73,83,84,85,91,99
random_eq,wave,812,21,33,49,51,54,61,63,66,67,76,79,84,90,92,95,99
random_eq,wave,813,4,9,13,21,31,35,52,57,60,64,65,68,72,80,92,93
random_eq,wave,814,5,10,15,29,31,35,43,45,49,51,62,68,71,91,99,100
random_eq,wave,815,6,8,9,15,26,27,37,41,43,49,50,66,77,78,81,88
random_eq,wave,816,4,9,11,21,24,27,37,41,44,46,49,64,68,80,99,100
random_eq,wave,817,4,10,15,32,33,35,44,60,72,76,89,90,92,94,96,97
random_eq,wave,818,5,14,16,21,26,27,34,41,43,50,58,68,73,81,83,84
random_eq,wave,819,9,11,24,29,37,40,42,48,49,56,60,61,71,72,88,96
random_eq,wave,820,3,8,11,17,21,28,43,51,54,61,66,71,75,82,98,100
random_eq,wave,821,4,6,23,36,38,42,46,47,52,54,57,67,86,87,90,97
random_eq,wave,822,1,9,19,24,35,39,49,54,64,67,71,72,74,78,80,89
random_eq,wave,823,6,30,31,33,40,51,53,54,62,65,76,84,85,89,93,99
random_eq,wave,824,1,4,5,15,22,23,31,35,37,42,47,54,58,93,97,99
random_eq,wave,825,19,21,35,36,37,38,42,49,54,58,61,64,67,71,94,95
random_eq,wave,826,5,10,21,22,24,27,40,41,43,50,69,73,84,87,97,100
random_eq,wave,827,11,20,21,29,41,43,44,50,56,62,68,71,80,86,92,98
random_eq,wave,828,6,25,33,42,45,46,47,49,64,77,79,82,90,94,96,98
random_eq,wave,829,1,3,4,9,13,35,41,46,52,56,72,74,78,80,92,96
random_eq,wave,830,4,5,7,12,15,16,18,20,25,38,52,75,86,91,95,99
random_eq,wave,831,4,6,12,16,18,19,23,38,48,49,64,66,67,75,77,86
random_eq,wave,832,20,22,25,28,31,36,45,47,53,59,61,69,70,71,82,94
random_eq,wave,833,3,8,10,46,52,54,55,59,68,75,77,86,87,88,89,100
random_eq,wave,834,5,20,21,24,27,28,31,38,39,52,54,64,65,80,90,94
random_eq,wave,835,3,17,20,21,22,27,31,36,41,43,44,51,80,82,97,98
random_eq,wave,836,2,4,6,12,19,31,37,40,42,47,49,62,65,67,76,85
random_eq,wave,837,6,11,13,14,24,27,29,40,45,65,69,74,76,78,88,96
random_eq,wave,838,4,9,10,13,15,20,34,44,45,48,55,62,70,76,77,93
random_eq,wave,839,1,3,8,13,17,24,27,28,31,32,53,58,62,71,85,98
random_eq,wave,840,3,10,14,24,26,27,39,44,54,55,56,58,73,75,78,91
random_eq,wave,841,2,7,10,12,13,15,26,30,34,44,55,62,63,76,78,99
random_eq,wave,842,9,17,23,24,26,33,38,42,57,58,60,61,64,67,74,89
random_eq,wave,843,2,14,15,32,34,36,45,53,55,57,58,65,82,83,88,93
random_eq,wave,844,7,8,17,18,21,25,26,30,32,36,37,50,81,84,94,100
random_eq,wave,845,13,38,39,43,47,50,57,61,62,63,68,70,76,85,94,95
random_eq,wave,846,7,34,41,50,56,59,61,63,68,69,74,75,80,84,89,95
random_eq,wave,847,11,14,24,38,41,42,44,48,50,58,67,69,73,74,75,86
random_eq,wave,848,1,9,23,37,40,42,48,49,54,61,63,79,83,95,96,99
random_eq,wave,849,6,11,17,18,19,21,36,43,54,56,59,66,75,82,86,88
random_eq,wave,850,12,15,20,29,33,34,38,56,65,74,76,79,88,89,93,99
random_eq,wave,851,6,29,32,48,49,50,55,56,66,67,79,81,86,87,88,90
random_eq,wave,852,2,4,18,24,31,32,37,49,50,57,58,64,73,85,91,96
random_eq,wave,853,1,12,13,14,21,28,29,31,35,37,58,67,71,76,88,93
random_eq,wave,854,9,14,15,20,23,33,42,44,47,50,54,61,74,79,83,93
random_eq,wave,855,1,8,16,28,31,40,45,46,48,49,55,58,61,66,75,88
random_eq,wave,856,3,10,27,36,41,46,59,70,76,84,87,88,91,92,97,100
random_eq,wave,857,2,4,12,24,25,33,40,49,53,63,64,84,89,90,95,96
random_eq,wave,858,2,19,21,25,26,33,44,49,54,64,67,73,81,85,93,100
random_eq,wave,859,1,3,5,21,24,27,31,32,52,56,58,59,62,75,85,96
random_eq,wave,860,3,7,17,18,20,22,31,34,37,46,47,53,59,73,84,97
random_eq,wave,861,3,15,16,17,21,22,27,36,41,44,46,51,63,66,79,97
random_eq,wave,862,9,12,16,28,31,39,43,48,52,66,71,75,76,86,88,100
random_eq,wave,863,8,9,11,33,34,39,41,43,50,58,61,70,71,74,88,89
random_eq,wave,864,7,9,11,13,17,21,25,34,36,37,52,59,60,64,87,100
random_eq,wave,865,11,14,16,18,23,28,35,39,45,48,63,66,75,76,93,95
random_eq,wave,866,14,20,23,26,34,38,42,48,60,61,67,68,69,75,76,82
random_eq,wave,867,5,7,10,14,18,26,30,32,50,62,76,81,84,91,94,100
random_eq,wave,868,1,3,9,35,36,38,46,56,58,61,69,74,79,80,84,91
random_eq,wave,869,8,16,18,29,32,35,45,48,49,51,55,62,66,67,84,95
random_eq,wave,870,1,6,8,9,15,16,23,27,41,46,48,49,55,66,79,99
random_eq,wave,871,5,14,15,23,29,43,54,72,74,79,83,86,87,90,91,99
random_eq,wave,872,1,11,13,14,24,28,29,32,35,36,37,45,62,67,76,85
random_eq,wave,873,9,11,20,30,32,35,38,60,67,68,69,74,76,78,88,89
random_eq,wave,874,12,14,21,33,37,50,63,66,72,76,79,80,90,93,94,98
random_eq,wave,875,8,9,12,27,31,34,36,39,52,55,58,62,74,80,91,99
random_eq,wave,876,6,13,17,19,22,27,33,39,54,65,73,74,77,80,81,97
random_eq,wave,877,14,16,25,35,36,39,44,47,55,57,60,66,72,75,87,93
random_eq,wave,878,21,22,26,28,33,41,46,56,61,66,69,72,80,82,94,98
random_eq,wave,879,11,13,19,20,22,35,38,39,41,43,44,56,61,69,74,80
random_eq,wave,880,5,8,29,35,44,52,55,57,58,59,60,62,74,85,91,96
random_eq,wave,881,7,14,18,25,32,40,48,60,65,66,83,84,90,92,94,100
random_eq,wave,882,8,21,41,43,50,52,55,62,65,68,72,74,79,85,94,98
random_eq,wave,883,14,15,16,17,23,26,38,43,45,58,68,73,83,86,91,99
random_eq,wave,884,5,9,18,20,23,27,34,42,47,56,57,59,60,65,69,96
random_eq,wave,885,2,6,19,23,26,37,47,49,53,54,62,64,66,67,68,81
random_eq,wave,886,1,19,22,26,30,34,41,48,55,57,58,70,74,80,93,98
random_eq,wave,887,13,18,30,43,45,48,57,62,70,76,79,80,92,94,98,100
random_eq,wave,888,8,9,15,27,30,36,58,60,65,69,73,74,79,80,89,92
random_eq,wave,889,10,17,18,19,48,54,56,62,63,79,92,94,95,96,98,99
random_eq,wave,890,9,23,26,30,32,36,40,44,47,53,57,58,60,67,71,76
random_eq,wave,891,3,7,14,20,33,44,46,53,57,62,75,79,85,92,94,98
random_eq,wave,892,6,7,14,22,23,26,48,59,60,66,68,69,84,86,92,97
random_eq,wave,893,1,2,5,10,12,14,24,28,31,39,55,58,73,83,91,93
random_eq,wave,894,1,5,8,28,29,35,45,46,52,55,58,73,74,79,80,91
random_eq,wave,895,6,13,14,16,20,39,43,55,60,62,65,75,78,80,84,86
random_eq,wave,896,1,4,13,20,28,31,36,45,62,70,71,76,82,93,94,98
random_eq,wave,897,15,17,18,22,27,31,42,45,46,48,51,59,82,97,99,100
random_eq,wave,898,15,22,28,33,43,45,48,52,56,59,63,66,73,82,86,95
random_eq,wave,899,7,16,17,22,37,47,51,59,60,63,66,71,84,86,95,97
random_eq,wave,900,15,29,36,41,50,53,61,70,71,77,82,88,89,93,98,100
random_eq,wave,901,5,6,18,23,26,28,35,38,39,49,53,54,64,90,93,94
random_eq,wave,902,3,8,11,25,27,40,42,46,47,49,53,68,75,82,96,100
random_eq,wave,903,6,7,12,25,36,37,42,50,56,75,76,79,81,84,86,87
random_eq,wave,904,5,19,21,25,52,54,63,64,67,79,81,85,86,87,90,95
random_eq,wave,905,5,18,21,24,30,40,45,55,57,69,79,83,85,86,95,96
random_eq,wave,906,3,8,9,17,33,34,38,40,41,53,61,63,79,80,95,96
random_eq,wave,907,2,5,11,16,18,32,48,50,51,56,66,67,76,81,90,95
random_eq,wave,908,5,8,19,21,24,25,35,52,54,55,58,65,67,77,85,90
random_eq,wave,909,4,15,16,20,35,44,52,60,75,76,77,78,88,89,92,93
random_eq,wave,910,9,16,18,20,23,26,45,48,49,57,61,64,66,78,96,98
random_eq,wave,911,10,17,18,28,43,45,48,51,61,63,77,79,92,95,97,98
random_eq,wave,912,3,21,27,28,33,41,44,46,52,56,59,62,72,75,80,82
random_eq,wave,913,1,3,7,8,9,12,17,21,26,30,34,55,58,74,84,85
random_eq,wave,914,1,4,9,21,24,30,32,35,36,37,57,60,67,72,76,80
random_eq,wave,915,1,2,5,8,10,13,23,28,52,73,77,79,92,93,95,98
random_eq,wave,916,5,10,19,25,29,30,31,34,45,58,59,70,71,83,91,93
random_eq,wave,917,14,16,23,27,32,33,44,57,59,60,66,72,83,89,93,94
random_eq,wave,918,3,17,22,23,24,27,33,43,46,53,59,62,84,87,97,100
random_eq,wave,919,2,8,12,16,19,21,25,31,40,49,58,65,67,78,85,90
random_eq,wave,920,4,19,20,21,24,27,36,37,40,51,52,54,64,77,80,90
random_eq,wave,921,11,13,19,20,25,29,40,54,64,70,71,74,78,85,90,93
random_eq,wave,922,16,18,26,30,39,43,45,48,51,55,56,58,66,75,81,84
random_eq,wave,923,4,9,13,19,30,35,36,37,43,45,53,58,65,76,77,88
random_eq,wave,924,5,11,14,20,29,33,35,39,44,50,53,54,71,76,85,88
random_eq,wave,925,3,7,16,18,22,23,30,40,44,46,63,66,84,89,92,94
random_eq,wave,926,1,2,5,9,11,21,24,40,45,55,56,58,69,74,80,96
random_eq,wave,927,1,4,7,21,29,30,32,37,50,57,76,80,81,88,90,95
random_eq,wave,928,36,43,47,49,53,54,63,79,84,87,92,94,95,97,98,99
random_eq,wave,929,6,12,17,31,40,51,53,55,61,62,80,87,89,96,97,99
random_eq,wave,930,6,7,10,17,19,22,40,51,54,57,61,78,87,89,92,97
random_eq,wave,931,3,4,7,10,12,14,33,62,63,65,81,84,89,94,95,97
random_eq,wave,932,12,16,17,20,22,23,31,35,38,39,65,66,89,93,97,99
random_eq,wave,933,1,2,5,19,21,23,24,26,42,55,58,67,70,76,90,93
random_eq,wave,934,2,6,11,13,14,23,24,41,43,50,53,71,76,78,90,98
random_eq,wave,935,3,5,17,28,30,46,62,63,65,79,80,83,86,91,92,98
random_eq,wave,936,7,19,20,21,25,31,36,40,42,52,54,55,65,82,90,97
random_eq,wave,937,6,7,12,13,19,24,31,52,59,64,68,71,74,85,86,90
random_eq,wave,938,4,12,22,28,35,40,61,63,67,68,69,70,74,88,89,95
random_eq,wave,939,11,13,17,19,22,27,34,48,51,54,59,71,80,82,97,100
random_eq,wave,940,2,6,19,23,26,36,37,49,53,54,62,64,67,77,81,87
random_eq,wave,941,3,18,27,28,39,41,43,53,63,70,76,88,92,94,95,97
random_eq,wave,942,2,4,8,13,40,45,51,52,53,57,62,68,87,92,96,100
random_eq,wave,943,8,43,45,52,55,57,61,63,65,74,78,79,80,90,94,98
random_eq,wave,944,10,24,26,28,30,38,43,45,56,68,69,75,88,89,98,100
random_eq,wave,945,14,15,24,37,44,47,59,60,66,69,72,75,76,77,86,88
random_eq,wave,946,8,9,11,13,16,25,27,30,40,44,45,55,63,68,69,96
random_eq,wave,947,2,8,11,16,36,45,52,66,69,71,75,88,89,96,98,100
random_eq,wave,948,14,16,18,25,28,39,41,43,48,63,66,81,83,86,94,95
random_eq,wave,949,4,6,7,10,13,40,51,60,69,76,78,84,87,90,92,97
random_eq,wave,950,6,14,16,18,25,28,48,54,57,59,66,69,75,79,83,86
random_eq,wave,951,2,21,26,33,41,50,51,56,66,69,77,80,82,90,98,100
random_eq,wave,952,5,7,18,19,21,49,54,56,57,59,62,63,66,85,94,95
random_eq,wave,953,7,21,28,35,37,45,46,62,65,68,72,76,79,80,94,97
random_eq,wave,954,13,19,20,22,23,53,54,70,78,79,87,92,93,94,97,98
random_eq,wave,955,12,23,24,28,29,33,44,53,70,72,76,79,89,90,93,98
random_eq,wave,956,5,7,10,11,21,22,25,30,32,44,50,59,70,72,87,94
random_eq,wave,957,4,17,41,42,43,44,50,56,63,68,76,82,88,89,94,98
random_eq,wave,958,1,2,3,21,26,28,34,38,39,46,49,58,73,78,83,85
random_eq,wave,959,6,22,23,30,53,57,59,60,68,69,73,76,86,87,91,96
random_eq,wave,960,22,28,31,35,38,40,42,47,56,58,60,65,69,73,74,85
random_eq,wave,961,6,17,19,23,29,35,37,39,42,43,47,54,56,71,77,90
random_eq,wave,962,3,11,12,25,35,42,48,49,63,64,67,71,82,90,94,95
random_eq,wave,963,3,16,26,30,33,38,41,43,48,56,62,66,84,94,98,100
random_eq,wave,964,8,9,18,25,27,28,34,38,41,46,48,52,63,66,82,95
random_eq,wave,965,2,6,10,12,18,19,26,29,37,47,49,51,67,76,81,90
random_eq,wave,966,6,9,12,16,17,25,34,43,47,55,59,61,66,76,77,87
random_eq,wave,967,3,9,11,17,20,24,40,46,61,64,68,71,74,80,91,96
random_eq,wave,968,11,12,17,20,22,29,36,39,43,51,53,86,87,89,92,99
random_eq,wave,969,33,34,38,39,56,58,60,61,65,69,73,74,77,80,83,91
random_eq,wave,970,10,12,13,37,40,44,48,50,64,70,72,79,84,90,93,94
random_eq,wave,971,1,3,9,16,17,28,41,46,48,55,61,66,72,79,97,98
random_eq,wave,972,4,7,12,30,40,48,55,63,66,76,84,85,90,94,95,99
random_eq,wave,973,11,12,16,19,23,29,34,38,47,58,59,62,65,70,76,93
random_eq,wave,974,10,17,19,22,23,27,34,54,78,79,87,89,92,97,98,100
random_eq,wave,975,7,13,15,18,20,30,31,32,34,37,44,53,70,76,88,99
random_eq,wave,976,4,21,27,33,41,43,50,52,56,57,75,80,88,92,98,100
random_eq,wave,977,4,9,15,23,33,34,35,44,57,60,64,70,72,82,89,93
random_eq,wave,978,5,6,7,13,18,22,25,26,30,39,50,53,54,57,86,92
random_eq,wave,979,6,17,18,28,29,31,34,36,40,42,45,47,76,85,88,93
random_eq,wave,980,1,2,5,17,22,25,26,35,38,46,54,56,57,72,85,89
random_eq,wave,981,1,7,16,25,32,44,48,50,55,56,61,66,72,79,94,98
random_eq,wave,982,1,2,7,8,9,28,31,34,48,52,58,60,71,74,80,98
random_eq,wave,983,1,7,9,12,17,23,26,37,48,58,61,64,66,84,98,99
random_eq,wave,984,1,2,5,11,14,21,24,32,40,50,55,58,67,73,83,85
random_eq,wave,985,11,13,21,22,36,37,49,51,60,61,71,80,96,97,98,100
random_eq,wave,986,6,10,12,15,30,31,59,62,64,65,68,89,92,93,94,99
random_eq,wave,987,1,4,5,9,14,24,49,57,60,64,72,74,80,86,89,96
random_eq,wave,988,3,6,9,10,36,37,38,39,41,46,49,56,65,77,86,89
random_eq,wave,989,8,18,20,28,42,45,46,48,49,62,79,85,92,94,98,100
random_eq,wave,990,7,16,25,26,33,44,50,52,54,56,63,81,84,90,91,94
random_eq,wave,991,1,14,24,36,41,43,50,66,72,73,74,79,83,86,89,98
random_eq,wave,992,16,18,25,26,30,32,48,53,60,66,67,75,81,84,86,100
random_eq,wave,993,3,13,20,27,48,51,55,59,65,70,76,77,85,90,96,97
random_eq,wave,994,2,6,16,31,33,35,52,60,64,65,67,73,83,84,91,99
random_eq,wave,995,3,9,11,27,34,41,55,56,66,68,69,74,80,89,96,100
random_eq,wave,996,4,6,15,24,30,41,42,43,48,50,73,74,76,77,86,87
random_eq,wave,997,4,10,11,13,20,29,30,44,56,60,69,78,88,92,96,98
random_eq,wave,998,1,5,12,14,19,26,29,35,39,55,72,73,83,85,91,93
random_eq,wave,999,2,9,14,20,24,31,44,48,60,66,71,74,80,83,96,98
random_eq,wave,1000,11,17,18,24,25,32,37,44,48,50,66,72,76,94,97,98
random_eq,wave,1001,17,18,23,29,37,40,42,45,48,61,64,65,84,90,99,100
random_eq,wave,1002,10,11,12,24,29,33,40,44,49,72,73,79,83,89,96,99
random_eq,wave,1003,2,13,14,24,31,33,40,45,48,51,63,65,69,75,96,99
random_eq,wave,1004,7,10,13,19,24,29,33,49,51,54,56,62,65,72,78,98
random_eq,wave,1005,6,9,10,23,30,33,35,57,59,60,69,76,79,91,92,96
random_eq,wave,1006,3,10,17,18,22,46,51,54,57,59,86,89,92,96,97,100
random_eq,wave,1007,1,5,7,16,19,25,26,40,42,52,54,72,76,91,94,97
random_eq,wave,1008,7,17,34,37,39,45,56,57,60,61,62,63,65,75,85,91
random_eq,wave,1009,7,8,10,11,13,32,36,37,40,47,50,52,71,90,94,100
random_eq,wave,1010,3,10,20,29,31,41,46,49,51,65,68,76,89,92,98,99
random_eq,wave,1011,4,9,10,19,20,25,40,45,49,57,61,64,65,68,89,92
random_eq,wave,1012,2,4,13,35,38,44,53,58,60,69,70,73,75,77,78,85
random_eq,wave,1013,1,2,5,10,12,14,19,35,39,55,62,83,84,91,93,95
random_eq,wave,1014,4,5,8,15,21,29,31,32,35,44,46,52,55,72,85,88
random_eq,wave,1015,10,15,19,20,27,31,36,41,49,51,65,76,89,90,92,97
random_eq,wave,1016,17,24,29,30,33,40,43,54,63,74,79,80,89,90,95,99
random_eq,wave,1017,5,10,18,26,30,51,56,57,60,67,69,72,81,83,86,89
random_eq,wave,1018,15,19,20,26,38,49,54,68,73,77,82,83,86,87,91,97
random_eq,wave,1019,6,13,18,19,22,23,34,37,53,54,61,67,69,77,79,81
random_eq,wave,1020,7,12,16,17,25,30,47,59,63,66,68,84,90,94,95,99
random_eq,wave,1021,4,14,27,40,43,48,60,63,74,76,80,84,90,92,94,95
random_eq,wave,1022,1,13,14,21,32,36,38,39,50,57,58,75,82,86,88,93
random_eq,wave,1023,7,16,17,25,29,45,47,59,64,66,68,72,84,86,87,99
random_eq,wave,1024,9,16,23,27,28,33,45,47,49,59,63,64,66,77,92,95
random_eq,wave,1025,18,22,24,30,32,40,53,56,57,60,63,73,78,79,95,96
random_eq,wave,1026,1,2,17,22,31,36,38,39,43,51,57,58,60,74,80,89
random_eq,wave,1027,1,2,5,6,7,12,14,26,55,73,76,77,81,85,91,99
random_eq,wave,1028,1,7,14,15,21,26,35,36,38,58,60,69,75,80,82,94
random_eq,wave,1029,4,25,30,35,44,57,60,64,67,68,69,72,82,90,91,94
random_eq,wave,1030,6,13,14,19,25,29,35,37,39,54,65,77,78,80,83,93
random_eq,wave,1031,11,13,14,16,40,45,46,48,63,71,73,80,83,86,96,97
random_eq,wave,1032,13,14,27,28,31,34,39,44,45,55,63,74,75,78,85,88
random_eq,wave,1033,22,27,34,40,45,53,55,68,70,73,79,80,84,87,97,100
random_eq,wave,1034,3,28,34,39,46,52,53,73,78,80,83,86,87,92,95,97
random_eq,wave,1035,6,10,28,41,46,47,49,51,61,62,68,76,79,87,92,98
random_eq,wave,1036,1,3,24,27,31,32,40,47,55,58,64,66,73,74,85,96
random_eq,wave,1037,6,7,12,25,30,33,40,42,47,64,79,82,84,90,94,99
random_eq,wave,1038,11,14,27,36,38,39,43,44,51,58,60,69,75,82,90,91
random_eq,wave,1039,2,5,11,22,26,32,50,51,58,67,68,70,81,85,91,97
random_eq,wave,1040,4,9,15,20,21,27,32,33,34,38,44,45,57,74,88,97
random_eq,wave,1041,22,30,34,36,37,42,47,57,59,60,63,70,73,87,95,96
random_eq,wave,1042,3,11,13,20,22,28,34,44,56,61,69,71,74,78,88,98
random_eq,wave,1043,8,9,11,17,21,30,41,43,50,66,68,71,82,88,95,98
random_eq,wave,1044,7,12,24,25,30,36,37,53,59,64,70,84,87,94,99,100
random_eq,wave,1045,8,9,18,20,25,27,30,39,41,42,46,48,50,81,82,84
random_eq,wave,1046,16,17,22,29,41,43,50,51,55,58,61,65,66,78,79,98
random_eq,wave,1047,15,21,24,25,26,37,38,41,50,52,57,58,68,75,85,86
random_eq,wave,1048,8,12,18,40,44,48,52,53,57,63,75,79,86,88,92,96
random_eq,wave,1049,2,11,14,21,40,44,49,54,64,66,72,73,85,92,96,99
random_eq,wave,1050,12,14,18,19,20,23,29,35,36,39,44,47,53,76,82,93
random_eq,wave,1051,14,16,18,28,29,35,39,44,60,66,76,77,88,89,93,95
random_eq,wave,1052,7,10,12,14,25,33,44,55,64,72,79,81,84,89,94,99
random_eq,wave,1053,1,2,5,14,20,28,34,38,39,43,45,73,74,76,91,95
random_eq,wave,1054,3,11,21,24,27,33,43,59,69,70,75,85,88,97,98,100
random_eq,wave,1055,8,9,16,18,19,20,23,39,48,49,54,61,66,81,93,95
random_eq,wave,1056,4,6,10,12,21,25,26,34,37,59,68,70,75,83,93,99
random_eq,wave,1057,7,13,14,22,31,32,36,37,42,50,61,63,65,73,81,84
random_eq,wave,1058,7,12,16,18,47,51,52,59,61,64,66,84,90,92,95,99
random_eq,wave,1059,10,13,24,25,30,35,56,57,59,60,63,65,69,75,78,96
random_eq,wave,1060,4,9,23,24,28,31,33,41,46,49,53,63,64,86,92,95
random_eq,wave,1061,7,11,22,30,40,41,48,50,51,55,58,65,66,69,74,80
random_eq,wave,1062,1,8,24,26,29,41,42,43,48,50,52,58,77,85,88,98
random_eq,wave,1063,2,5,18,22,23,60,65,67,69,70,79,81,84,91,97,100
random_eq,wave,1064,4,17,27,41,46,50,58,65,67,68,74,75,77,81,88,91
random_eq,wave,1065,4,7,8,15,16,25,32,48,50,52,58,65,81,90,91,94
random_eq,wave,1066,1,5,7,8,10,17,28,30,32,40,45,51,58,62,79,91
random_eq,wave,1067,1,5,8,12,13,17,24,38,40,57,61,75,79,88,95,96
random_eq,wave,1068,7,20,30,32,37,48,50,51,66,70,76,79,85,87,95,98
random_eq,wave,1069,4,13,20,27,44,47,52,60,62,68,76,77,82,94,97,98
random_eq,wave,1070,1,2,8,10,11,13,14,24,39,41,43,48,50,55,58,62
random_eq,wave,1071,4,16,29,30,32,33,44,50,62,63,67,76,81,84,88,91
random_eq,wave,1072,1,5,9,24,26,30,32,38,50,64,67,74,80,84,89,100
random_eq,wave,1073,3,8,16,17,20,29,30,40,46,55,57,65,73,78,91,96
random_eq,wave,1074,9,13,14,38,39,44,47,60,68,69,72,74,76,80,84,86
random_eq,wave,1075,2,11,24,40,45,53,55,56,58,65,66,69,73,75,85,96
random_eq,wave,1076,6,14,18,19,23,38,39,48,54,64,66,74,77,90,93,94
random_eq,wave,1077,6,25,26,27,38,39,42,47,50,56,68,69,82,83,84,94
random_eq,wave,1078,3,8,27,28,40,46,48,49,51,66,72,79,80,87,90,92
random_eq,wave,1079,11,12,13,14,25,28,29,35,39,71,78,82,83,90,96,100
random_eq,wave,1080,10,19,36,44,49,54,63,64,67,79,81,87,90,91,92,94
random_eq,wave,1081,1,2,12,14,15,23,31,35,37,47,53,58,71,76,90,93
random_eq,wave,1082,8,11,16,29,40,44,49,50,51,54,58,66,67,71,73,78
random_eq,wave,1083,3,13,16,17,28,30,31,36,46,62,71,76,80,94,98,100
random_eq,wave,1084,1,5,10,15,26,35,43,49,55,57,60,73,76,91,94,100
random_eq,wave,1085,28,35,37,41,42,46,47,49,56,77,79,85,87,90,94,100
random_eq,wave,1086,4,6,15,35,53,57,60,62,68,69,87,88,89,92,94,97
random_eq,wave,1087,3,4,8,13,15,33,35,41,46,52,74,75,77,80,88,100
random_eq,wave,1088,13,25,27,29,32,40,57,64,74,78,79,85,87,92,96,100
random_eq,wave,1089,4,7,13,20,34,36,52,53,60,65,77,80,90,92,97,98
random_eq,wave,1090,3,4,15,33,34,46,56,57,61,69,74,75,85,88,91,95
random_eq,wave,1091,2,17,19,25,30,40,47,54,63,64,71,79,82,90,95,96
random_eq,wave,1092,1,2,3,5,9,13,24,31,43,52,53,58,71,80,83,98
random_eq,wave,1093,5,7,10,14,18,20,25,31,32,39,44,50,64,84,91,94
random_eq,wave,1094,17,20,23,26,30,37,40,44,48,57,60,64,66,67,71,94
random_eq,wave,1095,5,10,24,28,58,59,60,61,68,70,71,75,76,77,88,91
random_eq,wave,1096,1,2,10,14,19,20,26,33,39,45,51,77,81,89,90,93
random_eq,wave,1097,6,7,9,17,21,23,28,33,40,45,56,61,72,79,83,92
random_eq,wave,1098,3,5,14,15,21,27,34,38,41,46,57,65,72,83,85,88
random_eq,wave,1099,9,15,21,26,32,34,37,50,59,64,65,68,70,72,80,93
random_eq,wave,1100,7,10,12,19,22,25,33,40,52,63,79,86,89,92,94,95
random_eq,wave,1101,4,6,9,15,19,24,33,45,53,57,66,70,85,86,93,97
random_eq,wave,1102,12,20,31,34,38,40,53,65,70,75,76,78,88,93,96,99
random_eq,wave,1103,13,16,19,22,36,41,47,58,59,70,77,86,87,88,96,97
random_eq,wave,1104,2,3,8,11,21,41,43,51,68,69,71,80,82,90,98,100
random_eq,wave,1105,3,16,17,22,23,27,29,33,34,41,43,44,59,72,84,91
random_eq,wave,1106,1,2,11,12,19,30,36,40,42,51,55,64,72,82,90,96
random_eq,wave,1107,5,18,28,43,45,52,53,62,63,79,80,92,94,95,97,98
random_eq,wave,1108,4,20,25,28,31,40,45,47,64,70,74,87,92,93,94,99
random_eq,wave,1109,6,10,24,25,30,37,41,43,57,59,68,69,71,83,89,94
random_eq,wave,1110,1,11,13,15,35,41,43,48,50,52,55,58,74,85,88,97
random_eq,wave,1111,8,10,30,33,38,45,51,57,61,69,75,79,91,95,96,98
random_eq,wave,1112,1,16,26,29,40,48,55,58,60,62,66,67,69,70,76,84
random_eq,wave,1113,1,2,4,5,49,54,55,64,67,72,73,81,84,85,89,99
random_eq,wave,1114,10,22,33,40,47,50,54,65,70,72,73,79,86,92,93,94
random_eq,wave,1115,7,12,18,22,29,37,44,47,52,59,66,80,84,86,95,99
random_eq,wave,1116,5,7,12,14,16,18,25,31,34,39,42,47,58,61,83,99
random_eq,wave,1117,6,9,13,15,27,30,41,47,50,55,64,68,69,79,80,87
random_eq,wave,1118,1,7,13,20,22,26,32,34,40,50,52,53,55,73,82,84
random_eq,wave,1119,1,2,5,8,10,19,24,26,40,41,55,58,67,73,91,93
random_eq,wave,1120,3,4,14,24,32,33,35,44,72,74,83,85,88,91,94,96
random_eq,wave,1121,11,13,20,29,30,34,39,43,44,50,55,70,74,76,78,88
random_eq,wave,1122,2,5,14,18,35,39,43,55,57,60,63,73,83,85,91,95
random_eq,wave,1123,7,16,17,18,23,34,48,56,57,59,60,61,66,69,75,95
random_eq,wave,1124,11,14,18,20,29,34,37,42,59,60,61,62,65,69,78,96
random_eq,wave,1125,2,3,35,41,55,66,70,72,73,74,79,80,83,87,89,96
random_eq,wave,1126,3,8,10,14,15,32,57,59,75,78,86,87,88,89,92,100
random_eq,wave,1127,1,2,5,10,12,14,19,24,25,40,71,72,79,83,91,93
random_eq,wave,1128,17,22,23,30,43,53,54,56,57,66,78,79,87,92,98,100
random_eq,wave,1129,2,5,8,10,14,19,31,35,39,54,55,65,88,91,93,100
random_eq,wave,1130,4,10,15,24,27,38,45,46,70,72,73,75,78,87,91,97
random_eq,wave,1131,3,10,11,17,18,19,22,27,41,48,51,92,96,97,98,100
random_eq,wave,1132,4,33,35,46,48,50,62,66,70,74,80,84,87,92,97,100
random_eq,wave,1133,3,34,38,39,43,44,57,61,63,68,70,74,75,76,80,89
random_eq,wave,1134,6,7,16,32,50,55,61,62,65,70,76,78,79,80,89,98
random_eq,wave,1135,1,3,5,21,24,41,46,57,58,69,70,73,80,83,94,98
random_eq,wave,1136,1,3,5,10,11,12,20,24,40,70,71,73,83,91,95,97
random_eq,wave,1137,1,7,8,20,26,29,34,36,45,49,74,81,84,88,90,91
random_eq,wave,1138,13,16,36,45,46,47,56,57,59,62,69,71,80,94,96,100
random_eq,wave,1139,14,16,26,27,33,34,38,39,43,44,50,57,75,76,88,91
random_eq,wave,1140,1,2,5,10,15,30,32,50,57,63,64,71,73,81,91,96
random_eq,wave,1141,3,16,18,31,35,41,48,51,52,58,59,65,66,75,76,96
random_eq,wave,1142,19,20,21,29,31,38,39,43,52,54,65,68,73,82,83,86
random_eq,wave,1143,1,2,15,19,24,31,36,49,53,54,55,58,59,73,76,80
random_eq,wave,1144,15,21,30,32,35,37,42,45,57,63,68,71,83,88,93,95
random_eq,wave,1145,3,11,20,21,22,30,32,36,44,51,70,85,87,92,96,98
random_eq,wave,1146,1,2,3,5,6,10,12,15,25,26,34,55,70,83,91,93
random_eq,wave,1147,2,13,22,24,28,30,33,41,43,45,53,69,72,79,85,98
random_eq,wave,1148,1,2,5,14,24,32,38,50,53,57,58,67,79,83,85,88
random_eq,wave,1149,3,8,15,36,41,46,49,51,53,75,79,86,87,89,92,100
random_eq,wave,1150,11,17,20,29,30,34,36,39,41,43,44,50,55,76,82,88
random_eq,wave,1151,11,16,25,40,45,48,52,56,63,66,68,71,75,86,95,96
random_eq,wave,1152,8,16,25,28,30,43,44,45,48,49,59,66,71,75,86,95
random_eq,wave,1153,13,15,26,34,52,53,60,62,77,78,80,87,93,97,98,100
random_eq,wave,1154,4,6,9,17,18,23,28,35,45,48,64,66,74,77,90,92
random_eq,wave,1155,2,12,13,17,19,21,23,36,40,64,67,72,73,79,87,92
random_eq,wave,1156,3,6,10,11,14,27,40,46,51,56,62,78,87,89,92,96
random_eq,wave,1157,12,15,20,25,36,50,53,56,79,81,83,87,89,92,93,94
random_eq,wave,1158,3,8,9,11,21,30,37,38,39,41,46,68,69,80,86,95
random_eq,wave,1159,3,33,38,40,47,49,63,66,79,82,83,86,88,95,96,97
random_eq,wave,1160,1,7,8,9,19,20,23,24,30,48,54,66,71,74,77,98
random_eq,wave,1161,3,6,9,13,14,23,27,41,46,53,59,76,78,84,87,92
random_eq,wave,1162,7,13,16,30,32,50,58,62,65,70,76,78,79,80,94,98
random_eq,wave,1163,2,11,15,23,32,36,37,50,52,63,73,81,83,87,91,95
random_eq,wave,1164,3,12,31,38,53,58,65,70,75,78,81,84,85,88,93,97
random_eq,wave,1165,3,9,17,26,28,43,51,55,61,68,80,82,89,97,98,100
random_eq,wave,1166,1,32,38,48,60,61,62,63,66,67,70,75,82,84,94,95
random_eq,wave,1167,7,16,23,25,39,44,60,69,70,71,72,83,84,86,89,97
random_eq,wave,1168,12,26,29,33,37,49,61,67,72,73,80,81,83,84,89,99
random_eq,wave,1169,2,11,33,41,42,43,48,50,51,52,56,63,85,90,95,98
random_eq,wave,1170,2,6,14,33,35,45,53,65,69,73,77,83,85,89,92,96
random_eq,wave,1171,9,10,13,16,18,26,45,48,56,57,61,62,69,96,98,100
random_eq,wave,1172,4,6,10,19,22,25,29,33,49,54,61,67,77,81,91,97
random_eq,wave,1173,10,12,19,25,64,67,78,79,81,87,89,90,92,93,94,100
random_eq,wave,1174,1,3,14,15,16,27,32,48,58,59,66,71,75,76,77,88
random_eq,wave,1175,6,7,18,23,24,26,29,32,37,42,48,62,64,70,84,98
random_eq,wave,1176,3,6,15,26,38,41,46,51,53,61,62,69,70,77,78,97
random_eq,wave,1177,3,4,7,31,38,42,47,51,61,63,68,70,75,76,82,84
random_eq,wave,1178,2,11,18,28,32,40,42,45,48,49,51,63,64,90,92,95
random_eq,wave,1179,14,25,32,37,39,43,47,50,53,57,65,68,72,75,76,86
random_eq,wave,1180,21,23,27,28,41,46,59,66,68,69,71,82,90,97,98,100
random_eq,wave,1181,6,11,12,17,19,24,29,42,62,63,64,71,78,82,86,98
random_eq,wave,1182,4,7,16,19,32,33,35,42,47,51,70,76,90,92,95,97
random_eq,wave,1183,3,8,11,15,16,27,30,34,38,48,63,65,66,69,75,88
random_eq,wave,1184,9,13,14,19,27,32,36,39,45,57,74,80,81,83,87,100
random_eq,wave,1185,5,7,13,24,29,30,40,50,53,55,63,68,69,73,83,95
random_eq,wave,1186,1,5,7,8,10,11,24,29,32,40,50,52,71,72,88,89
random_eq,wave,1187,6,19,21,36,37,49,54,61,64,65,67,77,80,81,90,94
random_eq,wave,1188,10,12,13,18,26,29,30,51,70,81,84,90,92,96,99,100
random_eq,wave,1189,13,41,46,62,70,72,74,78,79,87,92,94,96,97,98,99
random_eq,wave,1190,7,10,13,19,25,36,37,44,52,54,64,72,79,90,94,98
random_eq,wave,1191,1,16,31,34,39,55,56,58,60,61,69,75,78,88,91,96
random_eq,wave,1192,12,15,16,22,25,33,47,52,57,59,63,91,93,94,95,99
random_eq,wave,1193,4,5,8,10,20,28,29,30,43,44,45,62,68,77,94,98
random_eq,wave,1194,10,13,22,28,43,51,54,61,78,79,82,87,93,97,98,100
random_eq,wave,1195,1,2,12,26,33,42,49,64,67,72,73,81,82,84,89,99
random_eq,wave,1196,2,4,7,11,17,18,23,32,40,42,47,50,56,82,90,100
random_eq,wave,1197,1,5,26,27,38,40,50,51,53,58,62,69,83,84,85,91
random_eq,wave,1198,1,12,16,17,28,31,36,38,39,43,58,66,73,83,86,97
random_eq,wave,1199,22,32,33,35,38,42,44,45,47,51,56,57,63,74,79,96
random_eq,wave,1200,1,3,9,34,42,46,56,59,62,71,77,78,82,93,96,100
random_eq,wave,1201,2,3,5,8,17,21,24,30,40,43,44,58,71,73,84,85
random_eq,wave,1202,4,19,23,43,52,53,54,56,58,65,67,77,78,81,90,94
random_eq,wave,1203,8,11,17,18,23,24,37,48,60,61,66,75,95,96,97,98
random_eq,wave,1204,5,7,10,12,20,24,25,26,40,52,55,64,84,90,91,99
random_eq,wave,1205,18,23,28,29,53,57,60,62,63,65,70,78,82,92,93,94
random_eq,wave,1206,14,20,21,23,29,35,36,37,39,44,46,50,62,66,71,76
random_eq,wave,1207,11,15,16,29,35,41,43,44,48,50,56,58,66,71,88,90
random_eq,wave,1208,3,18,27,31,41,42,46,48,59,70,75,76,82,88,96,100
random_eq,wave,1209,4,5,10,18,23,26,30,32,57,60,64,67,73,81,89,100
random_eq,wave,1210,1,13,24,27,28,40,46,53,55,70,78,83,85,88,95,97
random_eq,wave,1211,3,8,28,30,32,34,48,55,59,66,70,75,77,85,87,100
random_eq,wave,1212,7,32,33,34,50,52,59,61,65,74,75,76,84,88,91,100
random_eq,wave,1213,3,11,17,23,32,34,39,53,58,61,62,76,78,87,92,96
random_eq,wave,1214,2,7,10,15,19,26,32,34,38,68,70,75,76,88,89,100
random_eq,wave,1215,2,10,23,39,49,54,63,64,78,81,84,87,89,90,92,99
random_eq,wave,1216,2,3,5,21,24,26,28,41,44,46,58,69,73,80,83,98
random_eq,wave,1217,1,3,5,8,9,18,25,26,27,42,46,47,49,67,81,100
random_eq,wave,1218,13,20,23,32,34,50,65,68,69,71,74,79,90,92,97,98
random_eq,wave,1219,8,16,18,30,38,43,44,45,47,51,75,79,80,84,95,98
random_eq,wave,1220,2,3,4,8,11,21,38,41,46,49,62,63,68,82,95,96
random_eq,wave,1221,2,3,18,30,41,43,48,53,56,63,75,79,88,92,95,98
random_eq,wave,1222,19,29,34,48,49,54,55,62,66,71,74,76,77,85,98,100
random_eq,wave,1223,1,9,12,25,27,28,37,39,52,53,63,68,76,81,89,95
random_eq,wave,1224,10,12,19,21,29,33,44,64,67,70,72,73,79,81,92,93
random_eq,wave,1225,4,12,27,30,31,42,47,58,64,67,68,81,82,88,90,99
random_eq,wave,1226,1,4,31,35,36,38,56,58,60,61,69,75,82,88,91,96
random_eq,wave,1227,5,10,11,21,25,41,46,56,59,63,65,69,75,86,96,99
random_eq,wave,1228,1,2,11,14,32,36,40,50,55,63,73,82,83,91,95,96
random_eq,wave,1229,1,11,14,15,29,32,35,42,47,60,71,72,73,82,83,93
random_eq,wave,1230,19,21,22,31,34,36,54,56,57,58,65,66,85,92,93,98
random_eq,wave,1231,1,5,11,16,25,29,34,39,50,58,61,66,70,71,83,90
random_eq,wave,1232,9,23,27,28,31,38,40,52,53,56,60,62,68,82,91,95
random_eq,wave,1233,5,10,11,22,24,40,45,55,56,65,69,73,86,91,96,100
random_eq,wave,1234,1,5,10,12,19,21,24,26,40,49,55,64,67,72,73,94
random_eq,wave,1235,7,10,14,22,29,32,50,55,62,72,78,79,87,89,92,98
random_eq,wave,1236,11,14,15,22,25,27,33,42,44,59,60,69,72,82,89,97
random_eq,wave,1237,1,7,12,31,40,52,56,62,63,66,71,78,82,84,94,99
random_eq,wave,1238,5,12,14,18,24,35,42,44,48,62,72,76,79,94,96,99
random_eq,wave,1239,3,21,23,30,35,38,41,57,62,68,69,76,79,82,96,100
random_eq,wave,1240,1,4,5,10,13,15,29,34,40,43,45,55,57,58,73,83
random_eq,wave,1241,16,17,18,19,21,22,38,41,43,66,77,86,88,97,98,100
random_eq,wave,1242,1,7,15,26,35,38,46,48,56,61,62,66,69,74,77,100
random_eq,wave,1243,25,30,36,39,42,45,47,55,56,63,69,82,86,95,96,99
random_eq,wave,1244,6,14,43,48,57,60,66,68,69,74,79,83,88,92,94,98
random_eq,wave,1245,7,22,25,30,32,36,37,42,47,50,59,70,84,87,94,100
random_eq,wave,1246,1,3,20,24,29,37,39,46,49,54,56,73,85,86,87,89
random_eq,wave,1247,11,23,29,35,36,37,39,42,47,49,60,64,71,73,99,100
random_eq,wave,1248,10,12,25,48,52,55,61,63,76,79,87,94,95,96,98,99
random_eq,wave,1249,2,11,16,32,35,39,50,55,56,65,66,72,73,78,85,93
random_eq,wave,1250,6,10,14,16,24,27,28,33,35,46,59,69,77,83,88,89
random_eq,wave,1251,1,2,3,5,7,9,21,24,26,32,40,58,70,84,85,97
random_eq,wave,1252,4,25,42,43,47,52,57,60,64,65,67,81,82,90,94,100
random_eq,wave,1253,5,9,17,21,30,33,35,43,45,57,59,62,63,65,85,96
random_eq,wave,1254,5,27,28,38,39,44,46,51,63,68,69,74,80,90,91,97
random_eq,wave,1255,28,36,45,47,49,53,55,59,62,77,85,86,87,97,98,100
random_eq,wave,1256,19,21,25,31,36,40,41,55,65,70,72,83,85,90,93,94
random_eq,wave,1257,2,13,20,44,47,51,54,62,69,70,76,79,87,92,96,98
random_eq,wave,1258,3,7,8,12,30,34,38,62,74,75,78,80,84,87,91,100
random_eq,wave,1259,1,5,10,12,15,20,25,26,29,33,52,81,83,89,93,99
random_eq,wave,1260,1,8,15,17,21,31,34,38,45,58,61,65,75,82,88,99
random_eq,wave,1261,6,15,17,27,33,41,43,47,50,51,53,59,77,82,90,97
random_eq,wave,1262,7,14,25,26,37,42,60,68,69,72,76,81,84,87,89,94
random_eq,wave,1263,19,29,33,34,38,39,52,54,61,63,64,73,74,77,89,95
random_eq,wave,1264,13,14,22,29,31,40,45,48,51,55,63,65,74,80,96,99
random_eq,wave,1265,19,20,27,33,38,42,47,49,54,64,65,67,77,85,90,94
random_eq,wave,1266,1,9,13,17,31,48,57,60,61,62,63,71,74,76,80,98
random_eq,wave,1267,11,14,20,21,60,69,73,78,81,83,85,87,92,94,96,97
random_eq,wave,1268,3,14,21,22,28,41,46,51,72,78,79,85,87,92,97,98
random_eq,wave,1269,8,10,19,24,33,49,54,58,61,65,67,75,77,81,88,91
random_eq,wave,1270,1,2,11,22,24,32,48,50,51,58,61,66,70,71,82,98
random_eq,wave,1271,5,12,15,17,18,26,27,30,31,51,53,64,81,90,99,100
random_eq,wave,1272,7,10,16,18,22,30,38,46,48,50,63,70,79,94,95,98
random_eq,wave,1273,1,4,15,29,34,48,52,53,55,60,76,77,85,88,93,95
random_eq,wave,1274,16,28,29,31,35,39,48,51,54,55,62,66,72,76,87,93
random_eq,wave,1275,4,7,15,17,25,47,54,56,63,66,68,75,82,86,95,99
random_eq,wave,1276,1,3,5,8,13,23,24,27,40,46,52,53,71,75,84,95
random_eq,wave,1277,8,18,21,22,36,41,46,52,57,61,66,73,79,85,92,98
random_eq,wave,1278,7,14,18,25,32,45,48,63,64,66,79,85,92,94,95,98
random_eq,wave,1279,11,24,43,51,52,53,60,61,68,71,76,80,90,97,98,100
random_eq,wave,1280,5,9,13,18,26,27,32,50,53,55,56,57,80,81,96,100
random_eq,wave,1281,3,7,13,15,34,46,53,57,62,65,72,78,79,85,92,97
random_eq,wave,1282,12,13,15,16,25,30,55,59,72,76,78,85,87,93,94,99
random_eq,wave,1283,2,12,25,28,31,37,42,47,49,58,64,65,67,68,81,90
random_eq,wave,1284,1,5,13,31,39,41,43,50,51,70,74,80,81,90,97,100
random_eq,wave,1285,1,4,7,8,9,19,21,35,38,52,54,61,63,66,77,88
random_eq,wave,1286,13,21,28,30,39,45,51,56,62,65,68,72,80,86,92,93
random_eq,wave,1287,11,20,21,28,34,43,44,51,54,59,61,70,75,76,80,82
random_eq,wave,1288,3,11,17,22,27,40,41,43,51,53,68,71,82,89,97,100
random_eq,wave,1289,9,11,14,20,23,24,27,35,45,53,59,65,69,78,83,96
random_eq,wave,1290,3,10,13,18,22,24,25,28,31,32,78,86,93,97,98,100
random_eq,wave,1291,6,7,13,17,22,28,31,35,45,51,53,61,65,78,82,97
random_eq,wave,1292,6,10,18,28,32,40,45,47,71,83,88,91,92,93,94,97
random_eq,wave,1293,4,7,9,13,17,19,23,31,32,36,37,56,58,61,65,81
random_eq,wave,1294,11,13,15,19,36,47,70,76,80,81,82,87,90,93,94,100
random_eq,wave,1295,2,6,36,49,50,51,53,54,64,67,79,81,84,87,90,92
random_eq,wave,1296,3,4,6,7,23,29,33,38,41,46,49,53,76,77,90,98
random_eq,wave,1297,3,5,10,18,25,41,46,49,67,75,77,79,81,86,91,95
random_eq,wave,1298,7,14,16,20,23,26,29,33,34,44,59,60,64,69,84,89
random_eq,wave,1299,3,14,16,28,32,33,34,40,46,58,65,77,83,88,89,93
random_eq,wave,1300,3,5,17,27,46,56,65,74,80,81,83,84,89,90,94,100
random_eq,wave,1301,3,20,24,27,29,31,36,37,41,42,46,52,59,65,85,88
random_eq,wave,1302,19,20,21,30,34,54,68,71,76,77,82,88,93,94,98,100
random_eq,wave,1303,16,23,36,40,49,54,61,64,66,79,87,89,92,96,99,100
random_eq,wave,1304,1,5,21,27,28,31,40,51,60,63,69,71,76,80,90,97
random_eq,wave,1305,2,5,10,11,14,20,21,24,32,39,45,55,65,73,83,96
random_eq,wave,1306,2,3,21,40,46,55,56,57,63,68,73,82,83,93,95,96
random_eq,wave,1307,8,9,16,17,18,23,26,27,30,42,48,57,60,67,81,100
random_eq,wave,1308,7,11,13,30,40,50,53,58,62,65,68,69,71,82,83,94
random_eq,wave,1309,4,6,14,22,23,27,36,37,38,41,42,46,47,50,77,87
random_eq,wave,1310,2,10,14,18,24,35,37,39,43,57,60,73,78,83,89,100
random_eq,wave,1311,22,25,30,33,42,44,45,47,57,59,69,70,72,82,86,96
random_eq,wave,1312,3,5,11,20,23,27,29,42,44,46,49,67,71,81,89,90
random_eq,wave,1313,1,14,24,35,39,43,57,60,62,72,74,80,83,89,92,94
random_eq,wave,1314,17,24,33,43,44,56,60,66,72,74,75,79,80,86,89,98
random_eq,wave,1315,1,2,30,31,40,42,48,51,58,60,69,71,76,85,90,96
random_eq,wave,1316,12,15,27,29,33,34,53,62,65,70,79,80,89,92,99,100
random_eq,wave,1317,2,6,8,17,18,19,37,39,42,43,45,47,51,77,81,90
random_eq,wave,1318,1,5,17,21,27,28,34,39,41,46,55,56,75,85,88,95
random_eq,wave,1319,6,14,16,23,32,33,38,39,43,47,50,66,75,84,86,94
random_eq,wave,1320,1,2,4,7,15,20,22,23,34,60,69,70,74,78,91,92
random_eq,wave,1321,4,15,17,20,21,35,36,38,44,51,56,57,60,74,80,93
random_eq,wave,1322,2,4,13,22,40,52,57,58,60,65,73,74,78,80,92,96
random_eq,wave,1323,6,7,10,14,18,29,32,48,50,51,62,76,77,79,92,98
random_eq,wave,1324,4,12,14,15,37,42,47,72,73,76,81,85,86,87,93,99
random_eq,wave,1325,2,14,22,26,44,50,51,53,55,57,58,67,69,78,81,82
random_eq,wave,1326,2,6,12,21,36,37,49,64,67,73,79,80,81,84,87,99
random_eq,wave,1327,19,25,36,40,45,53,55,61,64,70,72,79,85,87,90,94
random_eq,wave,1328,8,11,17,20,29,30,36,39,43,44,50,71,73,82,91,94
random_eq,wave,1329,6,17,19,22,27,42,45,47,68,71,77,88,92,96,97,98
random_eq,wave,1330,5,10,19,24,26,29,40,44,55,58,67,70,76,88,91,93
random_eq,wave,1331,1,11,14,23,24,39,43,50,66,71,72,73,74,78,83,86
random_eq,wave,1332,3,7,8,9,12,13,17,38,53,62,65,68,72,81,84,85
random_eq,wave,1333,6,22,25,27,28,30,42,45,46,56,59,77,78,82,87,94
random_eq,wave,1334,4,8,9,19,20,31,36,37,40,42,47,49,61,62,65,96
random_eq,wave,1335,3,8,13,16,18,25,26,29,35,46,49,54,67,77,90,100
random_eq,wave,1336,1,3,17,22,24,27,28,31,40,46,51,56,63,66,71,74
random_eq,wave,1337,1,2,8,11,20,30,32,36,40,51,53,60,71,82,90,96
random_eq,wave,1338,3,8,11,29,35,37,46,47,52,53,58,59,65,68,88,96
random_eq,wave,1339,3,8,29,35,41,46,48,52,55,66,74,77,87,88,90,100
random_eq,wave,1340,10,17,18,19,22,23,54,56,61,63,79,89,92,95,96,98
random_eq,wave,1341,2,18,19,26,36,37,40,41,42,51,52,64,67,73,77,100
random_eq,wave,1342,8,16,18,27,28,38,39,45,46,48,51,66,70,75,79,95
random_eq,wave,1343,6,8,24,29,33,45,46,49,53,57,59,62,80,86,92,96
random_eq,wave,1344,6,18,26,57,60,61,62,67,69,70,74,76,81,85,91,94
random_eq,wave,1345,5,13,23,42,47,49,54,55,64,67,72,73,79,81,87,99
random_eq,wave,1346,8,16,18,29,35,43,45,48,52,59,63,66,80,84,88,95
random_eq,wave,1347,3,20,30,34,36,37,53,59,70,75,76,77,80,87,89,96
random_eq,wave,1348,4,8,23,27,29,35,43,45,53,57,62,63,70,78,92,95
random_eq,wave,1349,1,5,21,34,41,43,50,52,55,61,63,75,76,79,80,95
random_eq,wave,1350,1,10,21,25,40,49,54,55,63,64,67,79,84,86,90,95
random_eq,wave,1351,3,8,18,21,29,31,35,46,52,57,59,62,80,82,96,100
random_eq,wave,1352,6,7,16,18,26,29,32,48,52,60,61,66,76,84,88,98
random_eq,wave,1353,1,4,9,31,35,37,38,49,51,53,54,63,67,76,84,99
random_eq,wave,1354,4,15,19,34,41,53,55,64,70,72,75,77,78,85,88,93
random_eq,wave,1355,7,11,13,19,20,24,29,32,49,62,71,74,76,78,80,98
random_eq,wave,1356,7,9,17,21,23,26,37,54,56,61,63,71,81,84,99,100
random_eq,wave,1357,1,10,15,17,22,27,36,38,41,46,48,51,72,79,97,99
random_eq,wave,1358,9,12,37,56,57,61,63,67,69,71,78,81,84,88,91,95
random_eq,wave,1359,8,13,27,28,31,45,46,52,58,68,71,75,82,88,97,98
random_eq,wave,1360,5,10,11,21,24,33,58,59,60,61,69,70,71,73,83,96
random_eq,wave,1361,6,9,17,26,35,38,39,43,54,61,64,68,74,80,89,99
random_eq,wave,1362,2,5,12,15,21,31,34,44,49,62,66,71,72,83,85,99
random_eq,wave,1363,4,5,10,12,15,20,24,25,29,31,47,70,83,87,93,99
random_eq,wave,1364,9,12,16,18,25,28,48,49,61,64,65,66,67,79,81,100
random_eq,wave,1365,11,17,19,23,27,30,37,38,42,47,54,67,68,73,83,95
random_eq,wave,1366,6,7,9,10,25,28,33,35,38,45,46,47,52,61,79,83
random_eq,wave,1367,16,17,18,22,23,27,28,45,46,48,63,66,79,95,97,98
random_eq,wave,1368,6,16,33,34,38,47,56,57,59,60,61,66,69,83,88,96
random_eq,wave,1369,6,9,10,18,19,23,39,48,49,54,64,74,77,86,92,96
random_eq,wave,1370,2,5,8,10,12,18,24,26,30,40,55,84,90,91,96,100
random_eq,wave,1371,20,21,31,34,37,39,50,52,65,66,68,75,76,88,93,100
random_eq,wave,1372,3,6,17,18,22,27,41,46,48,51,59,66,84,85,92,97
random_eq,wave,1373,10,34,36,37,50,54,63,70,71,75,79,88,91,93,95,98
random_eq,wave,1374,5,7,10,17,19,21,40,51,54,55,56,58,61,71,75,77
random_eq,wave,1375,3,6,18,22,23,37,41,42,46,48,52,56,59,84,86,96
random_eq,wave,1376,16,18,30,44,48,56,57,59,60,66,67,69,73,83,86,95
random_eq,wave,1377,2,8,11,13,20,24,28,38,41,46,62,65,69,74,78,85
random_eq,wave,1378,2,4,37,40,54,63,64,68,70,73,84,85,91,93,95,99
random_eq,wave,1379,3,6,11,17,19,21,22,36,51,54,71,80,82,93,97,98
random_eq,wave,1380,2,8,13,16,19,35,45,49,62,72,75,78,79,87,88,96
random_eq,wave,1381,3,10,11,22,27,36,51,54,70,71,89,92,96,97,98,100
random_eq,wave,1382,14,23,28,36,37,45,47,53,59,69,72,75,76,86,87,95
random_eq,wave,1383,5,9,12,20,21,31,36,40,49,61,64,65,71,80,96,99
random_eq,wave,1384,1,19,21,34,36,39,52,54,58,71,75,76,77,82,88,93
random_eq,wave,1385,2,4,8,18,23,30,43,48,57,60,66,69,90,92,98,100
random_eq,wave,1386,5,10,34,56,57,60,61,69,71,75,79,88,89,96,98,100
random_eq,wave,1387,18,20,21,26,27,28,36,49,51,60,66,67,81,82,90,97
random_eq,wave,1388,13,15,22,29,33,35,52,57,60,61,79,82,88,89,93,100
random_eq,wave,1389,9,11,21,29,60,61,68,69,70,71,76,82,88,96,98,100
random_eq,wave,1390,6,7,25,26,37,42,47,52,54,56,57,68,69,75,81,86
random_eq,wave,1391,7,14,16,17,20,41,44,46,48,62,66,71,76,81,94,99
random_eq,wave,1392,5,7,23,24,30,31,32,42,45,56,59,71,83,84,94,100
random_eq,wave,1393,2,30,31,36,40,42,51,56,60,62,69,71,82,91,96,100
random_eq,wave,1394,7,17,24,28,30,32,38,58,64,65,78,79,80,89,90,94
random_eq,wave,1395,14,16,25,32,53,55,57,59,60,63,75,78,83,86,95,96
random_eq,wave,1396,12,14,16,19,22,23,26,33,49,66,67,72,81,86,97,100
random_eq,wave,1397,7,14,15,16,25,32,33,44,57,58,59,60,75,86,91,94
random_eq,wave,1398,2,4,15,35,45,53,56,57,58,65,68,82,83,88,91,93
random_eq,wave,1399,1,16,31,34,45,48,56,59,61,66,69,72,75,88,96,99
random_eq,wave,1400,2,8,13,18,41,43,50,51,52,53,65,72,79,82,90,98
random_eq,wave,1401,1,4,7,10,11,14,35,58,60,69,71,78,83,88,91,94
random_eq,wave,1402,15,20,23,29,31,32,35,38,44,47,49,64,66,68,90,99
random_eq,wave,1403,1,4,5,8,11,29,30,34,41,46,53,55,58,69,73,85
random_eq,wave,1404,6,7,11,23,24,29,32,37,40,42,47,49,50,64,87,90
random_eq,wave,1405,2,20,23,32,36,45,50,53,65,70,76,79,90,92,97,98
random_eq,wave,1406,2,8,15,30,32,34,38,45,57,72,73,74,78,80,87,89
random_eq,wave,1407,5,7,8,20,21,24,30,31,55,60,65,69,75,80,84,98
random_eq,wave,1408,6,7,13,34,52,53,55,60,61,64,65,73,78,81,84,85
random_eq,wave,1409,4,6,7,15,22,24,33,45,51,53,57,62,65,69,74,97
random_eq,wave,1410,6,16,23,26,28,29,33,35,47,52,59,60,62,66,76,93
random_eq,wave,1411,2,10,22,24,28,33,38,45,56,65,67,69,73,77,89,100
random_eq,wave,1412,5,8,17,20,24,29,38,41,61,65,74,79,88,91,96,99
random_eq,wave,1413,4,7,8,10,29,35,36,37,44,47,52,60,63,84,88,90
random_eq,wave,1414,3,6,15,33,41,42,43,47,52,59,75,76,77,82,86,88
random_eq,wave,1415,2,4,32,33,44,49,57,58,60,67,73,74,76,81,85,89
random_eq,wave,1416,4,12,15,29,31,34,56,65,68,72,73,82,85,91,93,99
random_eq,wave,1417,7,16,18,25,28,44,48,49,54,59,64,66,72,86,90,94
random_eq,wave,1418,6,16,18,25,45,48,66,69,70,79,83,86,96,97,98,99
random_eq,wave,1419,3,4,27,33,38,41,46,53,65,70,72,75,82,88,89,98
random_eq,wave,1420,6,9,19,25,26,33,47,49,54,61,64,67,77,80,81,92
random_eq,wave,1421,13,28,38,39,43,45,53,61,63,68,70,82,83,88,94,95
random_eq,wave,1422,7,19,22,44,52,53,54,57,63,71,78,82,86,88,97,98
random_eq,wave,1423,8,19,21,29,35,36,38,42,49,51,54,65,67,72,77,90
random_eq,wave,1424,16,22,27,29,33,43,45,47,51,59,63,66,69,70,84,95
random_eq,wave,1425,10,11,17,20,39,43,45,48,61,62,64,68,87,92,94,99
random_eq,wave,1426,7,16,18,20,25,31,42,48,50,52,54,61,65,76,81,94
random_eq,wave,1427,14,36,37,50,66,67,69,73,79,81,83,84,85,86,87,100
random_eq,wave,1428,2,14,16,18,22,25,26,32,40,42,48,50,51,55,67,72
random_eq,wave,1429,5,10,18,22,27,32,34,38,39,63,70,89,95,96,97,99
random_eq,wave,1430,21,23,31,43,49,54,59,66,72,78,84,86,87,92,97,99
random_eq,wave,1431,12,15,19,33,64,70,73,74,79,81,85,87,91,93,94,100
random_eq,wave,1432,6,10,12,19,22,33,51,64,67,70,77,79,81,86,91,93
random_eq,wave,1433,4,6,9,15,27,29,33,41,52,57,60,64,74,80,81,91
random_eq,wave,1434,16,17,18,22,23,39,43,48,50,54,61,66,77,92,95,97
random_eq,wave,1435,1,3,4,5,7,29,42,47,49,55,58,81,83,84,85,90
random_eq,wave,1436,6,19,23,25,36,43,52,53,54,59,64,75,77,86,87,92
random_eq,wave,1437,4,8,12,29,35,37,38,52,57,63,78,88,90,91,95,96
random_eq,wave,1438,14,21,28,36,40,60,66,69,72,76,79,80,87,90,92,94
random_eq,wave,1439,3,13,14,27,34,41,46,55,57,63,68,73,74,83,91,95
random_eq,wave,1440,16,18,19,38,39,44,48,54,66,70,75,77,86,88,93,95
random_eq,wave,1441,4,6,9,12,15,23,24,31,33,35,53,64,70,93,96,99
random_eq,wave,1442,3,8,10,18,21,27,28,29,31,39,46,52,62,92,94,100
random_eq,wave,1443,2,3,4,24,33,41,43,56,57,69,72,73,75,85,91,98
random_eq,wave,1444,5,9,11,14,16,20,28,32,35,39,44,45,62,71,76,91
random_eq,wave,1445,3,9,20,21,39,46,49,64,65,67,68,77,80,81,82,90
random_eq,wave,1446,1,5,11,20,21,23,32,42,49,50,55,60,64,67,81,90
random_eq,wave,1447,14,16,20,25,26,28,33,40,44,46,60,69,75,81,91,94
random_eq,wave,1448,1,2,5,11,12,25,42,47,49,67,71,72,81,83,90,99
random_eq,wave,1449,22,23,27,36,41,46,63,70,74,84,87,89,92,95,97,98
random_eq,wave,1450,14,20,28,33,39,54,65,73,74,77,80,81,83,86,91,93
random_eq,wave,1451,3,7,8,11,29,33,38,39,52,60,62,74,87,88,91,100
random_eq,wave,1452,3,4,16,25,33,38,42,46,47,49,67,83,84,94,95,97
random_eq,wave,1453,1,5,10,12,15,21,24,25,26,38,43,49,64,72,86,99
random_eq,wave,1454,12,16,22,25,28,40,44,48,49,51,55,56,66,72,79,86
random_eq,wave,1455,13,22,24,27,33,53,56,57,60,69,73,79,85,95,96,98
random_eq,wave,1456,2,6,12,26,40,49,51,53,64,67,78,84,87,90,92,99
random_eq,wave,1457,6,9,15,16,25,27,30,32,48,50,55,56,59,66,79,87
random_eq,wave,1458,2,10,11,13,22,30,32,44,48,50,56,58,67,71,73,81
random_eq,wave,1459,6,22,26,38,39,43,54,70,74,77,78,86,88,89,97,99
random_eq,wave,1460,1,2,5,15,17,22,25,26,35,43,53,56,58,60,77,85
random_eq,wave,1461,4,6,24,28,49,57,60,61,64,67,74,78,87,88,91,94
random_eq,wave,1462,11,21,23,30,36,56,59,60,62,69,85,86,87,92,96,100
random_eq,wave,1463,10,14,37,44,47,59,60,67,68,69,72,73,75,84,86,87
random_eq,wave,1464,15,27,29,34,37,47,59,60,62,65,66,68,69,72,76,80
random_eq,wave,1465,6,12,26,29,38,64,67,68,70,73,82,84,86,91,93,99
random_eq,wave,1466,10,11,12,15,20,52,59,65,68,73,86,89,92,93,97,99
random_eq,wave,1467,9,25,39,42,43,48,56,60,63,71,74,79,81,84,86,95
random_eq,wave,1468,3,6,16,17,27,32,33,40,48,51,66,76,79,90,96,97
random_eq,wave,1469,16,17,18,20,22,23,27,28,41,44,46,48,66,79,97,98
random_eq,wave,1470,3,6,10,11,13,14,15,33,35,37,41,46,47,73,83,93
random_eq,wave,1471,6,11,13,15,22,25,27,38,49,57,60,68,74,85,94,97
random_eq,wave,1472,2,11,15,20,42,45,47,56,65,68,69,71,73,81,92,99
random_eq,wave,1473,3,16,17,26,33,41,46,56,57,67,73,81,83,86,89,100
random_eq,wave,1474,2,4,13,18,31,37,40,47,49,56,60,67,73,84,85,100
random_eq,wave,1475,1,3,5,15,16,29,34,41,57,59,62,70,76,91,93,95
random_eq,wave,1476,3,6,9,17,25,26,28,38,43,61,64,68,74,77,89,98
random_eq,wave,1477,11,18,22,23,30,34,37,45,47,53,56,63,69,95,96,98
random_eq,wave,1478,5,8,12,20,24,28,29,40,52,55,73,85,87,91,93,95
random_eq,wave,1479,1,2,3,13,14,35,55,59,60,63,73,82,83,84,93,95
random_eq,wave,1480,5,14,15,30,32,35,55,57,60,62,63,76,79,85,91,95
random_eq,wave,1481,1,11,28,41,42,43,47,51,52,58,61,71,75,76,82,98
random_eq,wave,1482,17,18,21,22,23,34,37,43,53,60,61,79,84,97,98,100
random_eq,wave,1483,8,9,15,20,24,25,26,30,33,38,44,60,69,74,77,91
random_eq,wave,1484,1,3,4,5,11,14,16,41,43,56,58,61,83,88,91,98
random_eq,wave,1485,22,33,43,45,52,53,59,79,82,84,86,88,89,97,98,100
random_eq,wave,1486,2,10,15,54,55,70,72,73,74,79,81,83,87,89,93,99
random_eq,wave,1487,6,14,19,39,48,54,64,74,77,80,81,87,90,92,93,94
random_eq,wave,1488,6,12,15,31,35,36,42,47,70,71,73,82,83,93,97,99
random_eq,wave,1489,3,8,16,30,33,40,55,62,63,66,79,89,93,94,95,96
random_eq,wave,1490,9,11,13,22,23,44,56,60,61,69,72,74,78,87,92,98
random_eq,wave,1491,7,9,12,13,25,28,40,53,55,56,61,65,69,72,79,82
random_eq,wave,1492,1,4,5,7,10,17,21,25,31,45,61,72,81,84,90,94
random_eq,wave,1493,6,18,26,29,37,39,43,47,51,54,64,66,70,81,90,99
random_eq,wave,1494,7,12,19,21,22,23,30,31,40,65,68,70,72,78,82,94
random_eq,wave,1495,1,5,10,17,19,24,26,38,54,58,67,77,83,86,88,97
random_eq,wave,1496,5,8,10,11,17,18,19,30,32,47,67,73,81,86,95,100
random_eq,wave,1497,5,12,15,17,18,22,23,27,29,53,56,63,79,81,95,99
random_eq,wave,1498,3,6,11,17,27,29,39,42,46,51,62,64,87,89,92,96
random_eq,wave,1499,7,9,31,32,50,53,58,61,68,70,71,76,88,89,92,98
random_eq,wave,1500,5,8,10,20,25,28,29,31,49,54,61,67,71,81,90,91
random_eq,wave,1501,2,21,30,32,33,50,56,59,63,79,83,85,88,93,95,98
random_eq,wave,1502,11,13,14,23,29,35,37,53,60,67,69,71,78,83,90,100
random_eq,wave,1503,19,25,32,37,40,55,63,64,68,85,90,91,93,94,95,99
random_eq,wave,1504,1,3,11,14,24,27,32,36,40,58,71,73,74,83,89,96
random_eq,wave,1505,9,18,27,40,46,48,52,53,54,56,57,62,63,92,95,96
random_eq,wave,1506,2,10,14,15,17,33,59,60,65,73,77,83,89,92,93,95
random_eq,wave,1507,7,19,34,36,37,44,49,54,66,72,75,76,79,88,89,98
random_eq,wave,1508,6,7,12,16,18,28,32,39,52,57,66,75,86,88,89,92
random_eq,wave,1509,6,7,10,11,22,25,30,32,36,50,56,87,89,92,94,98
random_eq,wave,1510,5,6,10,18,21,22,27,28,34,38,39,52,56,60,66,73
random_eq,wave,1511,9,13,14,15,27,31,32,34,44,45,63,68,71,74,80,83
random_eq,wave,1512,6,7,9,15,16,25,32,33,35,42,50,52,59,64,79,91
random_eq,wave,1513,8,9,21,24,27,28,30,31,36,37,40,58,60,69,71,88
random_eq,wave,1514,2,4,19,20,32,42,47,51,52,62,64,67,68,77,82,87
random_eq,wave,1515,1,2,11,21,24,40,41,51,58,70,71,78,83,85,96,99
random_eq,wave,1516,5,12,25,42,47,49,67,72,79,81,83,84,87,90,94,99
random_eq,wave,1517,5,9,11,14,18,21,23,29,41,50,67,69,81,83,91,100
random_eq,wave,1518,10,12,18,25,40,48,49,56,66,79,84,92,93,94,99,100
random_eq,wave,1519,6,16,25,31,32,49,59,60,65,66,70,76,78,94,96,99
random_eq,wave,1520,14,18,29,40,51,53,55,60,66,67,69,76,82,84,90,100
random_eq,wave,1521,6,8,19,22,27,29,36,37,41,51,52,59,66,77,82,87
random_eq,wave,1522,9,12,13,22,33,43,53,56,58,61,65,79,82,88,98,99
random_eq,wave,1523,5,10,18,20,24,25,26,28,40,45,52,64,77,89,90,93
random_eq,wave,1524,1,16,19,20,25,26,40,48,54,55,61,64,66,67,90,94
random_eq,wave,1525,2,3,13,16,25,32,33,45,49,56,57,58,59,65,75,96
random_eq,wave,1526,15,17,19,22,31,36,41,51,53,59,65,72,82,86,89,97
random_eq,wave,1527,3,8,17,36,41,44,53,58,59,75,77,85,86,88,92,96
random_eq,wave,1528,10,12,17,29,30,31,35,36,58,59,65,73,82,93,96,99
random_eq,wave,1529,19,26,33,34,56,61,67,69,74,75,77,80,81,88,91,100
random_eq,wave,1530,7,11,22,24,25,36,37,40,42,56,60,69,71,94,97,100
random_eq,wave,1531,12,15,16,22,23,44,48,55,66,72,79,81,93,94,97,99
random_eq,wave,1532,1,5,7,12,21,26,34,40,55,58,70,83,84,88,93,99
random_eq,wave,1533,1,2,13,14,41,50,53,55,63,73,78,79,83,85,93,98
random_eq,wave,1534,5,8,11,20,21,35,39,43,45,49,50,55,62,65,85,94
random_eq,wave,1535,3,10,17,27,34,38,39,41,46,65,75,77,78,88,91,100
random_eq,wave,1536,2,3,14,20,26,35,38,46,67,68,73,75,82,83,84,91
random_eq,wave,1537,7,8,13,19,23,44,45,52,53,62,72,78,79,92,94,98
random_eq,wave,1538,14,21,26,38,39,41,43,50,57,68,74,75,82,86,88,100
random_eq,wave,1539,3,4,10,15,25,29,33,35,41,44,46,49,64,77,89,92
random_eq,wave,1540,9,13,17,18,27,30,40,41,46,48,50,64,79,80,82,95
random_eq,wave,1541,5,9,12,21,25,52,56,67,72,79,81,84,85,86,87,99
random_eq,wave,1542,3,8,9,16,25,30,32,35,57,59,63,68,82,91,95,96
random_eq,wave,1543,4,7,9,21,35,37,49,58,60,62,68,69,70,80,84,97
random_eq,wave,1544,2,3,10,14,15,18,34,46,57,58,59,73,83,89,93,95
random_eq,wave,1545,13,29,35,45,46,52,59,62,77,78,80,82,87,96,99,100
random_eq,wave,1546,2,6,17,19,36,45,53,55,56,65,67,73,77,81,82,83
random_eq,wave,1547,2,4,9,10,13,20,24,25,32,33,44,50,57,64,67,81
random_eq,wave,1548,1,8,15,17,26,34,38,41,46,58,61,68,75,82,91,99
random_eq,wave,1549,14,28,32,33,38,39,43,60,63,74,80,83,88,89,94,95
random_eq,wave,1550,14,17,32,39,42,45,57,68,71,82,83,86,88,89,95,97
random_eq,wave,1551,4,29,31,33,35,53,58,60,70,76,80,82,84,87,88,93
random_eq,wave,1552,8,11,13,30,36,40,44,47,51,58,60,69,71,82,90,96
random_eq,wave,1553,11,22,23,30,41,43,44,50,53,58,69,87,89,92,94,98
random_eq,wave,1554,5,7,10,19,24,32,40,44,55,63,83,84,86,87,91,97
random_eq,wave,1555,12,19,20,21,23,30,36,64,65,67,71,77,81,82,90,94
random_eq,wave,1556,1,5,16,17,26,27,57,58,59,60,62,66,88,94,96,97
random_eq,wave,1557,7,10,17,24,33,45,46,56,57,59,62,63,89,94,95,97
random_eq,wave,1558,14,15,16,19,26,36,38,60,69,73,75,77,86,87,91,100
random_eq,wave,1559,4,13,15,22,27,46,51,57,63,70,74,78,87,92,95,97
random_eq,wave,1560,3,10,11,13,14,15,24,27,32,44,55,63,73,78,83,97
random_eq,wave,1561,2,6,7,11,19,20,30,40,47,51,53,54,71,76,82,90
random_eq,wave,1562,1,5,10,12,14,15,26,55,58,62,76,81,89,93,94,99
random_eq,wave,1563,1,2,7,8,11,13,30,32,34,50,59,62,71,78,85,100
random_eq,wave,1564,4,12,18,19,31,42,48,70,76,85,90,92,93,94,98,100
random_eq,wave,1565,2,7,10,12,17,19,48,55,56,63,73,74,79,81,87,95
random_eq,wave,1566,3,18,23,26,37,41,46,48,49,66,67,75,77,81,86,100
random_eq,wave,1567,10,13,18,24,30,40,48,60,62,63,67,69,76,84,94,95
random_eq,wave,1568,6,10,20,25,26,28,33,37,45,56,67,69,75,81,86,91
random_eq,wave,1569,1,2,10,22,28,30,31,32,39,45,51,55,56,58,78,89
random_eq,wave,1570,4,8,16,33,45,46,47,52,57,59,66,75,86,88,96,100
random_eq,wave,1571,3,15,17,22,23,26,27,33,34,38,46,74,77,91,97,100
random_eq,wave,1572,11,16,25,32,33,40,50,56,61,63,66,75,86,89,95,96
random_eq,wave,1573,1,3,4,11,14,21,27,32,36,37,58,73,76,80,81,96
random_eq,wave,1574,4,10,18,20,22,23,30,31,37,43,48,54,56,94,98,99
random_eq,wave,1575,5,9,13,15,20,30,31,32,38,45,53,56,57,65,86,88
random_eq,wave,1576,6,12,14,16,25,26,38,66,68,73,77,83,86,89,93,99
random_eq,wave,1577,7,8,9,17,23,30,36,40,44,45,53,71,72,82,84,99
random_eq,wave,1578,20,39,41,48,50,51,55,56,61,65,66,69,74,75,80,96
random_eq,wave,1579,1,2,5,11,13,14,40,53,55,58,60,69,73,83,85,96
random_eq,wave,1580,17,21,22,26,35,37,38,51,60,66,68,72,84,85,93,97
random_eq,wave,1581,19,21,31,32,37,49,58,61,62,65,67,68,80,81,94,97
random_eq,wave,1582,4,16,19,20,21,25,31,33,38,52,54,65,75,84,86,93
random_eq,wave,1583,2,11,18,34,37,41,43,44,47,50,52,53,62,85,95,98
random_eq,wave,1584,2,3,11,13,24,36,40,46,58,69,70,71,73,74,83,96
random_eq,wave,1585,1,16,17,28,31,39,45,46,48,58,61,66,71,75,88,97
random_eq,wave,1586,3,8,27,29,33,41,43,44,49,53,59,63,77,82,84,88
random_eq,wave,1587,1,12,15,23,24,27,31,36,37,42,52,63,64,71,90,99
random_eq,wave,1588,6,11,12,48,53,70,76,80,87,90,92,93,94,96,98,99
random_eq,wave,1589,3,7,17,21,33,34,37,41,44,46,59,63,73,80,84,97
random_eq,wave,1590,3,8,10,27,28,29,32,48,49,59,62,68,72,87,92,94
random_eq,wave,1591,2,3,4,7,18,28,31,46,48,51,56,66,90,92,98,100
random_eq,wave,1592,5,8,11,13,22,29,40,47,51,52,53,58,60,62,71,96
random_eq,wave,1593,2,39,41,46,50,52,55,68,74,77,80,83,87,88,91,95
random_eq,wave,1594,5,8,11,13,19,20,35,44,49,53,54,67,71,73,85,97
random_eq,wave,1595,1,7,11,13,14,28,45,48,58,62,69,71,82,94,97,98
random_eq,wave,1596,8,11,19,20,40,48,49,54,62,74,75,80,87,92,94,96
random_eq,wave,1597,3,6,13,17,22,26,36,38,46,51,74,84,87,93,97,98
random_eq,wave,1598,2,10,40,49,54,64,67,70,72,73,78,79,87,91,92,99
random_eq,wave,1599,13,20,24,28,31,32,40,44,56,60,61,62,71,74,75,85
random_eq,wave,1600,7,14,24,25,32,33,38,39,63,75,84,85,91,94,95,99
random_eq,wave,1601,15,18,20,30,36,40,42,45,46,51,65,69,75,76,79,82
random_eq,wave,1602,1,7,8,13,17,23,26,48,55,60,61,62,74,81,84,100
random_eq,wave,1603,6,10,14,18,25,26,43,48,57,60,67,69,81,83,92,94
random_eq,wave,1604,7,15,20,21,31,32,35,50,61,62,68,70,71,76,80,82
random_eq,wave,1605,16,18,23,28,34,42,43,45,48,52,57,59,61,65,72,75
random_eq,wave,1606,2,3,8,21,23,28,30,31,32,36,53,62,71,92,98,100
random_eq,wave,1607,1,5,10,14,26,28,29,32,35,45,55,58,67,83,88,91
random_eq,wave,1608,4,11,22,32,35,45,49,51,53,61,68,80,89,96,97,100
random_eq,wave,1609,9,16,25,35,52,56,60,61,63,67,71,77,78,84,91,95
random_eq,wave,1610,9,19,21,36,37,45,49,61,63,64,67,79,80,81,87,95
random_eq,wave,1611,7,11,21,29,30,32,34,50,56,68,71,74,78,80,98,100
random_eq,wave,1612,2,4,6,10,13,14,51,52,60,68,76,77,90,92,93,98
random_eq,wave,1613,9,11,12,13,19,23,24,33,40,49,53,61,63,64,67,95
random_eq,wave,1614,2,5,17,19,21,25,31,34,40,44,54,58,64,71,85,90
random_eq,wave,1615,11,19,23,29,35,36,39,49,53,54,55,58,65,73,76,89
random_eq,wave,1616,2,3,10,18,22,28,40,44,46,48,51,56,69,72,79,92
random_eq,wave,1617,1,4,12,15,33,35,72,74,75,76,80,90,91,93,94,99
random_eq,wave,1618,10,13,27,43,54,63,70,72,78,79,87,88,92,97,98,99
random_eq,wave,1619,4,19,21,29,33,34,54,58,65,69,70,76,77,82,88,98
random_eq,wave,1620,1,5,7,12,17,24,29,53,56,57,58,61,62,71,80,98
random_eq,wave,1621,2,3,10,28,30,34,43,55,59,70,72,73,78,83,87,89
random_eq,wave,1622,4,24,33,48,52,53,58,60,62,76,77,85,93,94,97,98
random_eq,wave,1623,1,8,11,16,19,20,29,48,49,51,54,62,66,67,71,81
random_eq,wave,1624,22,27,28,35,39,45,46,49,55,63,66,68,82,94,95,97
random_eq,wave,1625,13,22,33,45,47,49,56,58,59,65,73,74,77,80,86,96
random_eq,wave,1626,9,12,14,16,25,28,35,39,48,55,57,66,72,76,87,93
random_eq,wave,1627,12,24,25,37,42,47,49,57,63,64,79,87,94,95,96,98
random_eq,wave,1628,4,10,17,22,28,35,48,51,60,68,72,87,92,93,97,100
random_eq,wave,1629,2,6,13,17,22,24,28,43,45,51,59,64,77,78,85,87
random_eq,wave,1630,20,24,28,30,44,46,56,62,66,69,74,78,79,85,87,98
random_eq,wave,1631,2,10,13,27,33,34,43,45,52,59,78,84,87,88,97,100
random_eq,wave,1632,3,6,18,37,41,46,48,51,59,66,69,80,83,84,86,97
random_eq,wave,1633,4,7,9,12,15,23,31,33,34,37,61,70,72,83,91,99
random_eq,wave,1634,14,15,27,31,34,38,44,45,53,57,63,68,69,75,76,85
random_eq,wave,1635,6,16,18,19,38,39,45,48,66,70,75,77,86,88,93,97
random_eq,wave,1636,11,13,17,29,34,43,50,59,61,71,74,76,78,85,88,100
random_eq,wave,1637,2,3,6,10,24,33,43,49,73,76,78,79,84,88,89,98
random_eq,wave,1638,8,12,17,34,40,55,61,63,74,75,79,80,89,95,96,99
random_eq,wave,1639,5,6,10,18,21,22,24,25,40,41,43,50,56,65,79,86
random_eq,wave,1640,6,16,23,26,29,33,34,38,39,47,57,60,66,70,83,93
random_eq,wave,1641,11,32,36,42,45,47,51,61,63,70,71,75,82,95,96,98
random_eq,wave,1642,3,7,21,33,46,49,51,61,64,72,78,79,80,90,92,98
random_eq,wave,1643,9,13,17,34,45,57,61,68,79,80,87,92,95,96,97,98
random_eq,wave,1644,13,28,45,56,61,62,65,69,72,74,78,79,85,92,94,98
random_eq,wave,1645,12,15,16,20,25,31,38,43,52,68,83,86,87,91,97,99
random_eq,wave,1646,3,15,20,21,23,31,34,36,37,46,49,61,65,66,75,76
random_eq,wave,1647,1,2,4,14,15,21,23,27,37,38,58,60,66,69,77,78
random_eq,wave,1648,3,4,9,17,23,28,35,46,63,68,74,77,89,94,95,97
random_eq,wave,1649,7,14,24,32,39,55,57,58,60,65,73,78,83,85,86,91
random_eq,wave,1650,2,3,4,8,13,15,20,31,40,41,44,52,68,82,88,90
random_eq,wave,1651,1,3,5,7,12,15,20,21,24,29,38,52,61,62,76,85
random_eq,wave,1652,2,7,12,14,28,34,40,63,71,73,74,76,78,85,91,95
random_eq,wave,1653,2,6,17,36,42,43,45,47,51,71,79,82,84,90,97,98
random_eq,wave,1654,10,27,28,30,34,41,44,46,55,56,57,59,72,73,83,89
random_eq,wave,1655,5,10,11,13,32,35,47,49,50,56,67,71,72,81,90,94
random_eq,wave,1656,2,3,5,10,20,21,31,32,51,52,57,65,67,81,83,88
random_eq,wave,1657,7,11,16,24,25,42,44,48,56,58,60,69,71,75,86,98
random_eq,wave,1658,8,11,22,27,32,38,39,50,52,68,74,80,87,89,94,100
random_eq,wave,1659,16,18,19,40,41,49,67,71,75,77,78,80,86,91,97,100
random_eq,wave,1660,15,16,19,34,44,47,54,56,59,63,66,68,75,88,93,95
random_eq,wave,1661,1,11,13,15,20,29,32,35,36,49,50,64,71,82,88,90
random_eq,wave,1662,1,19,20,22,27,34,38,39,43,48,54,66,85,88,95,97
random_eq,wave,1663,16,17,22,23,28,33,35,38,43,45,63,66,79,89,95,97
random_eq,wave,1664,3,4,12,13,25,31,36,40,58,65,70,75,82,84,86,93
random_eq,wave,1665,6,9,19,25,26,27,33,37,47,52,54,64,66,67,77,81
random_eq,wave,1666,7,12,17,20,22,33,34,42,59,61,82,84,89,95,97,99
random_eq,wave,1667,3,7,8,15,21,30,31,35,46,57,58,66,68,71,75,80
random_eq,wave,1668,9,18,20,23,26,34,37,42,50,52,54,81,83,84,91,93
random_eq,wave,1669,1,2,5,13,17,24,28,40,46,55,56,72,74,75,85,88
random_eq,wave,1670,1,5,8,10,27,29,34,38,41,46,52,73,84,91,95,99
random_eq,wave,1671,5,16,17,18,28,30,31,32,39,43,45,81,83,88,91,100
random_eq,wave,1672,5,15,18,25,26,34,38,41,42,46,56,61,69,74,75,99
random_eq,wave,1673,1,2,5,7,8,10,11,19,24,32,70,71,72,73,91,98
random_eq,wave,1674,21,24,27,41,43,44,50,51,56,58,71,75,78,79,85,98
random_eq,wave,1675,3,14,16,18,25,29,31,32,48,65,66,67,81,83,84,86
random_eq,wave,1676,3,5,13,35,38,46,53,56,61,69,75,79,85,87,88,100
random_eq,wave,1677,1,3,4,6,23,29,31,35,46,48,66,70,74,76,90,93
random_eq,wave,1678,14,16,19,26,27,29,33,48,54,57,66,71,76,88,98,100
random_eq,wave,1679,7,14,15,16,25,26,33,34,38,50,51,54,89,90,97,100
random_eq,wave,1680,1,7,16,25,29,32,33,35,42,48,50,61,70,72,83,84
random_eq,wave,1681,11,19,21,29,34,39,54,58,62,65,66,68,70,80,92,93
random_eq,wave,1682,1,7,12,17,35,38,48,58,66,73,79,83,84,85,97,99
random_eq,wave,1683,6,9,10,18,19,25,27,30,48,54,56,66,77,79,92,98
random_eq,wave,1684,8,10,11,12,20,21,27,28,29,38,51,52,65,68,90,98
random_eq,wave,1685,3,8,14,28,31,39,46,49,55,58,68,75,82,86,88,91
random_eq,wave,1686,12,23,31,44,61,64,69,71,72,74,78,81,90,94,96,99
random_eq,wave,1687,10,13,25,31,40,49,55,58,60,64,65,67,78,84,90,94
random_eq,wave,1688,1,4,5,9,10,24,25,27,40,50,52,54,67,72,89,97
random_eq,wave,1689,1,4,7,9,13,15,30,34,46,48,58,70,74,76,77,80
random_eq,wave,1690,17,26,30,40,43,51,54,68,76,80,82,84,90,91,99,100
random_eq,wave,1691,11,20,27,36,46,51,52,56,65,74,80,89,90,92,96,98
random_eq,wave,1692,2,11,12,19,36,40,47,49,51,55,58,64,65,85,90,96
random_eq,wave,1693,4,6,15,27,32,42,44,47,50,68,75,76,77,85,88,92
random_eq,wave,1694,7,14,16,25,29,31,35,42,54,58,71,76,81,84,89,99
random_eq,wave,1695,7,14,25,36,37,42,47,57,60,69,71,81,83,86,97,100
random_eq,wave,1696,5,10,13,15,17,27,30,31,34,45,46,58,59,65,83,88
random_eq,wave,1697,1,2,10,11,24,36,41,43,48,50,55,58,70,73,83,98
random_eq,wave,1698,7,13,17,19,30,33,40,53,54,63,64,73,79,82,94,95
random_eq,wave,1699,3,15,17,20,21,22,27,38,46,56,57,78,80,82,87,100
random_eq,wave,1700,12,29,33,42,44,49,72,73,79,82,83,84,86,89,96,98
random_eq,wave,1701,12,14,16,18,25,28,38,48,63,66,67,79,83,86,95,97
random_eq,wave,1702,3,5,27,34,41,42,47,55,57,58,62,65,69,85,96,97
random_eq,wave,1703,7,10,17,18,24,25,29,37,54,56,59,84,86,89,95,99
random_eq,wave,1704,2,15,19,23,26,33,34,38,49,53,54,62,76,77,87,100
random_eq,wave,1705,1,2,12,14,15,16,20,26,35,48,55,57,66,83,88,93
random_eq,wave,1706,2,5,13,15,19,20,34,38,43,44,54,62,74,77,83,85
random_eq,wave,1707,4,6,10,14,22,35,36,51,54,84,87,89,92,93,97,99
random_eq,wave,1708,1,2,5,7,16,32,50,51,52,55,72,76,79,90,91,98
random_eq,wave,1709,7,8,30,32,33,57,60,62,63,79,80,82,89,94,95,98
random_eq,wave,1710,3,11,22,36,39,42,46,51,58,65,69,70,82,89,96,97
random_eq,wave,1711,5,7,8,16,30,50,55,63,69,81,84,88,89,90,94,95
random_eq,wave,1712,14,20,24,27,28,29,46,53,55,57,65,76,78,79,88,98
random_eq,wave,1713,14,17,37,39,45,46,67,68,72,73,81,83,85,86,87,91
random_eq,wave,1714,10,11,14,18,25,40,45,48,61,63,69,83,92,94,95,96
random_eq,wave,1715,6,11,13,24,36,55,56,60,65,74,80,90,93,94,97,98
random_eq,wave,1716,8,12,16,31,40,51,55,58,61,62,65,69,75,78,91,99
random_eq,wave,1717,9,19,52,54,56,57,59,62,65,78,85,86,91,92,93,100
random_eq,wave,1718,17,18,20,22,27,28,31,36,37,42,44,46,47,51,97,98
random_eq,wave,1719,8,11,16,28,29,39,41,46,47,49,53,71,78,86,88,100
random_eq,wave,1720,1,3,5,9,17,21,24,30,32,38,57,61,67,79,80,95
random_eq,wave,1721,2,4,5,10,12,21,31,49,58,64,65,67,73,81,84,99
random_eq,wave,1722,3,4,9,43,45,52,57,58,61,66,71,76,78,82,88,98
random_eq,wave,1723,3,29,34,49,55,62,64,66,70,74,79,87,89,95,96,98
random_eq,wave,1724,3,4,13,20,37,46,54,62,64,65,70,77,78,80,94,98
random_eq,wave,1725,2,8,9,24,30,31,32,50,63,68,71,74,80,89,93,98
random_eq,wave,1726,3,6,8,16,29,33,34,41,43,47,59,61,66,70,84,88
random_eq,wave,1727,3,8,9,16,18,27,30,38,39,46,48,62,66,69,84,100
random_eq,wave,1728,1,2,7,9,14,48,55,59,60,66,69,72,74,83,84,85
random_eq,wave,1729,1,2,5,6,19,26,40,47,49,53,54,55,67,73,83,85
random_eq,wave,1730,4,7,19,25,36,37,42,47,52,54,77,81,83,87,90,97
random_eq,wave,1731,1,16,20,31,45,48,56,66,69,71,75,82,86,88,96,98
random_eq,wave,1732,5,7,10,22,25,30,32,40,50,51,70,72,84,87,89,92
random_eq,wave,1733,7,8,20,28,29,34,44,46,52,59,62,74,78,80,87,91
random_eq,wave,1734,3,9,17,20,22,23,27,33,40,44,46,48,80,84,92,97
random_eq,wave,1735,18,27,42,45,48,59,69,70,75,76,79,82,88,96,99,100
random_eq,wave,1736,17,22,23,27,34,43,59,60,66,78,82,84,87,97,99,100
random_eq,wave,1737,6,14,16,17,23,33,38,39,43,45,47,50,57,66,83,94
random_eq,wave,1738,6,12,38,53,68,70,76,79,80,82,89,90,93,94,98,99
random_eq,wave,1739,4,12,14,15,16,23,31,33,38,44,83,90,91,93,94,99
random_eq,wave,1740,5,9,18,19,23,42,47,54,61,63,64,67,77,79,81,95
random_eq,wave,1741,9,17,19,24,40,42,47,54,61,71,73,74,77,78,97,100
random_eq,wave,1742,10,12,22,25,33,40,57,67,70,73,79,86,89,92,95,97
random_eq,wave,1743,11,14,25,36,40,47,60,66,67,69,71,75,82,86,97,100
random_eq,wave,1744,17,22,27,31,34,36,43,45,57,71,82,88,91,96,97,100
random_eq,wave,1745,7,13,20,22,30,33,34,39,44,53,60,69,84,88,92,97
random_eq,wave,1746,1,8,13,27,30,40,51,55,57,58,60,69,75,79,82,85
random_eq,wave,1747,4,14,22,27,33,51,53,57,60,63,69,80,92,95,97,98
random_eq,wave,1748,1,14,16,38,41,43,48,50,66,72,75,76,79,86,88,98
random_eq,wave,1749,6,8,18,23,38,43,45,46,48,52,59,66,74,75,84,86
random_eq,wave,1750,11,22,32,42,44,48,50,51,52,56,67,72,81,82,86,87
random_eq,wave,1751,1,8,9,15,20,24,30,43,60,62,71,74,78,79,80,91
random_eq,wave,1752,4,7,12,13,23,29,52,53,62,78,81,84,87,92,95,99
random_eq,wave,1753,4,7,8,9,10,12,15,18,44,48,52,62,86,92,95,99
random_eq,wave,1754,3,4,16,20,23,35,49,64,66,68,84,87,89,90,92,96
random_eq,wave,1755,12,14,20,25,28,36,37,38,47,51,53,77,79,83,87,93
random_eq,wave,1756,7,19,22,25,33,47,52,54,56,59,66,77,79,82,94,95
random_eq,wave,1757,3,10,35,41,44,48,49,61,62,68,72,79,87,92,96,97
random_eq,wave,1758,5,19,34,38,49,54,56,58,61,62,65,67,74,77,80,91
random_eq,wave,1759,6,12,16,25,31,33,39,49,64,81,84,90,91,93,94,99
random_eq,wave,1760,5,12,18,19,22,34,38,53,59,63,64,80,84,89,93,95
random_eq,wave,1761,8,13,19,31,36,37,40,47,52,53,71,75,86,88,96,100
random_eq,wave,1762,2,7,11,14,24,32,38,40,45,53,63,65,78,83,85,88
random_eq,wave,1763,19,21,27,36,37,51,54,59,63,69,70,77,80,87,95,97
random_eq,wave,1764,6,16,18,25,26,40,47,55,57,60,66,67,69,70,75,86
random_eq,wave,1765,4,6,21,31,42,51,54,62,64,68,70,80,92,93,98,99
random_eq,wave,1766,1,3,5,9,20,30,41,46,53,55,59,62,76,84,85,95
random_eq,wave,1767,26,38,40,52,53,54,58,62,68,77,80,92,93,94,96,97
random_eq,wave,1768,2,3,6,7,13,33,34,46,48,52,59,73,74,76,84,85
random_eq,wave,1769,9,14,15,19,21,26,27,32,38,68,73,77,80,82,83,100
random_eq,wave,1770,1,5,14,23,29,32,47,50,53,55,57,63,67,81,83,95
random_eq,wave,1771,4,7,10,22,30,33,38,46,54,56,63,77,91,94,95,98
random_eq,wave,1772,8,9,25,42,43,44,47,52,60,61,70,71,74,84,95,98
random_eq,wave,1773,6,15,19,23,29,31,36,59,66,70,76,87,89,90,92,93
random_eq,wave,1774,7,9,11,14,19,25,32,35,49,53,59,64,78,82,87,100
random_eq,wave,1775,14,16,18,20,23,32,50,57,59,65,67,73,78,83,86,89
random_eq,wave,1776,7,8,34,40,47,52,53,55,60,63,68,75,84,88,94,95
random_eq,wave,1777,22,29,45,51,53,59,69,70,77,78,85,87,91,92,96,100
random_eq,wave,1778,18,22,25,27,30,42,46,48,50,56,59,63,84,92,94,95
random_eq,wave,1779,10,12,14,15,26,27,36,37,51,81,83,87,89,90,99,100
random_eq,wave,1780,2,5,9,21,31,32,34,42,45,55,59,63,65,70,85,96
random_eq,wave,1781,3,4,7,14,20,24,25,33,54,65,74,83,84,90,91,94
random_eq,wave,1782,3,13,28,35,46,51,53,71,76,77,78,80,82,90,93,95
random_eq,wave,1783,13,24,45,48,56,57,59,65,69,72,73,74,80,83,86,96
random_eq,wave,1784,12,25,33,34,37,42,44,48,56,59,63,75,83,84,93,96
random_eq,wave,1785,8,15,18,29,35,36,37,41,42,43,44,47,50,52,63,90
random_eq,wave,1786,4,8,21,28,29,32,35,44,52,55,58,73,77,78,85,93
random_eq,wave,1787,19,36,44,47,49,53,54,61,64,67,72,73,79,81,87,92
random_eq,wave,1788,3,9,11,12,20,21,25,27,30,36,55,64,65,66,82,98
random_eq,wave,1789,3,6,13,23,41,46,49,53,57,62,71,76,78,92,94,98
random_eq,wave,1790,2,12,14,39,44,48,57,66,71,72,73,79,82,83,86,96
random_eq,wave,1791,2,18,20,26,37,42,48,51,52,60,64,67,81,84,90,93
random_eq,wave,1792,8,14,24,33,44,57,59,60,69,72,74,75,80,86,89,96
random_eq,wave,1793,3,15,35,41,46,53,62,69,70,71,72,77,78,82,94,97
random_eq,wave,1794,13,14,32,33,45,53,57,59,63,75,76,86,88,92,95,96
random_eq,wave,1795,21,33,34,42,56,57,59,60,61,62,63,69,75,85,95,96
random_eq,wave,1796,13,35,38,39,43,45,56,57,61,63,68,69,73,74,80,95
random_eq,wave,1797,5,6,10,12,19,23,24,31,39,55,65,70,83,86,89,93
random_eq,wave,1798,1,2,4,10,14,33,35,57,60,63,67,69,73,83,91,95
random_eq,wave,1799,1,2,9,14,23,36,37,53,60,72,79,81,83,84,91,93
random_eq,wave,1800,2,31,39,43,44,49,55,57,60,63,73,78,82,83,85,91
random_eq,wave,1801,4,6,12,29,31,37,42,47,49,51,57,67,68,76,81,90
random_eq,wave,1802,6,7,16,29,48,52,54,55,59,64,66,84,86,87,88,99
random_eq,wave,1803,9,13,31,35,38,44,45,61,62,63,69,74,76,80,96,99
random_eq,wave,1804,8,17,20,36,40,43,53,60,61,65,75,79,84,88,92,97
random_eq,wave,1805,2,4,10,21,28,30,31,32,35,36,44,45,51,56,63,92
random_eq,wave,1806,16,18,22,25,27,40,41,44,48,63,66,69,70,79,94,96
random_eq,wave,1807,4,7,15,26,32,33,34,52,53,68,73,83,85,97,99,100
random_eq,wave,1808,8,10,28,40,44,45,46,48,51,52,72,75,79,86,87,92
random_eq,wave,1809,6,12,25,28,29,31,37,49,59,66,71,76,78,86,90,99
random_eq,wave,1810,9,12,23,28,36,39,49,53,63,67,72,86,87,89,92,97
random_eq,wave,1811,11,14,16,22,23,33,44,50,59,67,69,72,86,91,94,97
random_eq,wave,1812,4,14,23,33,40,41,47,50,53,57,58,65,67,69,75,94
random_eq,wave,1813,8,17,30,33,34,45,59,61,63,74,75,77,88,91,95,96
random_eq,wave,1814,1,7,9,12,17,21,30,31,58,62,71,76,80,82,98,99
random_eq,wave,1815,8,9,10,25,30,44,45,48,52,59,63,71,92,93,96,99
random_eq,wave,1816,7,12,13,36,40,52,53,64,71,73,79,80,82,86,99,100
random_eq,wave,1817,6,9,17,19,22,27,39,41,56,65,68,74,77,80,81,89
random_eq,wave,1818,5,13,16,26,30,34,43,57,59,60,68,69,70,83,88,100
random_eq,wave,1819,14,16,18,19,25,32,40,45,48,57,63,66,75,76,86,95
random_eq,wave,1820,1,32,48,50,51,55,56,61,66,72,74,79,83,90,93,98
random_eq,wave,1821,16,19,20,23,33,38,39,44,49,54,64,66,75,77,86,89
random_eq,wave,1822,3,5,8,11,12,13,24,29,35,49,55,65,67,73,85,100
random_eq,wave,1823,4,20,22,34,40,44,45,52,55,68,74,77,85,89,96,97
random_eq,wave,1824,2,7,16,23,33,47,56,60,63,66,69,79,84,90,95,98
random_eq,wave,1825,6,9,12,13,14,15,35,36,55,74,76,79,80,87,93,99
random_eq,wave,1826,13,18,20,28,31,34,44,45,53,56,59,62,78,85,92,93
random_eq,wave,1827,1,29,31,42,45,47,58,69,70,71,73,81,82,83,96,99
random_eq,wave,1828,2,5,7,8,20,28,32,34,52,55,62,79,80,87,89,98
random_eq,wave,1829,7,8,23,34,35,42,52,59,60,61,65,78,84,90,92,100
random_eq,wave,1830,8,16,25,33,38,44,45,46,47,49,63,66,67,75,79,86
random_eq,wave,1831,16,18,20,28,43,44,45,47,52,59,66,83,86,88,95,97
random_eq,wave,1832,11,12,19,20,21,29,35,39,49,51,64,67,68,82,87,90
random_eq,wave,1833,8,11,12,16,25,28,30,42,48,49,58,67,71,81,90,94
random_eq,wave,1834,4,9,12,21,28,35,36,70,76,77,80,87,92,93,95,97
random_eq,wave,1835,2,3,11,17,22,23,35,41,46,71,74,78,89,96,97,100
random_eq,wave,1836,1,5,6,7,10,25,26,52,55,61,64,81,84,91,94,99
random_eq,wave,1837,4,12,13,15,16,20,29,31,34,65,70,73,78,83,93,99
random_eq,wave,1838,9,12,19,25,48,49,55,61,64,66,67,79,81,85,87,95
random_eq,wave,1839,6,11,18,25,27,37,38,39,41,42,43,47,49,50,83,97
random_eq,wave,1840,3,9,11,16,25,27,40,42,44,46,48,52,56,63,71,96
random_eq,wave,1841,4,6,7,16,41,46,50,52,62,64,68,80,81,84,91,94
random_eq,wave,1842,4,16,18,19,25,48,49,54,63,64,66,67,77,86,90,95
random_eq,wave,1843,16,18,27,41,42,43,48,51,59,62,65,70,72,91,97,99
random_eq,wave,1844,2,8,13,18,19,21,37,41,50,52,57,67,73,80,81,95
random_eq,wave,1845,1,16,19,25,26,36,48,49,54,55,64,67,81,86,91,100
random_eq,wave,1846,3,13,14,27,28,32,34,36,39,53,65,72,75,76,82,88
random_eq,wave,1847,1,5,7,10,14,25,26,32,40,50,58,64,84,90,91,94
random_eq,wave,1848,7,10,11,14,21,23,24,32,36,37,40,50,64,71,94,100
random_eq,wave,1849,6,7,12,17,19,23,24,29,31,36,53,61,71,76,90,98
random_eq,wave,1850,6,18,24,25,32,37,45,47,51,57,59,61,66,70,83,96
random_eq,wave,1851,8,16,18,20,38,46,48,49,51,57,66,75,79,80,96,98
random_eq,wave,1852,3,9,14,23,37,39,41,46,57,64,69,71,78,86,91,100
random_eq,wave,1853,1,10,13,15,17,19,24,25,26,30,38,48,54,58,64,94
random_eq,wave,1854,1,4,11,21,35,36,45,58,61,62,66,69,70,76,82,96
random_eq,wave,1855,7,9,15,17,19,32,34,56,57,61,66,68,71,72,74,88
random_eq,wave,1856,12,15,24,29,31,36,49,62,71,74,76,80,86,89,99,100
random_eq,wave,1857,5,7,17,18,21,25,40,50,54,55,72,75,79,85,86,95
random_eq,wave,1858,11,24,27,33,39,43,45,51,52,62,63,74,83,85,89,95
random_eq,wave,1859,3,34,38,39,46,53,56,61,62,68,69,75,78,84,85,95
random_eq,wave,1860,8,16,18,24,27,48,52,57,59,60,63,66,75,88,95,96
random_eq,wave,1861,2,12,21,25,33,49,67,69,72,74,79,81,83,85,90,99
random_eq,wave,1862,8,12,13,16,27,31,38,40,44,52,63,75,78,84,88,96
random_eq,wave,1863,9,12,14,19,25,33,40,47,61,63,66,79,82,83,93,95
random_eq,wave,1864,16,17,19,22,31,38,42,51,54,57,65,72,78,93,97,98
random_eq,wave,1865,5,19,26,61,67,68,69,70,73,74,77,80,81,89,97,100
random_eq,wave,1866,8,15,19,23,35,41,52,55,59,74,75,77,78,87,93,100
random_eq,wave,1867,5,6,7,9,10,18,19,25,37,45,49,56,61,77,81,89
random_eq,wave,1868,2,6,7,10,12,13,19,40,51,52,78,79,83,87,90,92
random_eq,wave,1869,5,7,16,20,23,30,31,32,40,44,60,64,71,73,84,91
random_eq,wave,1870,6,17,23,31,37,41,46,47,59,61,62,65,66,68,84,97
random_eq,wave,1871,5,23,34,38,43,45,53,57,61,62,70,72,79,87,97,98
random_eq,wave,1872,2,11,13,17,20,22,34,39,41,43,44,56,62,74,78,80
random_eq,wave,1873,2,5,6,10,19,21,25,39,54,55,64,65,70,81,90,93
random_eq,wave,1874,4,8,9,11,13,20,30,41,43,50,53,69,78,80,82,98
random_eq,wave,1875,16,17,28,33,38,39,43,44,45,48,58,66,83,86,88,97
random_eq,wave,1876,14,15,18,20,32,35,42,45,48,62,64,79,82,93,94,99
random_eq,wave,1877,4,7,8,10,19,30,48,54,55,62,68,77,87,94,98,100
random_eq,wave,1878,1,3,5,9,10,17,20,21,26,40,41,46,61,64,77,96
random_eq,wave,1879,1,8,13,19,26,36,41,55,70,72,75,85,88,93,94,98
random_eq,wave,1880,6,16,25,33,42,56,60,61,69,79,81,84,87,89,90,94
random_eq,wave,1881,1,2,5,14,15,26,34,38,57,58,60,69,73,83,85,91
random_eq,wave,1882,14,19,23,24,26,27,37,38,44,54,63,66,67,68,75,77
random_eq,wave,1883,29,30,34,43,53,55,57,59,60,62,65,70,72,76,78,85
random_eq,wave,1884,1,2,5,8,10,21,26,28,30,45,51,58,67,69,81,90
random_eq,wave,1885,1,13,27,28,34,36,38,39,46,52,73,74,80,83,95,97
random_eq,wave,1886,10,12,13,25,28,29,35,39,52,77,78,83,87,92,93,95
random_eq,wave,1887,3,16,18,22,23,27,41,46,48,49,59,64,66,67,77,95
random_eq,wave,1888,3,7,8,11,17,21,24,29,40,46,62,63,71,78,85,95
random_eq,wave,1889,5,10,13,21,22,32,38,39,68,72,73,84,86,87,93,97
random_eq,wave,1890,2,11,14,16,30,32,33,50,63,67,80,81,83,88,91,95
random_eq,wave,1891,2,3,8,11,24,40,44,46,53,55,58,69,73,78,85,96
random_eq,wave,1892,20,28,33,38,43,52,53,54,79,83,85,86,88,95,97,98
random_eq,wave,1893,19,27,34,39,41,48,53,68,70,72,73,84,85,87,92,97
random_eq,wave,1894,12,24,33,37,38,47,53,67,70,72,79,83,86,88,97,99
random_eq,wave,1895,10,19,23,29,35,36,37,49,54,58,64,67,71,77,89,90
random_eq,wave,1896,3,4,8,9,15,21,27,37,41,44,49,62,63,77,78,80
random_eq,wave,1897,10,15,17,19,22,27,41,51,59,65,68,77,89,92,97,100
random_eq,wave,1898,3,17,26,27,42,46,47,51,55,62,77,82,87,97,98,100
random_eq,wave,1899,13,17,55,59,60,74,76,77,78,80,87,90,93,94,96,100
random_eq,wave,1900,1,5,14,24,31,39,43,50,55,58,74,75,85,86,88,91
random_eq,wave,1901,17,18,28,30,42,46,48,63,73,79,83,85,86,92,95,98
random_eq,wave,1902,3,4,6,9,35,38,43,52,56,74,76,78,84,87,88,89
random_eq,wave,1903,2,5,8,9,14,18,24,28,31,35,45,53,65,67,85,100
random_eq,wave,1904,9,16,25,28,35,38,39,44,45,47,66,69,72,76,93,97
random_eq,wave,1905,8,15,19,23,26,27,33,41,49,53,55,58,75,77,82,88
random_eq,wave,1906,3,13,26,27,28,34,46,52,57,59,68,74,75,80,97,100
random_eq,wave,1907,6,29,31,33,34,38,43,47,54,61,62,65,70,82,98,99
random_eq,wave,1908,3,6,8,9,16,18,25,27,30,32,48,59,66,70,77,96
random_eq,wave,1909,2,12,13,14,15,26,33,35,53,64,85,88,92,93,99,100
random_eq,wave,1910,6,7,12,16,22,28,33,38,41,51,52,66,79,86,97,98
random_eq,wave,1911,20,21,30,60,62,69,70,71,76,77,78,85,92,94,98,100
random_eq,wave,1912,25,26,30,33,57,59,60,67,69,70,72,81,83,85,91,94
random_eq,wave,1913,3,17,20,30,39,43,48,56,57,66,68,74,81,83,88,95
random_eq,wave,1914,10,22,36,45,49,51,55,61,72,79,87,89,96,97,98,99
random_eq,wave,1915,3,4,16,29,35,46,63,66,68,69,70,76,84,88,89,95
random_eq,wave,1916,1,23,26,32,38,45,48,57,61,62,70,72,74,75,76,98
random_eq,wave,1917,17,39,43,50,56,57,60,73,78,83,85,86,87,89,92,95
random_eq,wave,1918,8,11,18,23,29,49,53,54,60,62,89,92,94,96,98,100
random_eq,wave,1919,4,7,14,16,25,32,33,35,38,44,50,72,75,84,91,94
random_eq,wave,1920,2,5,17,18,20,31,40,44,45,53,56,57,73,85,92,96
random_eq,wave,1921,8,9,11,20,21,29,30,35,36,55,60,65,67,69,82,88
random_eq,wave,1922,16,18,20,22,28,31,34,59,60,61,65,66,69,78,88,97
random_eq,wave,1923,14,21,29,34,36,37,43,44,57,60,63,71,76,80,81,88
random_eq,wave,1924,18,19,23,25,42,45,48,49,57,59,64,82,86,90,95,96
random_eq,wave,1925,6,18,22,42,48,49,56,60,73,77,79,85,86,92,96,98
random_eq,wave,1926,2,3,5,8,13,16,35,38,41,52,63,65,73,77,79,96
random_eq,wave,1927,6,7,12,17,25,26,37,42,47,68,81,83,84,94,97,99
random_eq,wave,1928,7,10,17,18,19,22,26,48,51,54,57,61,92,97,98,100
random_eq,wave,1929,5,13,53,56,60,61,62,63,67,69,71,75,80,81,84,95
random_eq,wave,1930,3,6,10,22,25,27,28,33,38,39,41,46,52,69,89,97
random_eq,wave,1931,1,5,9,10,15,21,24,38,41,43,50,61,64,70,72,79
random_eq,wave,1932,16,25,31,32,33,34,56,58,59,60,61,65,83,84,91,96
random_eq,wave,1933,4,12,20,22,31,33,49,65,67,74,80,81,89,94,97,99
random_eq,wave,1934,2,3,33,34,41,49,53,56,57,59,82,85,90,91,96,100
random_eq,wave,1935,5,8,29,34,41,46,49,55,74,79,85,87,88,89,98,100
random_eq,wave,1936,1,9,10,19,24,25,26,33,49,54,61,64,67,72,81,89
random_eq,wave,1937,8,9,10,16,25,28,33,38,39,45,46,52,65,72,86,89
random_eq,wave,1938,14,32,36,38,42,47,57,60,65,67,72,73,79,82,83,86
random_eq,wave,1939,20,21,33,39,43,44,45,66,69,70,75,80,84,86,88,92
random_eq,wave,1940,1,2,17,20,24,31,36,40,56,60,71,74,75,80,91,96
random_eq,wave,1941,8,22,25,30,34,43,47,50,63,66,69,71,74,79,95,98
random_eq,wave,1942,3,6,7,14,18,24,25,28,32,37,48,66,75,79,80,98
random_eq,wave,1943,3,26,33,41,46,47,49,64,67,72,73,74,81,84,86,91
random_eq,wave,1944,9,10,14,20,23,35,38,39,43,57,60,65,68,76,89,90
random_eq,wave,1945,1,2,4,5,17,24,41,43,50,55,56,72,83,88,91,98
random_eq,wave,1946,17,22,39,41,43,48,50,51,55,57,61,66,68,85,95,97
random_eq,wave,1947,21,28,35,36,41,46,64,70,73,79,80,87,92,93,95,96
random_eq,wave,1948,4,16,38,44,45,47,57,63,66,67,68,73,83,86,93,97
random_eq,wave,1949,10,12,18,25,37,47,49,63,67,79,81,84,90,94,95,99
random_eq,wave,1950,16,17,22,38,39,41,42,43,44,48,50,51,57,58,86,97
random_eq,wave,1951,9,11,13,19,23,37,43,45,52,53,61,64,72,78,87,98
random_eq,wave,1952,8,16,18,38,39,45,46,48,52,57,63,66,75,86,88,95
random_eq,wave,1953,2,4,5,10,14,15,20,31,34,44,55,60,69,83,88,89
random_eq,wave,1954,1,36,40,43,45,61,62,64,66,70,71,72,79,82,94,99
random_eq,wave,1955,6,7,12,16,31,36,40,47,52,55,64,65,66,90,94,99
random_eq,wave,1956,5,7,10,12,18,21,25,40,49,56,72,75,84,92,94,99
random_eq,wave,1957,2,8,11,15,34,38,41,50,63,65,68,69,73,74,80,91
random_eq,wave,1958,4,7,15,22,32,36,45,51,53,56,57,72,85,87,89,92
random_eq,wave,1959,9,23,27,30,42,44,47,50,57,59,63,64,68,69,87,92
random_eq,wave,1960,2,14,15,19,23,24,36,42,54,71,73,77,83,89,93,100
random_eq,wave,1961,1,2,5,11,13,24,40,55,56,60,69,72,73,75,85,96
random_eq,wave,1962,10,11,17,20,22,25,30,33,40,43,44,50,66,89,92,94
random_eq,wave,1963,7,12,20,24,29,31,39,44,53,55,62,66,70,76,78,85
random_eq,wave,1964,8,16,17,19,23,30,33,38,39,54,65,67,72,86,89,90
random_eq,wave,1965,10,22,23,45,49,59,63,70,72,78,86,87,89,92,96,97
random_eq,wave,1966,1,5,9,14,27,32,34,38,50,53,57,58,67,73,76,80
random_eq,wave,1967,27,34,40,41,42,43,47,50,56,57,62,68,71,75,82,95
random_eq,wave,1968,3,6,17,21,22,27,28,32,33,37,51,59,77,80,87,97
random_eq,wave,1969,7,18,25,32,36,37,42,47,50,65,77,79,81,90,94,97
random_eq,wave,1970,8,21,27,28,33,41,43,51,52,55,77,79,82,90,98,100
random_eq,wave,1971,7,12,15,33,34,50,59,61,70,72,79,82,83,88,89,97
random_eq,wave,1972,2,3,8,33,34,41,46,49,59,62,63,73,74,84,89,95
random_eq,wave,1973,14,15,27,32,42,44,45,48,57,59,71,72,75,76,82,88
random_eq,wave,1974,6,22,36,40,42,47,51,57,60,67,69,70,71,82,86,97
random_eq,wave,1975,8,21,27,31,36,39,45,46,52,62,69,71,80,82,94,100
random_eq,wave,1976,3,6,10,13,15,22,26,27,33,41,46,69,73,77,81,97
random_eq,wave,1977,5,6,10,26,32,37,49,57,60,62,64,67,68,81,91,94
random_eq,wave,1978,4,5,6,12,17,18,19,31,42,47,64,65,67,73,81,86
random_eq,wave,1979,16,18,20,27,28,29,41,46,48,49,65,66,79,88,92,98
random_eq,wave,1980,8,11,13,14,20,35,44,50,55,62,67,69,74,78,85,94
random_eq,wave,1981,6,16,22,23,27,28,33,47,60,66,69,70,77,79,97,98
random_eq,wave,1982,3,4,15,21,27,29,34,37,41,46,70,72,78,80,83,87
random_eq,wave,1983,25,28,29,31,38,39,49,54,61,65,72,74,78,83,85,91
random_eq,wave,1984,10,14,22,28,33,45,63,69,79,86,88,89,92,95,97,98
random_eq,wave,1985,3,10,17,18,27,28,38,41,46,48,51,63,79,95,97,98
random_eq,wave,1986,9,10,13,17,19,20,24,41,43,44,48,62,71,76,77,98
random_eq,wave,1987,3,4,7,23,29,37,46,49,51,68,76,81,84,90,91,95
random_eq,wave,1988,17,28,30,36,39,43,51,60,71,77,82,83,86,88,89,100
random_eq,wave,1989,6,29,36,42,47,52,54,61,67,71,76,81,82,84,90,99
random_eq,wave,1990,2,5,7,10,30,32,34,45,55,70,73,83,84,89,95,98
random_eq,wave,1991,17,24,27,41,43,50,56,68,71,72,74,75,79,85,91,98
random_eq,wave,1992,9,11,16,23,28,35,36,39,47,54,56,63,66,71,93,100
random_eq,wave,1993,4,6,9,19,25,36,37,47,49,54,66,67,77,83,86,87
random_eq,wave,1994,15,20,25,26,29,35,36,37,44,53,57,60,69,71,83,90
random_eq,wave,1995,20,22,28,39,42,44,45,46,47,49,53,68,75,77,86,92
random_eq,wave,1996,8,12,22,31,40,48,49,66,68,71,80,82,94,96,99,100
random_eq,wave,1997,12,18,23,29,35,37,42,48,59,62,70,76,84,93,95,99
random_eq,wave,1998,2,6,12,18,19,37,39,42,48,49,51,64,65,73,77,81
random_eq,wave,1999,7,11,14,21,22,29,32,35,36,40,50,51,71,80,82,100
random_eq,wave,2000,7,10,12,19,22,25,30,31,36,37,59,70,72,86,87,91
